1.000000000000000000e+00,3.787320563661918382e-01,4.140306211993371455e-01,-6.639754106891205404e-03,2.814171294785939442e-02,3.151952000555622302e-01,1.355703651440182678e-01,-1.800824044951843395e-01,3.875535379408099473e-02,2.092448742915079263e-01,-4.831953396109950338e-03,-9.468453403394874734e-02,1.025481936825962392e-01,-6.626765261618144942e-02,-1.585962567359057163e-01,1.397973887730948883e-01,1.343869643997916419e-01,-1.685388624627658094e-01,-6.509752892000632285e-02,2.155458224454815941e-01,-4.479609628612312225e-03,-1.967399810227935253e-01,7.784864391249173010e-02,1.872773550849796964e-01,-1.178773467795743435e-01,-1.363781771006218613e-01,1.755008447850317510e-01,8.848174396664451602e-02,-1.830184937653861754e-01,-4.467080495166682839e-03,1.920862183682383317e-01,-5.239499803679864565e-02,-6.356649012580820046e-02,-2.136021678968025583e-01,1.131296457129969506e-02,4.092407979306386667e-02,-1.656823289858711246e-01,-1.715733495453169166e-01,2.476067761177683235e-02,-1.258558280673406082e-01,-6.976020859124013040e-02,2.411541438248796521e-01,4.047928626559844922e-02,-2.111017601102135322e-01,7.742435910471846816e-02,2.164495315214607918e-01,-1.168792000089145799e-01,-1.166258050859255851e-01,2.148120697164898618e-01,1.042027739168105982e-01,-1.667770698925798434e-01,4.281650481506088513e-02,2.611014517152370762e-01,-6.809985069268245650e-02,-1.547454121967351826e-01,2.034570243565787251e-01,1.630045115162301883e-01,-1.874284270596235369e-01,-2.620307080413668277e-02,2.641880857179058628e-01,-6.057173978308984068e-03,-1.892263023994491256e-01,1.187794219589585198e-01,2.251295345152833360e-01,-5.052417399041214674e-02,1.272740431354184854e-01,1.160421908660295293e-01,-4.446952075793955683e-02,-1.482497291245299109e-01,2.368118966367611933e-02,-2.999952287696010592e-02,-2.940080794977054449e-02,5.439091346135856153e-02,-2.017273221450356646e-02,-5.693863908075574159e-02,-1.586616421685001915e-03,1.261672402819875513e-02,-4.744193775770894073e-02,-3.774283912346118597e-02,1.146238978492662881e-02,-5.147404478441791782e-03,-5.501654628322974472e-02,-7.036578150299505063e-02,-3.571795787922086435e-02,4.425940731483229279e-02,-7.797501921765667698e-02,-2.033746173746597274e-01,6.633829527467333120e-02,1.449212368326997236e-01,-5.640031354485849913e-02,-1.206830845249839135e-01,1.660170044829971103e-01,7.186334611667764133e-03,-2.641491853545743229e-01,-1.870178769657185325e-01,-1.296578621153419153e-01,-4.241811839992536831e-02,-1.460172874246257746e-01,-1.171442056374348423e-01,-1.176106027730545178e-01,-6.675173416869074894e-02,-8.793973387695860899e-02,-3.739436613102142815e-02,-7.435035807735691782e-02,-2.267611498975284634e-02,3.809579110004568392e-02,6.714325348284713724e-02,-2.422603087244321052e-02,4.997310331863163285e-02,6.965873324748275697e-02,-7.237091651414977178e-02,1.415117710803353579e-01,-7.079849190274876969e-02,4.928627461733923326e-02,-8.568527476955967496e-05,-1.078172458768369701e-01,-3.728550800167107493e-02,-4.734900314154344425e-02,-1.686899094538850674e-01,-5.820920323787202866e-02,-5.002905669932255356e-02,-9.305348273829482098e-02,-1.080222629911725685e-02,4.483989287424425957e-02,5.796802155731001216e-02,1.878192957792328144e-01,8.463941458120363692e-02,1.747356129481885678e-01,1.719719701797783606e-01,6.443531228059946880e-02,2.137169404257959621e-02,-3.121121254625982763e-02,4.483299281960463623e-02,2.880185058330142489e-02,-2.214981265593468640e-02,-5.062525149237447758e-02,-3.969512744413936089e-02,2.434493315298102284e-02,-5.226284180561530102e-02
3.787320563661918382e-01,1.000000000000000000e+00,2.219715855560019102e-01,-3.831013998582507435e-02,2.469359685749742961e-01,3.610176865755529430e-01,1.551017269805323937e-02,-8.886948861433102698e-02,2.494234978260961855e-01,2.012326306092699357e-01,-1.021983091189383464e-01,3.572505290053540339e-02,2.450067228450566736e-01,-1.879735236426656464e-01,-2.167182271075593358e-01,3.131516074856726117e-01,1.842605713622192665e-01,-3.124164317883793007e-01,-1.518884165461491936e-02,3.888225770967855266e-01,-6.490757608988236005e-02,-2.973641402453334193e-01,2.241408265757724727e-01,2.897425205232372347e-01,-2.301176534983958855e-01,-1.517686971634520099e-01,3.508242208243529392e-01,9.638711841347820386e-02,-3.138006902475548587e-01,8.688090965752667816e-02,3.429449628464073530e-01,-1.088219553013835689e-01,-4.923735392159274415e-02,-3.349720468526554695e-01,3.415834369920216218e-02,1.539255030345272057e-01,-2.354682351439170429e-01,-2.928860888781388838e-01,8.786515371558403786e-02,-2.702374697302561968e-01,-1.673368014871330356e-01,2.975933402452796139e-01,3.761066824961127597e-02,-3.531399989563154818e-01,6.694727975596909131e-02,2.918339116816018319e-01,-2.088527994677973620e-01,-2.296611785198696964e-01,2.811234124968279846e-01,1.368469841210183113e-01,-3.122338800043150120e-01,5.785520410979488014e-04,3.024981294401804521e-01,-1.191873869713684919e-01,-2.313919115202639487e-01,2.300955746939439828e-01,1.746947680699392214e-01,-2.700882495969846309e-01,-6.044392023970357464e-02,3.083626466029594226e-01,-3.723999930865803942e-02,-2.784439925706865271e-01,1.231765776001254170e-01,2.678596943472248415e-01,-1.045341659556219133e-01,1.389523166004991706e-01,1.521241649988922806e-01,-8.834502179553088697e-02,-2.283631449859731544e-01,-6.081079165568548800e-02,-1.502355321896584051e-01,-4.705423704300197574e-02,2.343811817685938909e-02,-1.234212565394227912e-01,-1.120117580520399031e-01,1.271085272856542839e-02,-5.308093352326635067e-02,-1.629141961926582061e-01,-5.327977511558166374e-02,8.100070505802210025e-03,-1.091768740653698277e-01,-1.127624845674538717e-01,-4.749891435615126445e-02,-3.761217354609520946e-02,-6.948798526790805896e-02,-9.480521937073860261e-02,-1.797753964624475842e-01,4.689104529468093169e-02,1.381479398686561583e-02,-4.484984572877653841e-02,-3.706896186099157414e-02,1.361057216346833465e-01,1.397716678576734484e-01,-1.086887025126959810e-01,-4.909147237767765709e-02,-4.343883061926521322e-02,-2.777016623100236198e-02,3.584888792548838674e-03,-5.518798277968271770e-03,1.929701879706566953e-02,-8.253848350342650464e-02,-5.189234997554967310e-02,-6.166977080268250949e-02,-2.984631106705681186e-02,-2.906779811966295549e-02,3.342526917757521893e-02,1.115286282990288619e-01,2.564085439574654256e-03,-3.253553958750545275e-03,8.359842270194797753e-02,-2.445796510639473495e-03,1.786832521496308224e-01,-7.877653697075159833e-02,1.169707765456552140e-01,1.111719986435839441e-01,-9.936137629276017846e-03,-6.029467936818127399e-02,7.220628636886020080e-02,-1.108161995066112987e-01,-1.092879674648270516e-01,9.284204841363676020e-02,-3.482887383222076777e-02,-3.887325289221040849e-03,1.952529608014643980e-01,6.115509007231048622e-02,1.012111400846495840e-01,1.078465479681662564e-01,1.273062334622643288e-01,1.187560192317117930e-01,9.235052227051197826e-02,2.117420543534999366e-02,-2.512794137337988690e-03,9.902625048155237752e-02,8.336107622754967972e-02,2.372421426266026895e-02,1.932100867848127873e-02,6.360848612779469724e-02,8.357065740967710432e-02,9.426460556444691760e-03
4.140306211993371455e-01,2.219715855560019102e-01,1.000000000000000000e+00,2.322707927285851681e-01,-8.696354441596443330e-02,5.074826483793692944e-01,5.433979823944646848e-01,-2.463266608501921140e-01,-1.114478698992158318e-01,5.701443013126936687e-01,1.935308037332900688e-01,-3.400649346539688089e-01,2.171738540104413973e-01,2.042242390805808216e-01,-3.048304421681868881e-02,2.408597331162721025e-02,2.267533987848364685e-01,9.847161341581586735e-02,-5.887164832178300167e-02,1.460304663040517537e-01,2.099628398786286543e-01,-1.192956150060201122e-02,2.812200594025609460e-03,2.272496337098286745e-01,1.428627192403324475e-01,-7.803354560205709445e-02,9.017999361325612639e-02,2.392793531375250193e-01,4.019916307433358399e-02,-4.186786212645726701e-02,1.580689358154410140e-01,2.119611707156489888e-01,1.818841893224614481e-01,-1.145396587211291034e-01,-2.126234289376279785e-01,8.195603115550921525e-02,7.948778777813114704e-02,-2.179643230115221320e-01,-1.788025848334318935e-01,-2.638423662387595625e-01,9.874426448405454471e-02,1.866885731338173704e-01,-2.171601134392989463e-01,-1.520468710681923685e-01,2.251650731280522288e-01,8.296911812367642469e-03,-2.821542804086139555e-01,5.601557488677631758e-02,2.293967095137791901e-01,-1.644315510175816675e-01,-1.928226937891771853e-01,2.158481443947831702e-01,1.588505619599545338e-01,-2.842814270851398151e-01,-7.635755101109087395e-02,3.026609016701950483e-01,-5.003965444643797972e-02,-3.122434672096898733e-01,1.234326127941765550e-01,2.295542711969920102e-01,-2.463463271044541714e-01,-1.900782869987705792e-01,2.715331720765725709e-01,8.501389215288000789e-02,-2.457131451161689573e-01,2.008666498260846256e-01,2.228127434572557131e-01,1.667522244227402986e-02,-4.748105266639213173e-03,-3.501837786021234217e-02,-1.830274905364049076e-01,9.081241898961428527e-02,2.071249640526615088e-01,-1.617391934971626755e-01,-1.455863061223351962e-01,1.780022013932511527e-01,5.336899359801219184e-02,-2.208025010701555324e-01,-1.660691146042549528e-03,1.856057861674274001e-01,-7.215984221322929715e-02,-2.059113549749931327e-01,2.494512588604790720e-03,3.817539369187165910e-02,-4.790569483192150951e-02,-1.310544377834050589e-01,-9.577960997933067724e-03,2.365601993787641022e-01,1.029628603044362434e-01,5.819268160298168152e-02,1.351232253636545644e-01,3.458359854949457080e-01,9.722697537849749050e-02,-1.343545100653343316e-01,-2.369886526037209562e-01,-1.412647632809748144e-01,-1.272958505022152298e-01,-1.351245378132567565e-01,-1.726530055401923058e-01,-4.636346808807247089e-02,1.345328125789227794e-02,-3.359940945651409411e-02,-8.784845456228070407e-04,-2.394898340878942600e-02,-4.532073557190805652e-02,-2.001113236879475260e-02,2.096225946882690830e-02,-9.594255161925735464e-02,-3.642116138214410224e-04,1.636177468038976096e-02,-7.500525225151161157e-02,7.498788207616884083e-02,-5.523504933505386794e-02,4.686707047754909428e-02,2.251120887509480972e-01,-6.687155721287162125e-02,1.916112899338247022e-01,1.244540352364268826e-01,-2.073470464246292555e-01,1.660220804278610685e-01,1.338245234342190504e-01,-8.025966203871229276e-02,2.147396370994578974e-01,1.639731781647871256e-01,5.274551055850066478e-02,1.960283372044498429e-01,-2.540489138511100448e-02,1.598221453605779829e-01,1.135664950055162575e-01,-6.491291871949736447e-02,-4.919644901932050673e-02,-1.580606013509309737e-01,-7.513255636896713774e-02,-6.729490972434408469e-02,-1.277575901130028890e-01,-1.389878532545648360e-01,-1.369034190432912301e-01,-8.059669703369541638e-02,-1.509760670094877355e-01
-6.639754106891205404e-03,-3.831013998582507435e-02,2.322707927285851681e-01,1.000000000000000000e+00,1.630951207950321336e-01,-1.764175448472064256e-01,4.787925820495912421e-01,4.561907808215694415e-01,-2.569609586195372164e-01,3.757073559161097642e-02,5.685729727710818748e-01,8.046269890048138307e-02,-1.678193640915409124e-01,2.100004467405071351e-02,1.147558965146036752e-01,9.904522469334280099e-02,3.813178335450239514e-02,6.310478473042775704e-02,1.211863842716277284e-01,8.962248432285153943e-02,3.380310887597272329e-02,8.260567584591373136e-02,1.252696147245072888e-01,7.812352205573201702e-02,4.084372732279283741e-02,7.835764282490387256e-02,1.226556544719250019e-01,5.711880010980667499e-02,3.757787699832593892e-02,1.136418435207681987e-01,1.081217385077480608e-01,5.606841134169992386e-02,1.644932211640256214e-01,-1.159736683870954410e-01,-8.029578503526252353e-02,1.734871335186337904e-01,4.448045605447434325e-02,-1.735166889830370707e-01,-8.782138869613044865e-03,-2.507569411481586630e-01,-3.148132531036035298e-02,2.813214054142436707e-02,-1.232901829360346507e-01,-1.405027094651567776e-01,2.514670084667776362e-02,-1.949342592673106861e-02,-1.815908027568021443e-01,-6.497687588156450533e-02,5.991360295108052320e-02,-9.324689123632795562e-02,-1.785593163918436921e-01,2.380206096073248997e-02,4.544410455179023756e-02,-1.311014615309403220e-01,-1.077583736167763567e-01,3.130792910986331112e-02,-3.780352059574209472e-02,-1.306580462602167925e-01,-5.208979596076839663e-02,2.190932827329652652e-02,-7.638657441809024173e-02,-1.101794155902936639e-01,-2.504390072893145081e-02,-5.509900130230357615e-03,-1.103543208964369304e-02,2.537428246723669178e-01,-3.387070620765357531e-02,-8.505953222259653168e-02,-3.860900728704381307e-02,-1.326191088101580651e-01,-3.122392874759810089e-01,2.227589552648682747e-01,2.205216845250109192e-01,-3.067726830612876321e-01,-1.277900391528795643e-01,2.573844318931740038e-01,-9.145482173346118626e-03,-2.968564250108021718e-01,6.478622051626431455e-02,2.298027261622980766e-01,-1.988039605903108575e-01,-2.490274112964692144e-01,1.257446445612947494e-01,5.456901267093399593e-02,-1.828257572551436339e-01,-1.032926319010247507e-01,-1.114373326698158730e-02,-4.912771824310432911e-02,-1.178144359981915246e-01,4.327409978902861665e-02,4.973025264322025046e-02,-1.009486821194113468e-02,9.516429037033208305e-02,3.905825471998174148e-02,7.197947788480684502e-04,6.952165042898803167e-03,3.834996507171514746e-02,2.735063077707409682e-02,9.473028066138874936e-02,-5.845036981889399630e-02,-1.254216538577747619e-01,-8.059893816427339541e-02,-1.368384525113001682e-01,-7.825522110995529468e-02,4.566316828596764243e-02,1.013597311343716195e-01,4.106772140043329911e-02,-3.237438308068543019e-02,1.173857153694039535e-01,1.015234664131844100e-01,1.028262622014003841e-01,8.915996954800850527e-02,1.580941422692992426e-01,-4.245593527218417124e-02,2.915525674711184623e-01,1.020025446409148218e-01,2.324289530313740915e-01,2.471172223012200186e-01,-2.993242190826738217e-02,1.954453607205409726e-01,2.561468535060841267e-01,-1.682257961063379423e-02,1.966494031024564049e-01,2.855974729439829107e-01,1.230199124135080702e-01,1.332924066359414406e-01,8.438490062588237250e-02,-4.035077642882081532e-03,1.113652120373545967e-01,-1.169166690451690742e-02,-6.115333318762205400e-02,-6.224867589022591019e-02,-8.022995919597503134e-02,-9.412051654781178334e-02,-8.100141031932973912e-02,-2.631884891422943754e-02,9.518727438310807185e-03,-4.979757682806779107e-02,-2.148364801317430989e-02
2.814171294785939442e-02,2.469359685749742961e-01,-8.696354441596443330e-02,1.630951207950321336e-01,1.000000000000000000e+00,6.835565902417509165e-02,-1.302196070719133791e-01,1.865698177008879577e-01,2.620024079251749294e-01,-3.589187258185422280e-02,7.262031439208090425e-03,2.549490478892370571e-01,1.478957531501281508e-01,-4.750464968899406615e-01,-3.737253929452473422e-02,4.519847403762687343e-01,-1.188014079656679739e-01,-4.340715349546536705e-01,2.641920382083826624e-01,3.372090318075045001e-01,-3.994779156307390333e-01,-2.069548621047265502e-01,4.576083684304674826e-01,6.405891100095534307e-02,-4.761599235673060759e-01,8.894312014963758062e-02,4.524617022025689828e-01,-2.265687775626185063e-01,-3.620707597611650952e-01,3.563152409134159870e-01,2.463312681936165593e-01,-3.659551200296547457e-01,-7.084815693173496243e-02,-3.433486144051900446e-01,2.819213727822716953e-01,3.525774160888315301e-01,-2.959904394537237193e-01,-2.659154623290876374e-01,3.113123988804167852e-01,-1.790734918998754255e-01,-4.706363136009624748e-01,1.114041097952771231e-01,2.558139161116740889e-01,-4.094352383318455302e-01,-2.919141843057256880e-01,3.295641839719395949e-01,-3.294899565883154663e-02,-4.941785010419953994e-01,2.741266078176220547e-02,3.403843846315856569e-01,-3.243581115531460335e-01,-3.729332095914847378e-01,2.555583057887708676e-01,1.326228658399548621e-01,-4.418777923322485535e-01,-1.464382712370557171e-01,3.239698252204814000e-01,-9.787821908840649288e-02,-4.468389863789820615e-01,1.252539558974306855e-01,2.551691639787475596e-01,-3.613466387247134537e-01,-3.037557378081569559e-01,2.461965916386349151e-01,2.651064324544776668e-02,3.118492640151458023e-02,-1.381203104596298303e-01,-2.689445330138071633e-01,-1.293943250620880614e-01,-4.798574112272941533e-02,-3.517716813402697040e-01,-1.477541242009389744e-01,8.574197631243694884e-02,-1.621581306444760950e-01,-2.760482337488682214e-01,-1.606704800866315397e-02,1.105620788050523488e-02,-2.684053029256979750e-01,-2.045685855425933841e-01,6.618062298862752157e-02,-8.984392016306173845e-02,-2.977192262246811105e-01,-1.454161880060319545e-01,-9.713762687000572493e-02,-1.369164886470535802e-01,8.597692890383418218e-02,-5.343086972290922443e-02,-4.237884133222757227e-02,1.015696771509524456e-02,5.472654066161526665e-02,1.822668973458437328e-02,-3.598873704927859490e-02,1.312629096156982811e-01,9.189170556531414680e-03,3.121163012676631335e-02,-2.401531136750562415e-02,8.561999231883955785e-02,-6.822957748800938249e-02,2.484125147170462497e-02,-8.108095607254592330e-02,-9.342648986215995599e-02,4.673593633501205158e-02,-7.792434385758112425e-02,-4.302361457161210656e-02,7.421214829161491833e-02,5.314503731648953511e-02,1.060082391089526704e-01,-8.661604709657111378e-02,-1.151181916226482957e-02,1.589750565427603124e-01,2.016292922460618253e-01,2.873341692405308456e-01,1.446700824098243188e-01,2.480419479464920085e-01,2.235260796419324125e-01,2.514424262821239875e-01,1.349114153553668261e-01,2.868591514321523483e-01,1.877388451315900597e-01,1.169126023496484396e-01,3.329363791021128227e-01,2.426853791206146360e-01,1.570496210605214216e-01,3.377084912973822850e-01,2.667743640881728440e-01,9.545996280184952665e-03,2.115695149132217345e-01,1.244832584272881765e-01,4.661380844557932307e-02,1.539105457763170759e-01,-4.050701526272907499e-02,7.635404584537653673e-03,1.071506534953548251e-01,3.775426212223981920e-02,2.481544574163170938e-02,1.762814083134236695e-02,9.633884208034783347e-02,6.440747162687393557e-02,1.091044849408245518e-02
3.151952000555622302e-01,3.610176865755529430e-01,5.074826483793692944e-01,-1.764175448472064256e-01,6.835565902417509165e-02,1.000000000000000000e+00,4.947817598860060340e-02,-2.603515334172264439e-01,3.979925600019248444e-01,4.207271055184048647e-01,-2.293170452293785688e-01,-2.222546480132957247e-02,5.001909485289187662e-01,1.196784064404639025e-01,-1.890770251897684329e-01,1.551059145798882877e-01,3.350909825193016389e-01,-6.405434992300497454e-02,-1.128436422493375862e-01,3.198530344059791197e-01,2.030399587240005743e-01,-1.916875945594573027e-01,5.937642426974752002e-02,3.688942731382340856e-01,3.801796752876266533e-02,-2.006464923762762420e-01,2.228256792955017329e-01,3.047803867621581286e-01,-1.322284394233957661e-01,-5.186738572030774597e-02,3.265643052214827757e-01,1.628040789443693515e-01,9.314445444162433585e-02,-2.709155940834931386e-01,-2.061917356601634665e-01,7.235583309530707607e-02,-6.124753326261789255e-02,-3.166145461716881049e-01,-1.784695618989727284e-01,-3.260969149347605622e-01,7.568743335691351104e-02,3.371578102181017056e-01,-1.939773168768981482e-01,-2.707206158390914608e-01,2.962795181487918317e-01,1.533513662754025231e-01,-3.484297429465820772e-01,-2.123585302977536171e-02,3.713789796891301953e-01,-7.621401124146762185e-02,-2.854210888822275582e-01,2.405296657711499808e-01,2.644624851226789475e-01,-3.060142600014145731e-01,-1.295769529602454062e-01,4.202264093894923502e-01,1.239951488468951819e-02,-4.100859639637869924e-01,1.498005777160067720e-01,3.691966421853919988e-01,-2.644693701455123058e-01,-2.665245831448378455e-01,3.709402104180908322e-01,2.104751849660513041e-01,-2.888238036547718379e-01,4.755810064292846639e-02,2.963701694393744979e-01,-2.493920490078269450e-02,-7.974415325685786649e-02,-4.149425762017322494e-02,-7.749102568995045424e-03,1.304165082421751901e-02,1.213731371976162904e-02,-5.313271522018309101e-02,-6.914524500215517462e-03,5.077271581328999389e-02,-6.438193468850712808e-02,-8.742163019324526718e-02,3.813058342885611990e-02,6.386350092839245679e-03,-9.591544322029847691e-02,-6.251677917577755372e-02,-1.072909603241261334e-01,-1.656967286954507679e-01,-1.001056192882006785e-01,-6.144470805732590163e-02,-8.102820002354145512e-02,1.210893027387684312e-01,1.218944337888422935e-01,8.450181260694192287e-02,-1.500918163502594450e-03,2.365959360389136845e-01,5.749101392925244636e-02,-1.339997731666405234e-01,-2.117253709251690763e-01,-1.413333856856081872e-01,-2.014286873811937384e-01,-7.162339036324069652e-02,-2.082611329634572739e-01,3.583979775875881235e-02,1.243019740754854469e-01,9.162205847238269474e-02,1.450096358154757403e-01,6.183223269332949884e-02,-3.680012681655068368e-02,2.349344653203763039e-02,3.514890417118028687e-02,-2.982527642822448491e-02,-7.103167714217734942e-03,-1.069913861833878335e-02,-1.641647328288206586e-01,1.837912971983076890e-02,-2.285941935916846468e-01,6.701420683208196560e-02,5.180611781472291288e-02,-1.961029025528750747e-01,-4.560286644048548027e-02,-5.717898831874443366e-02,-2.897353873378022415e-01,-7.037908391318563328e-02,-5.669370972400211012e-02,-1.939743636599677301e-01,8.148915752438172511e-02,8.212122467060047060e-02,-4.737184027354008481e-02,6.924419374792563364e-02,-1.286373832774249937e-01,9.273562090743291131e-02,5.255015808952289737e-03,-9.143185646894719243e-02,-6.545555173220715672e-02,-1.806981353136454804e-01,-4.789758690913281658e-02,-7.682808161829794702e-02,-1.029383923882915552e-01,-1.583046618157481489e-01,-1.000488316589835114e-01,-4.539913490571059057e-02,-1.526273741159144826e-01
1.355703651440182678e-01,1.551017269805323937e-02,5.433979823944646848e-01,4.787925820495912421e-01,-1.302196070719133791e-01,4.947817598860060340e-02,1.000000000000000000e+00,1.013405160087891416e-02,-5.619865977682665381e-01,4.743003259747072264e-01,6.512044214361193406e-01,-4.284020263526026051e-01,-1.649042831487951000e-01,6.313345827530460197e-02,1.561299762792341464e-02,-3.285995934932305768e-02,4.106665012821063970e-02,5.391423969645349479e-02,-1.573100358215526184e-02,7.605461038356500260e-03,5.330075047510709346e-02,2.243758665917678502e-02,-8.913624930139422281e-03,4.263917733723718295e-02,5.120296217075134826e-02,-1.126615173977613474e-02,7.493432217299094041e-03,5.802948404938387122e-02,3.403773473035339586e-02,-8.034608917920439686e-03,9.917818853807294083e-03,4.959965238169791735e-02,7.208676574441988394e-02,-7.472744277249540948e-03,-3.673956810702732473e-02,3.903893979093511768e-02,3.252264993475299792e-02,-4.072343034284165580e-02,4.184789644520522413e-03,-1.110357720163928225e-01,2.623574073153735892e-02,5.783717159479069558e-02,-5.395725323609151802e-02,-3.831687334323443522e-02,5.189098116912888720e-02,-1.465235844480147439e-04,-6.736217057824009369e-02,2.677363787863857106e-02,5.946717244652920120e-02,-5.655836514804063464e-02,-4.312027287352324101e-02,6.470871981734324652e-02,5.758764146020405733e-02,-7.534408226456536239e-02,-3.524617421245640481e-02,9.156905875346058044e-02,-7.392865135304932389e-03,-8.881255811971369707e-02,2.410120482748624032e-02,6.251331193154821553e-02,-5.924787197150798573e-02,-6.405030003608189193e-02,4.496180263676147204e-02,-1.060483895219880950e-03,-4.931999323415628411e-02,2.679277652222978312e-01,1.244876885684099467e-02,1.256424624166145067e-02,3.056581527082291930e-02,-2.255004494971548853e-02,-3.286193939036114453e-01,1.603701481088014580e-01,3.478400588847061492e-01,-2.204438331197977330e-01,-2.369748527012049411e-01,2.725996759415439952e-01,1.401550170803931572e-01,-3.058232895358432568e-01,-3.085112685791002035e-02,3.265674902030129001e-01,-4.992529774410260635e-02,-2.938099167816741186e-01,1.223376222764502586e-01,2.255479714699015759e-01,8.943809425779351494e-03,-9.096430987259268575e-02,7.025896767474273941e-02,1.927081575798713919e-01,-6.298244670781916188e-02,-1.228574737351494604e-02,2.033009082262240697e-01,2.369108438701947317e-01,1.460643163395775601e-01,1.180408816139399616e-02,-1.313856387244208002e-01,-8.512281421206749354e-02,-2.094391735231599869e-02,-7.134099519515998966e-02,-2.556300776579942952e-02,-5.983502057863585716e-02,-9.433193260086940313e-02,-1.264843718610024759e-01,-7.837930032784273804e-02,-1.036175249367014967e-01,-7.974030765287137834e-02,-9.367996707214880370e-02,-6.748058463653600070e-02,-1.668055690383686285e-01,-6.528211686594051488e-02,-4.969953841721923282e-02,5.111638610880533257e-02,4.505609893451352488e-02,1.527849593564661046e-01,1.279529663703698941e-03,4.151780691901817977e-01,1.254986703257583436e-01,2.843399413349032012e-01,3.440887667772496439e-01,-8.854229278140425541e-02,2.363843864912540671e-01,3.335112605089012860e-01,6.224220923910354225e-02,2.457246904147342981e-01,3.163299134052363071e-01,1.476938385196239489e-01,2.212750588763798543e-01,1.359010087170972603e-01,1.624177839683434987e-01,1.630632884271124572e-01,6.756007348222334286e-02,1.447275643526136496e-02,-3.932224085506606098e-02,-2.548252072066388776e-02,1.704108222567758679e-02,-1.139520661319723960e-01,-3.061011321429822629e-02,-7.245772667650728083e-02,-4.366349823605288061e-02,-4.257780518712572793e-02
-1.800824044951843395e-01,-8.886948861433102698e-02,-2.463266608501921140e-01,4.561907808215694415e-01,1.865698177008879577e-01,-2.603515334172264439e-01,1.013405160087891416e-02,1.000000000000000000e+00,3.655452156167004248e-03,-5.269738510689369049e-01,4.902116325140211672e-01,6.375763490730497196e-01,-2.933875728492483237e-01,2.223957071937154167e-02,-4.818481787086573154e-02,1.375557042143518149e-01,2.031186625526678613e-01,-4.983798775954742521e-03,-1.962777203628258103e-03,2.089359589398354922e-01,1.324077327640136026e-01,-5.017625319768700271e-02,7.600387723604246082e-02,2.273910285017004262e-01,5.421474503608052914e-02,-6.302131516632075714e-02,1.645603860914886807e-01,1.980465836407882818e-01,-3.218992859053988048e-02,1.709815726416967843e-02,2.360636889600568333e-01,1.081533915978968585e-01,1.087091141369462693e-01,-2.111230208330641400e-01,-1.650752134078561362e-01,9.513474100344297690e-02,-2.295262187983896154e-02,-2.228884699246121981e-01,-8.032640270289496953e-02,-2.792760748023077055e-01,4.909399842620539023e-02,1.293029590791976435e-01,-1.925681391498979822e-01,-1.662031717776200901e-01,1.624775414836950316e-01,1.985973126877611447e-02,-2.630698581448694395e-01,-9.934235543892062925e-03,1.943943826059248703e-01,-1.216189125791047043e-01,-2.085051545933732653e-01,1.388139120695088269e-01,8.044380041842522089e-02,-1.834044435449583288e-01,-6.161254118996008916e-02,1.588963004300617543e-01,-5.633776385215005095e-02,-2.078847546633988963e-01,6.344863665360438165e-02,1.082337981436955060e-01,-1.567930952831924629e-01,-9.588619324668200272e-02,1.175753182629984545e-01,5.682067573118825682e-02,-3.264179982402374419e-02,8.922638014655398520e-02,1.056165681781854188e-01,4.858413330399499047e-02,3.772513105526518334e-02,-7.500632093691887714e-02,-1.828060773725371790e-01,2.580850372977309126e-01,1.546470410333506684e-01,-2.147125874692801806e-01,8.692441091442027964e-03,2.568039587215046327e-01,-4.138888796490702848e-02,-1.808206238176561231e-01,1.658286088128689828e-01,1.833706201903187449e-01,-1.411407617641280698e-01,-8.429397950134732975e-02,1.426329050317594049e-01,-6.798563729676443401e-02,-1.630062471799164359e-01,-7.393363515241171968e-02,-1.615547929366974167e-01,-2.543313224869648836e-01,-9.082129076878264762e-02,-9.559005973611724161e-02,-2.656006476396469695e-01,-2.161526451281729211e-01,-1.057876403727892600e-01,-8.120011767543927617e-02,9.993000984761969685e-02,2.113012101916419277e-02,-1.482334423432363213e-02,1.301743610700431264e-01,1.700848747477050893e-01,3.333539792206578756e-02,-1.286078100739996947e-02,-3.415044520165858629e-03,4.820365500871004460e-02,-4.563454617222619664e-02,5.956572948336811418e-02,1.930208009131834102e-01,-1.878409509307224848e-02,2.797436421552764590e-02,2.079889345529431777e-01,-1.148433866812514047e-02,-5.993278471090018010e-03,-7.720803716269257488e-02,7.891819052501492307e-03,-2.277290793917347567e-01,4.463990633663682261e-02,-7.553175678781284819e-02,-4.083954238946960885e-02,-3.058625639156277963e-04,-1.106942548780725788e-01,-5.609043645624508384e-02,-1.415055274959260874e-02,-1.463925758887906770e-01,-1.724776185765224470e-02,8.859613658852705242e-02,-1.167646465590206767e-01,3.513851255983053024e-03,-6.399545202783817055e-02,-2.406870650649181320e-01,2.637265022476499576e-02,-8.317218687493202478e-02,3.668942573508123927e-03,1.505901130964539501e-02,-1.543833401913236314e-01,-9.076983224897297586e-02,2.833439605623601365e-02,4.047566657705376630e-02,8.715494783986159344e-02,3.424531392418053970e-03,4.422392786844193957e-02
3.875535379408099473e-02,2.494234978260961855e-01,-1.114478698992158318e-01,-2.569609586195372164e-01,2.620024079251749294e-01,3.979925600019248444e-01,-5.619865977682665381e-01,3.655452156167004248e-03,1.000000000000000000e+00,-2.206934427852831268e-02,-5.485801487852952629e-01,5.191402774145944532e-01,6.253423312033148385e-01,5.671678352259830469e-02,-7.973272621130403359e-02,2.718284523874439640e-01,2.745884460816958583e-01,-4.910875273009607245e-02,4.410758840077372289e-02,3.407702256543772568e-01,1.421357302725575755e-01,-9.008249995598252569e-02,1.871670346219928005e-01,3.164603681541350300e-01,2.804657994358001824e-02,-5.381072467412258142e-02,2.892672198673200690e-01,2.336793298470254965e-01,-7.267596110364563100e-02,8.636246541683299804e-02,3.315916196463517540e-01,1.755380754112360331e-01,1.983480816077536069e-01,-2.998400083795730864e-01,-2.426608923064546286e-01,1.837265505026111634e-01,1.684473935829623780e-03,-3.826490645765310283e-01,-2.155458698423989850e-01,-3.404205542680691643e-01,-8.591024507519470950e-04,1.989862675655497959e-01,-2.469022201077240297e-01,-2.978946178065899897e-01,1.961947127095999832e-01,6.348330335544531688e-02,-3.903562015654403194e-01,-9.253736893722004642e-02,2.736219419122217222e-01,-1.211516832813513272e-01,-3.579294475541669462e-01,1.423776950573428235e-01,1.346479544661651484e-01,-3.312333974594015573e-01,-1.376784148308305422e-01,2.387002390566978494e-01,-6.606677100024337113e-02,-3.480009427110984932e-01,5.899652643415352615e-02,1.944395137737739421e-01,-2.612511094348296536e-01,-2.276024540849935496e-01,2.297085934685398068e-01,1.066078581184840834e-01,-2.705228850356657944e-01,-1.093526140049046469e-01,2.672839110598053125e-01,-5.986196947058670947e-02,-7.788367595857761949e-02,-1.001349447299351297e-01,1.335588307913949946e-01,-8.606666646319219294e-02,-2.645098286267417165e-01,4.301796675453894298e-03,1.511288128334969949e-01,-1.547907045258791192e-01,-2.452850230736341730e-01,7.355038403456339025e-02,6.316730736967415827e-02,-2.590964548434336878e-01,-1.600052918263269175e-01,1.023509241822796317e-01,-1.240839100754201896e-01,-3.162320914757192347e-01,-1.031531228464540179e-01,-2.148504573258697148e-02,-6.432454538658638477e-02,-1.329205983612254949e-01,5.045948306913444759e-02,1.036474694120236573e-01,-1.418116710388136192e-01,-2.462270174993754987e-02,-2.165608435568229170e-02,-1.096906284962142764e-01,1.969642993918733001e-02,-4.920907110709472898e-02,-1.561664866734601698e-01,2.034590142265375184e-02,-4.651203541299093330e-02,9.380646600016756542e-02,1.530487982738789610e-01,1.904278893214419732e-01,1.124379126044640215e-01,1.392482248116522214e-01,1.108650020865074165e-01,1.982253990163510282e-01,1.705290177883865277e-01,1.982330105513488983e-01,1.589639715470663184e-01,1.408782681285785654e-01,-1.007416741334344334e-01,2.549085876281117699e-02,-2.278606887510560008e-01,4.361447208838338530e-02,-2.122974441669151224e-01,-1.828391276995620651e-01,-1.614994022995475953e-01,-2.373599880876660628e-01,-8.160807399767046333e-02,-1.562604079117192735e-01,-2.529398357287814258e-01,-1.439374871986096871e-01,-6.103706301265780787e-02,-1.553929549990103742e-01,-1.017293758706770135e-01,-1.400265835880050158e-01,-2.143223633645066628e-01,-1.055764822021891258e-01,-1.487361760311811387e-01,-1.730596197020247140e-01,-5.886879976771734052e-02,-1.055247164944203564e-01,-5.801292176821346014e-02,-1.286912725907697896e-01,2.485412774771616692e-02,-9.870576106823157614e-02,2.941547536234814450e-03,6.638673413850481979e-03,-8.422367432319161074e-02
2.092448742915079263e-01,2.012326306092699357e-01,5.701443013126936687e-01,3.757073559161097642e-02,-3.589187258185422280e-02,4.207271055184048647e-01,4.743003259747072264e-01,-5.269738510689369049e-01,-2.206934427852831268e-02,1.000000000000000000e+00,-1.460654856872605108e-02,-5.873448949472116487e-01,5.262226488162732307e-01,1.206114316522075153e-01,-1.651487294700012751e-02,5.714585324734910987e-02,1.306699604137491200e-01,3.697122575166070235e-02,-3.355889564460603613e-03,1.138620341333423519e-01,9.815072469500929486e-02,-9.825727800349555105e-03,4.940258822952141998e-02,1.379826961076673630e-01,5.900888764772473788e-02,-2.772974555560655738e-02,9.356507340423933505e-02,1.252072823901699550e-01,9.226908296183472524e-03,1.783665967019177831e-02,9.925574849740625982e-02,1.265332447764166979e-01,1.411429990640660215e-01,-6.201919415050765466e-02,-1.299865525762870788e-01,8.882314618333590761e-02,7.912211773951018101e-02,-1.452972305534636910e-01,-1.280166887035935619e-01,-1.485509758344665809e-01,1.911043097059158397e-02,7.907958881034457543e-02,-1.299107976235561457e-01,-1.011028840659604078e-01,8.837780603532273405e-02,-1.756270336987390476e-02,-1.676206483141028103e-01,3.040933809445078243e-03,1.027104930553209561e-01,-1.003549290158521901e-01,-1.377042661042306715e-01,8.915520006050080271e-02,5.187809424010918907e-02,-1.211068675006969630e-01,-5.142737592538534214e-02,9.215234584641125715e-02,-1.965121765307752469e-02,-1.177298597175587269e-01,1.399998289475659977e-02,7.157906250644917312e-02,-9.445433645574219383e-02,-1.080203699085981184e-01,8.386298984728535189e-02,4.605827089757329879e-03,-1.701830009836632629e-01,1.269008004358915254e-01,7.112375977834806129e-02,-3.974460306829918910e-02,-9.814512406437119266e-03,-5.599225753173202313e-02,-1.333914206667241864e-01,-7.448285988885895714e-02,7.018428295906906089e-02,-9.038974370747429599e-02,-1.582807097766782689e-01,2.420026210188907113e-03,2.449990949495738958e-03,-1.512854525717727272e-01,-1.075130563930786209e-01,3.971401756865663296e-02,-7.516957661913567512e-02,-1.799262308164240043e-01,-1.768754469267310586e-02,8.726910310690649819e-02,2.520612964839275341e-02,-3.932374449027542518e-02,1.683650952794427391e-01,2.731958822042097057e-01,4.087044568877662605e-03,1.598258739701591546e-01,3.309909846272287015e-01,3.499672499243666746e-01,2.294620251625011653e-01,3.514430899413172049e-02,-1.533602964951481518e-01,-9.272022730275855662e-02,-8.340046500678988117e-02,-1.406292960391155589e-01,-1.591571988481387256e-01,-1.446824542535478028e-02,1.666432022544384745e-02,-2.808579159216985800e-03,-3.736615612497265482e-02,2.185543722236079484e-02,-7.506190684960147019e-02,-1.053713416159062777e-01,5.647000040924187586e-02,-3.304607542631302075e-02,-1.173521789913046925e-01,5.773146331879545901e-02,1.275401643940331058e-02,1.335381242150174563e-01,1.721420362139276447e-02,2.075071571625053402e-01,2.680667219212817809e-01,8.904486122382260227e-02,2.198924828618051552e-01,2.175884546978444911e-01,-1.999898847091078485e-02,1.809663420164827341e-01,2.035514416574160657e-01,8.503070940562178215e-02,2.189915052905529458e-01,1.529186554324235836e-01,1.683416519286358437e-01,9.967239170356784195e-02,4.424591407124052467e-02,2.608675039274722107e-01,5.073049880637307829e-02,1.815337738281149263e-02,-3.209638811787342283e-02,-1.160101103786845972e-01,4.531868617520974640e-02,-5.574285295946199842e-03,-1.333701687744715536e-01,-1.154357217357288579e-01,-1.275091789200585857e-01,-5.405885647940519151e-02,-1.181413711813555506e-01
-4.831953396109950338e-03,-1.021983091189383464e-01,1.935308037332900688e-01,5.685729727710818748e-01,7.262031439208090425e-03,-2.293170452293785688e-01,6.512044214361193406e-01,4.902116325140211672e-01,-5.485801487852952629e-01,-1.460654856872605108e-02,1.000000000000000000e+00,-8.753988274512481196e-03,-3.962802253525741780e-01,3.916141526586243947e-03,5.803972889187133249e-02,6.793426769905194784e-02,5.733916325326150754e-02,3.894526667885769844e-02,6.042319963705176239e-02,7.644386766295445390e-02,4.336372647185084139e-02,5.367335292695166182e-02,7.103956468679457903e-02,7.223071994704088894e-02,4.513394001627926699e-02,4.600867354993883745e-02,8.113423137707946597e-02,6.803935372482448896e-02,4.786299126359052497e-02,6.974391077533351191e-02,7.156381976328086980e-02,5.321304998575949324e-02,1.251989741718941840e-01,-7.894379301031223539e-02,-7.355473805672123333e-02,1.129311466453160884e-01,4.894260511235862948e-02,-1.077824794697330585e-01,-1.697755682230063165e-02,-1.632800363397436394e-01,-1.131098612801381513e-02,1.270762174964894416e-02,-9.994219374981139214e-02,-7.811219348537395968e-02,2.334493131169420449e-02,-4.105774801973885446e-02,-1.187910007279471408e-01,-6.442981592653647047e-03,3.530941533542324845e-02,-9.632563290319637317e-02,-9.803307228096348747e-02,4.318267143250368451e-02,3.428452499873271830e-02,-6.653394311746835266e-02,-7.212306027714253387e-02,3.115470870408397833e-02,-1.561703003961253250e-02,-8.845425149906734064e-02,-3.341012225936854096e-02,2.342303821527596391e-02,-3.981426761884120091e-02,-7.468122311962034632e-02,-2.915592081664049318e-02,1.885193403800628420e-03,1.995631117708148924e-02,2.326636796110088667e-01,-3.845160716464777334e-02,3.919576881007727498e-02,3.799584795227740203e-02,-8.143129392111182752e-02,-3.681500865401298173e-01,2.593993014152279897e-01,3.355023252437557835e-01,-2.956431152556104891e-01,-1.930034668968870493e-01,3.328143382412339091e-01,8.526912383624003777e-02,-3.422616049508881431e-01,4.789045607215866585e-02,3.444659393527874647e-01,-1.144004769325961818e-01,-2.769263918635522792e-01,1.787794659393580898e-01,1.397092106706152859e-01,-9.136171978082534284e-02,-7.732096089502481229e-02,-3.976303879698336180e-02,-1.122563813265835958e-02,-1.010398083475611969e-01,-5.539196225819876390e-02,1.204337572639762807e-02,1.380969918016886240e-02,4.840843654823481779e-02,-3.737790488883897116e-02,-3.520815084643276471e-02,-4.700419876042094547e-02,-4.470928987373386058e-03,7.016432657121961410e-03,8.939740372305440830e-02,-5.260423335873000428e-02,-1.103611949774874479e-01,-1.250711345770936511e-01,-5.920849221625699293e-02,-1.307849876890964103e-01,-4.177348196957628851e-02,1.082421445417472081e-02,-8.793882281821285840e-02,-1.351716696469113521e-01,4.721307867801856351e-02,-5.857880626862024820e-02,3.575934553835587171e-02,-1.344534476666116654e-02,1.381638311695038701e-01,-1.313646907270090147e-01,3.537330021360677867e-01,8.688249388820258601e-02,2.318191128027048686e-01,2.871023179486055232e-01,-7.030507512649727953e-02,1.956734073865925017e-01,2.840734443705157375e-01,1.199602166178445617e-02,1.754274182644091074e-01,2.751364440444328263e-01,8.036814411653685208e-02,1.502038848440923891e-01,1.050087081251101229e-01,1.877413779300662888e-02,1.495389194162691782e-01,5.045469559853012209e-02,-3.327778635357748170e-04,-1.807900550957858982e-02,-8.311520730421051439e-02,-6.755884133914118704e-03,-9.224608881290902174e-02,2.687946692179587604e-03,-2.436838035780562045e-02,-4.163746466950701136e-02,-2.182619542459109975e-03
