1.000000000000000000e+00,5.356325178919266738e-01,5.157718072231878281e-01,3.150064214835321397e-01,1.706809309325622304e-01,-1.676695181727372308e-01,1.261501750036780889e-01,2.492206906529278732e-01,-1.324056826220443572e-01,-6.491601478973625661e-02,2.464753058641313554e-01,5.502804611737882601e-02,-1.677000929317107314e-01,1.157498196571089127e-01,2.090768871064166146e-01,-9.883117801857395357e-02,1.022415514658132074e-01,5.969153574952164483e-03,1.933904613035804243e-01,-4.083142769652042814e-02,7.067049864766059702e-03,8.695181138470925442e-02,-4.593043587783234710e-02,9.822368743109749500e-02,1.373274929011774892e-01,-1.024971426641122646e-02,-7.591527778494452927e-02,-8.453318002334922476e-02,7.036406240287695901e-02,-2.715479058320410116e-02,-9.400075836604607216e-02,8.699221701582494914e-02,3.201799157555208775e-02,2.670823482402595594e-02,-3.358497750992363307e-02,-2.618303987278255626e-02,-3.925133538340461192e-02,-7.207801201984061212e-02,-4.843227152497547178e-02,3.944638574936840114e-02,-3.149354503712391284e-02,-2.899337810560422002e-02,-4.246109052666415667e-02,-5.485860670823591856e-02,-1.348082188321703678e-01,1.166629357169491898e-01,2.061921490544218333e-02,4.562971358779006892e-02,5.808885437363240506e-02,1.009468393276768405e-01,-9.858118979052565845e-02,-2.139481387612008137e-02,-7.130665816739432950e-02,9.755422673584082660e-02,9.055880088028582520e-02,2.929441055918336964e-02,-3.865906540653141210e-02,1.724602940587608157e-01,2.093004738508430496e-02,8.175914401765477235e-02,-7.667771377293204627e-02,2.340345816384162628e-02,8.931218812676845753e-02,6.518714281441818914e-02,1.430814896107433787e-01,6.070854928072966228e-02,-2.320020065779543686e-02,-1.269750137327887440e-01,-1.000215874536994343e-02,4.750431475971384626e-02,-9.182600206322862058e-02,-9.087187343935768102e-02,3.689917046419262381e-02,-2.453083365918389515e-05,-1.035934540020134881e-01,-3.735463363806582060e-02,4.880358443578192845e-02,-7.009244797474085964e-02,9.999765821599848614e-02,-1.666625362506208435e-02,-7.581866193743878879e-02,8.465203390956235405e-03,-7.754066028663239574e-02,-4.737109653452221958e-02,3.601752212938971048e-02,8.429819720915039671e-02,4.414487069057905153e-03,-3.035611147188552704e-03,8.117493719932315777e-02,9.275223082652504780e-02,-1.011734617658780061e-01,1.976034748512781741e-02,9.739115433815567768e-02,1.032007229710816126e-01,-2.963002797689502643e-02,-7.761608327476651747e-02,-1.031797460123612675e-01,1.005201624014124273e-01,-3.015371482755789187e-02,-9.905529743755998873e-02,1.705530092956967711e-02,1.000257087964699643e-01,5.748872488569625738e-02,-9.995694400914963140e-02,1.001004821358350005e-01,-4.810678505344110484e-02,9.964372685957501724e-03,3.132309112689473513e-02,-7.968692461713840214e-02,-4.686029111475097791e-02,-1.020875114832179575e-01,-7.642169676111391918e-02,-5.772911658162904053e-02,-9.608363492950679208e-02,-3.304245477968766054e-02,-3.318411852708857274e-02
5.356325178919266738e-01,1.000000000000000000e+00,3.404338170787908346e-01,1.923571521918054361e-01,1.541011388962086337e-01,-1.023988690122314554e-01,7.445302411780607699e-02,2.338152125687742722e-01,-4.189048665445972014e-02,1.319444478583536168e-02,2.295537480464845126e-01,6.935007541234576578e-02,-8.065719784839620043e-02,1.399491601120355921e-01,1.432887974402112519e-01,-7.491589567623964385e-02,7.818998232965963802e-02,-1.066635315992800342e-01,1.631642610319738451e-01,9.686998701288471181e-02,1.259260928583438299e-01,5.589533319057371497e-02,-4.936748515545925226e-02,1.566645119626686733e-01,1.608978933140508272e-01,2.762592151599265952e-02,3.069740162710445780e-02,-1.157044107011126997e-02,6.465371544764615674e-02,-5.414728993142146202e-02,-1.844612033609216994e-01,8.206112455746385204e-02,1.866357724561846718e-02,-2.397969696251405977e-02,-1.310457394099079909e-01,-4.403938036092578182e-03,-2.169459279953930841e-02,-1.187852413007781799e-01,-7.120503254357120337e-02,5.134546043744909333e-02,-8.375249691015509979e-02,-1.058182670499844061e-02,-4.057000978725851942e-02,5.478954783100055577e-03,-1.760732888619303063e-02,7.753712730995503122e-02,6.491379560570843810e-02,1.208067924467364912e-01,6.844358792760898980e-02,7.967760543213749103e-02,-7.383250107953490127e-02,1.878048559560081864e-03,3.381496580784936618e-02,9.004896179702888415e-02,5.877348877547518280e-02,-3.232337871552094094e-02,-7.229692481433627749e-02,1.058430951955694893e-01,-5.819774412025623123e-02,4.267911787676093027e-02,-1.526273317548864916e-01,-1.347838090274772020e-02,9.858627971951389179e-02,1.740678808347854642e-02,1.889718582582692596e-01,1.001647169221133171e-01,-5.730677412720709685e-02,-2.171281677109357378e-01,3.246158422350288388e-04,8.504675940314994353e-02,-1.681840376641485502e-01,-1.573062282322048311e-01,7.900510448216815917e-02,-5.261335112722782294e-03,-8.168949409513920346e-02,-5.613221990432586822e-02,1.021515169690436903e-01,-1.278712117016103378e-01,7.274762759786231048e-02,-4.139536735955196695e-02,-1.710595534630879044e-01,-1.540683647864681503e-02,-1.518626702922509786e-01,-7.625811955857232649e-02,4.875585651029435558e-02,1.876967092599249043e-01,1.869386012364314051e-02,-5.384407271527101059e-03,1.358417583627107850e-01,1.480307954355648825e-01,-7.705986381483395653e-02,4.109080365753494529e-02,1.607319162262087209e-01,7.906119709051881439e-02,-3.884427991136051028e-02,-1.063943474788473093e-01,-8.154308316085964736e-02,7.422448778205059661e-02,-3.672579163029075083e-02,-7.279767472929739303e-02,9.275671921740528611e-03,7.310121605603001060e-02,6.140562416188331124e-02,-7.318691549578436317e-02,7.476496800076740112e-02,-1.252525321864321195e-01,5.699197565988216307e-02,6.756793903512224586e-02,-9.696728954417126178e-02,-2.787594097361234535e-02,-1.266011504992562153e-01,-3.340180903196610096e-02,-6.540375539224588253e-02,-1.137208122934779547e-01,-2.169979788861317246e-02,-1.783949761774965628e-02
5.157718072231878281e-01,3.404338170787908346e-01,1.000000000000000000e+00,5.658140610598175746e-01,4.120010671416947101e-01,-2.680107092159107474e-01,-1.219591069806097855e-01,3.012203251754409505e-01,-2.009327388088446437e-02,-3.424679288900984719e-01,1.209693860680102762e-01,2.384682464165543969e-01,-2.339268802391906155e-01,-1.455795261561308729e-01,2.145566131189833303e-01,-1.679899823719500918e-01,1.701112316729445906e-01,-7.821099182391128002e-02,1.786281476140603452e-01,-2.624261495240536035e-02,1.343872881420439813e-01,1.396928847151351905e-01,1.675232531995762830e-02,6.034517861414094575e-02,2.138379327810054076e-01,-6.645705329440657061e-02,-1.909857727970750152e-01,-1.772701774204538117e-01,-1.249781670745297784e-03,2.732085831014238048e-02,-5.428993103445015067e-02,1.175269617117678939e-01,1.060595416109656221e-02,-1.259455950972331734e-02,-1.104636558664300328e-01,-1.549864350864579507e-02,-4.013067843169206700e-02,-1.772725095390902950e-01,-1.612242374844287118e-01,-5.689000786795659487e-02,-1.771022224125670952e-01,-1.203628641953927714e-01,-9.398344789756378492e-02,2.253623394686620277e-02,-1.785171799727223452e-01,8.896092490704608780e-02,6.208360542199514720e-02,7.021017063980433681e-02,5.252257855480764459e-02,1.717194021969078721e-01,-1.669426800973374814e-01,-1.067599060827161689e-02,-3.533245078555392882e-02,1.488477223990816722e-01,1.207989925161809808e-01,9.462083074023841522e-02,3.773516892240438847e-02,2.693190852551519132e-01,1.512769165808325877e-01,1.170447425470651365e-01,-8.195247715317929144e-03,1.335234537362183227e-01,6.541630166004099023e-02,1.383437508669690952e-01,1.708125789857421750e-01,-2.563731524927439272e-03,1.352103720038679291e-01,-1.293955949333932265e-01,-1.787337961210300752e-01,8.877618520083024878e-02,3.938407250596488024e-02,-1.995528695406512676e-01,-8.475444614849642067e-02,1.308715428554027005e-01,-1.733270152406908571e-01,-2.130562726391099782e-01,3.180419676244226196e-02,7.796283970784970152e-02,1.677093635346211808e-01,-1.619286029280013472e-01,9.968132790929650974e-03,1.637009888588260853e-01,4.679568713521397444e-02,3.738113857097643405e-02,1.879191670767080546e-01,2.794449738114994711e-02,-7.887652016111129649e-02,1.407613979172607221e-01,1.643733582981956598e-01,-5.277321835762895097e-02,-1.722300978359578572e-01,1.879432852912062690e-01,7.641229519683077898e-02,1.701937641590162420e-01,2.782610054663378976e-02,-2.111914124232061041e-01,-1.745548764489035787e-01,1.701664245884815796e-01,-1.907258189850430108e-01,-1.696429229464276600e-01,4.050143636272077879e-02,1.680806125397499295e-01,-1.163289153391059566e-01,-1.691385032262514576e-01,1.709349058342083394e-01,-1.862199939309794050e-01,-1.417759193350330849e-01,3.593308305534487906e-02,-1.013636851008483247e-01,-1.854737357921813767e-01,-2.147335802308624197e-01,-6.088938097079544393e-02,-1.511642346815807725e-01,-1.344127434320361858e-01,-6.157668951311237593e-02,-6.088878564753484601e-02
3.150064214835321397e-01,1.923571521918054361e-01,5.658140610598175746e-01,1.000000000000000000e+00,1.764875186531947304e-01,-1.034312434211345916e-01,1.769303686743704251e-01,4.020766023451245452e-01,2.353563626799254349e-02,-1.330853942188705286e-01,2.894965156896869285e-01,2.583169355605146045e-01,-1.174415502407444162e-01,6.331731640099184932e-02,3.371344263379800754e-01,-3.367506286520707132e-02,3.855846403075988832e-02,1.236870075711285627e-01,6.780814737270193272e-03,-1.384488372924443933e-01,-9.350638697559433832e-02,-1.913448679724239973e-02,-5.074995053575458853e-02,5.988497839825813324e-02,5.679313348207975370e-02,-1.081765872403642470e-01,-2.952775430490679476e-01,-8.789435404055616352e-02,-1.733376293786726419e-01,7.483469280938621904e-02,-3.802887662373394262e-02,1.116780406603486431e-01,1.773520237836727909e-01,1.265880766835080773e-01,6.212875953777533683e-02,1.113162253819047487e-01,-1.307610153200376886e-02,-3.479300018866218758e-02,2.040519134931750855e-02,6.929983562286848309e-02,3.841796232037807818e-02,-1.477031124283000561e-02,-5.952703226317504481e-02,-4.222633270674122641e-02,-5.341366378086980643e-02,1.194164393939163848e-01,-7.654333471639029884e-02,6.686694536063336053e-03,1.031850270342253156e-01,3.512997126474067672e-02,-3.517875757598529912e-02,4.482436182127750614e-03,-1.386807149950310680e-01,1.075621183010301851e-01,9.721197068968738531e-02,-3.566563432669237615e-02,-5.714103231574829689e-02,2.301079205992120902e-01,-2.171346055841914466e-02,1.435282464517068091e-02,-8.273141243092911601e-02,-3.065468419727549604e-02,5.436496203320147214e-02,1.859474834817563885e-02,1.226334868143204165e-01,5.989045491146637729e-02,-6.847450302568372504e-02,-1.419178127479684970e-01,1.492736469395129599e-02,3.747757827108789269e-02,-1.374651838287246630e-01,-8.831846396064314819e-02,6.427621553859451387e-02,-3.232268583124415368e-02,-4.096157534395530181e-02,-1.279917579245467597e-02,5.798567065167099799e-02,-1.103373495593309578e-01,3.444563040915642194e-02,5.971917944271342739e-03,-1.206486996656990496e-01,-2.109137079984785279e-02,-1.425055651956028679e-01,-4.983595452535106302e-02,3.545167579484770608e-03,1.499871371947768262e-01,4.659187751929295962e-02,-4.075612752787427517e-02,8.279079621529275568e-02,1.374984731502441604e-01,-3.806771326169414160e-02,-9.890300833428728247e-03,1.113181999831335534e-01,3.933341286119520358e-02,-4.017656090319789847e-02,-4.403241561821962663e-02,-4.037025895655766555e-02,3.589950345294361939e-02,-6.737880346409565874e-03,-3.329601774805686365e-02,-1.413480992830753492e-02,3.430951974678822514e-02,1.029069402718580523e-01,-3.403057926587545190e-02,3.594078244144079809e-02,-5.306611612474959605e-02,1.247482883140440535e-01,3.934225780602801370e-02,-1.286298811818590015e-01,-1.003683809808180935e-02,-1.288985133021524343e-01,-1.585800219265543765e-01,-7.280348227604234446e-02,-1.343508498712659982e-01,-4.681897998678026204e-04,4.599835125656271881e-03
1.706809309325622304e-01,1.541011388962086337e-01,4.120010671416947101e-01,1.764875186531947304e-01,1.000000000000000000e+00,1.127741965143649466e-01,-4.606347717900887151e-01,3.862956418781830492e-01,4.944811158903441028e-01,-2.820128822194120088e-01,-1.457967006421324874e-01,5.333308180701263890e-01,1.546060351624135576e-01,-2.928619428283484871e-01,1.035196099245025980e-01,-1.476806251226691138e-02,2.021781172532376158e-02,-2.227443103617851028e-01,2.126605349031529812e-01,1.258891692240765303e-01,1.907370904691511604e-01,-1.096290805907413485e-01,-1.784334670620028040e-01,-2.442912321083201832e-01,-1.721917058529477684e-02,-2.276111101421743887e-01,-1.452897859940764369e-01,-1.757638097993833026e-01,-1.588663743842256837e-01,-1.370011102751873266e-01,-1.576249779112399996e-01,-5.672840164525732448e-02,-1.048462024384841096e-01,-1.276320161188438940e-01,-2.086905341354769183e-01,-1.605891648518595061e-01,1.767033885439289048e-03,-4.416335106542564060e-02,-5.295700208476564197e-02,-3.573445069678835712e-02,-3.184401259999835448e-02,-3.585375149829924529e-02,-1.707447563942287791e-02,2.155891800209315534e-02,-4.675813078091497349e-02,8.736315324242210911e-02,9.028206132297804387e-02,3.793303772392134926e-02,1.122168201537348531e-01,2.036654252825719977e-02,-1.721709310993774569e-02,-3.587918776969688944e-03,4.376356668916862175e-02,6.158566738066105495e-02,-9.347709611488327908e-03,2.033565584968958506e-01,2.764911054294379444e-01,2.542070490644700032e-01,1.171520042385376936e-01,2.049483325151310875e-01,2.809036817951100495e-01,2.142477643804887311e-01,1.997021331707129754e-01,3.034690953966507343e-01,1.259637173263706833e-01,2.006810230028881759e-01,2.490603513751398490e-01,-6.422546152307009870e-02,-3.332152409593464731e-02,2.854269704323432189e-01,1.394222400400352002e-01,-1.459823767322299959e-01,1.106047923406618533e-01,3.009744964838423908e-01,-2.009297448402110400e-02,-9.965182392381997933e-02,2.321058595371477962e-01,2.163908225775547645e-01,1.799499396352256808e-02,-2.591283744219854968e-01,-2.371557832320807940e-02,-4.006332867175101814e-02,8.685500807440504900e-02,-2.022490775816263020e-01,1.862333125447687976e-01,-1.232605101453166513e-02,-3.148010080517175679e-01,-9.793827238198279939e-02,2.180300260577963112e-01,-6.169982452408068890e-02,-2.470314439181173563e-02,6.244304838776102567e-02,1.900835154706329855e-01,1.656531997632305908e-02,-2.504111255263251623e-01,-1.783826027238283873e-01,-2.211183654611445157e-02,2.279594277003239855e-02,-2.193670999373615871e-01,-2.036241395207449498e-02,3.213033510708284690e-01,1.949296143240821649e-02,-1.908512147879264098e-01,-1.774765616601081675e-02,2.428744809702602578e-02,-8.915709054517438614e-02,-1.390766772397259154e-01,2.080603374970316499e-01,1.844631908186090963e-01,3.452419923948123887e-02,-5.530173713800770607e-02,1.922745413380767265e-01,6.364288107931109773e-02,1.209625909802850147e-01,8.112826899982110429e-02,5.531265431306344599e-02
-1.676695181727372308e-01,-1.023988690122314554e-01,-2.680107092159107474e-01,-1.034312434211345916e-01,1.127741965143649466e-01,1.000000000000000000e+00,8.338348359475047933e-02,-3.498387568947730619e-01,4.925599199075467727e-01,6.089303708050001207e-01,-3.918549395067447150e-01,-1.721115190526173733e-01,7.081353548097261141e-01,1.449217032753441214e-01,-4.445968983018465659e-01,-8.030879257191178566e-02,8.547076078100430963e-02,-1.715694026665305905e-01,-2.949771295869019205e-01,-1.652178869085213775e-01,-2.396611072226554617e-01,-3.779145574159346044e-01,-1.116742646414851936e-02,-1.626300057445497771e-01,-4.050311620926652645e-01,1.188386625915071292e-02,2.507971731831478909e-02,-4.979807160018727419e-02,3.168452698469956946e-02,-2.102556646019962394e-02,-1.140764533455238677e-01,-1.221799293340208176e-02,2.118774782410033086e-01,9.340606531024364667e-02,1.778280148380987358e-01,1.381618745183073593e-01,2.014942454375644176e-01,2.896560355235589523e-01,3.053715026969611723e-01,1.447763519554276512e-01,3.139386802787226260e-01,1.611096124589355694e-01,1.617331771911622862e-01,-6.910835270884931048e-02,3.736421799795550114e-02,-5.530971578110755599e-02,-1.660619535352916565e-01,-1.207203169277893257e-01,4.494735637338597399e-03,7.796655893198001230e-02,-8.556039202332865745e-02,-6.534883735804460081e-02,-4.192900310716302786e-02,-1.889143673525747469e-01,-2.460145636574873063e-01,-5.826991950109623036e-02,2.006568366795479213e-03,-2.174156284102610470e-01,-1.543049277711644740e-01,-2.707034616134440519e-01,1.109490098046840983e-01,-2.247595045409201964e-01,-2.199761148384794252e-01,-1.467397411917867045e-01,-2.908764825167481916e-01,-4.537741460377859443e-02,-8.463171420668821887e-02,2.536041458422205741e-01,1.711791171056374072e-01,-1.223146999619749709e-01,6.508744097902929848e-02,2.721156963435170106e-01,4.781901712075745103e-02,-1.013316190641111031e-01,-7.794406434201915645e-02,2.290269531077696319e-01,-8.845809714560869119e-02,2.160645125550840484e-02,8.671579319320046886e-02,1.604816910278171749e-01,1.106213180666742596e-01,-1.402389228455192260e-01,4.866131358647021038e-02,-5.300712131249071812e-02,-1.970755222469213752e-01,-1.316751143111582756e-01,2.019001372217132939e-02,-1.680066207306425419e-01,-2.119059420011046302e-01,-1.427470463630589950e-02,-8.176649803021070195e-02,-2.310472187839660574e-01,-1.230384286656759779e-01,8.201074532056412680e-02,-7.631560999539280243e-02,2.516012429243366100e-01,-7.685649537190959724e-02,8.562169134588128172e-02,1.990978917150227345e-01,-8.410546769385025823e-02,3.573525066198289524e-02,8.659686351384615621e-02,2.762679036817417000e-02,-8.406047926258138070e-02,8.399256522623961552e-02,2.879534455051517283e-01,9.081922544361693828e-02,-9.535187236071049344e-02,2.006392876975552908e-01,2.127527139353903030e-01,2.328696082654805044e-01,1.776790470822565693e-01,1.582052433204473585e-01,1.742619742411332384e-01,4.856802283343062548e-02,4.415303700660910824e-02
1.261501750036780889e-01,7.445302411780607699e-02,-1.219591069806097855e-01,1.769303686743704251e-01,-4.606347717900887151e-01,8.338348359475047933e-02,1.000000000000000000e+00,5.333352498467167080e-02,-4.547521578993259372e-01,5.283956426223269665e-01,5.425070803475435799e-01,-4.151786087922050283e-01,-7.144986909369781258e-02,6.925688658921966834e-01,1.856503019835320512e-01,1.089279654449906883e-02,-1.144392326450422055e-02,2.951053790796625553e-01,-1.653848935165047052e-01,-1.279039460970096409e-01,-3.553076926981685868e-01,-6.510006554877743878e-02,-7.498712132422269416e-02,2.986492983280811253e-01,-5.293267796828244470e-02,1.164990333865230515e-01,1.215436467116746827e-01,2.217458891220728534e-01,1.015364674182031024e-01,2.222495248625246805e-02,-9.851986657270415948e-02,3.821465516776417076e-02,1.671837352831538892e-01,2.325897751146054626e-01,2.353481652686945091e-01,2.567193771323120211e-01,4.950189773620364969e-02,1.419437562009950513e-02,1.278886716223802955e-01,2.438862829692692996e-02,1.544358057193837841e-01,1.181901769537511138e-01,1.343522382484097222e-01,3.708047019512790421e-02,1.690704263763034843e-01,1.532537108926740888e-01,-8.356260178451984863e-03,4.543292514094158727e-03,1.246806233658945828e-01,-1.548920615360665186e-02,1.290479436306619411e-02,1.433244336028492716e-02,-9.645976465794958710e-02,-2.290881706158431896e-02,-3.064916441888714330e-02,-3.485581392212522278e-01,-2.819534450229939648e-01,-2.004165902429192736e-01,-4.107372275877217982e-01,-2.033180267327607538e-01,-4.088177552637323742e-01,-3.854630545880661785e-01,1.665206339964226279e-03,-2.947268741334632680e-01,-5.791512839443344052e-02,-2.841827603174936281e-02,-4.555466148476704502e-01,-5.591602317515149273e-02,2.515553511637659834e-01,-2.589880611040049074e-01,-3.845970608494925225e-01,1.855310069596172451e-01,1.039513818613456292e-01,-4.352915722834655998e-01,1.162610287762392593e-02,2.861435768812141678e-01,-1.290533121659807325e-01,-4.480571792990662439e-01,-1.147526151881548238e-02,3.950271641822811208e-01,-1.705614627817999274e-01,-1.524916960867765126e-01,-3.204016205864045896e-01,4.292842147075350695e-02,-3.379339815398755831e-01,1.829152136420489350e-01,4.017595058924188778e-01,-1.300790952572831172e-01,-2.241380103696404280e-01,3.325449974925531738e-01,1.986409756902136892e-02,-2.660787083735698944e-01,-5.065265934008870291e-02,-6.170525369666678833e-03,1.076005847431941165e-01,2.687873475306434834e-01,1.620029161612194027e-02,-1.750214729063249985e-02,3.686088389862159920e-01,1.759427619341706259e-02,-3.095057764931783972e-01,-1.340215183888305087e-02,4.219641173002353640e-01,1.278938055920824865e-02,-2.010105189781333929e-02,1.855369765212975253e-01,3.802090286844421185e-01,-1.095052247933960832e-01,-2.318658475137358732e-01,1.315154642016961306e-01,5.956842400767038692e-02,-1.811635445577443326e-01,-3.081322494796054703e-02,-1.501578053153471426e-01,-7.758765479874694948e-02,-5.248155670489347557e-02
2.492206906529278732e-01,2.338152125687742722e-01,3.012203251754409505e-01,4.020766023451245452e-01,3.862956418781830492e-01,-3.498387568947730619e-01,5.333352498467167080e-02,1.000000000000000000e+00,7.306019622423537418e-02,-4.163701956523140346e-01,4.875776588669772371e-01,6.040095114212534755e-01,-2.941490178748931705e-01,-9.895040831975558671e-03,6.257132243007560435e-01,9.914323895865070901e-02,-9.284471825515050458e-02,1.878064801312845922e-01,3.269490002963919006e-01,2.487902650142196082e-01,1.760378630678231249e-01,3.678070488051422143e-02,-2.845490020144924026e-01,-1.120092244291433087e-01,1.289390891901188163e-01,-2.345266216039203766e-01,-2.293413224675739381e-01,-1.198971268027568121e-01,-1.878230352332366238e-01,-6.189241397087490160e-02,-2.127563420329835475e-01,-8.471723659182384125e-02,-4.498820611030357464e-02,-3.459457650734260731e-02,-1.854595490952578585e-01,-9.454834114514167054e-02,-9.654849475387734803e-02,-1.007516073194630879e-01,-9.295069487964630062e-02,-3.600000936930083939e-02,-6.342943058960227865e-02,-3.907600713330080383e-02,-1.042822931804316122e-01,-6.957925331431255578e-02,4.605711539843139468e-02,1.673897290675501470e-01,1.739701005335324013e-01,1.629237600835506949e-01,1.588272541687297257e-01,-8.855598959648021407e-02,9.870269675007797838e-02,1.586885341818417283e-01,9.034003945186956652e-02,1.944465531991433072e-01,1.196304138056417388e-01,-9.779569620446983136e-02,2.842739165207121277e-02,2.386680130902056884e-01,2.476428201490411124e-02,3.214495725331023568e-01,1.055187584755051255e-01,2.304706711553302367e-01,3.510051500080829667e-01,3.061791116466311413e-01,3.296944527392178803e-01,2.612281203851980482e-01,1.559571931510465581e-01,-3.049259561689324216e-01,-5.610045913141057522e-02,3.341850882315957616e-01,-6.827889999172218061e-02,-3.184124414888580001e-01,1.631640693737936576e-01,2.494329815415809726e-01,8.826713763498315879e-02,-1.634091739872444160e-01,3.062883314493361486e-01,3.166195829489414082e-02,-9.974903804987855782e-02,-2.672380646738389265e-01,-2.237919345398797222e-01,-2.765396517387688768e-02,-1.095855159959825964e-01,-2.219416036595934227e-01,2.507399686958047824e-01,2.265854819233563966e-01,-2.434905107425636428e-01,-6.985377716657971414e-02,3.675566785497942912e-01,9.663990794781397720e-02,8.902469297144499638e-02,1.408949512160369566e-01,3.458659781848232861e-01,-9.485166275673610758e-02,-2.435142034118107368e-01,-3.016190568928371896e-01,8.631029450971100525e-02,-9.472586482238551375e-02,-2.688230158632852196e-01,9.718405307459573872e-02,2.515215017870452430e-01,-9.875876615129604297e-02,-7.284189366112509001e-02,9.938012265656354094e-02,-9.212333738489629498e-02,-2.630919363828362889e-01,1.042535122874929387e-01,2.938981409958833502e-01,-6.144034462767030552e-02,-1.454022538431039291e-02,-1.731296285734582885e-01,5.559851937878142539e-03,-3.441294944988417676e-02,-3.095815967507129993e-02,4.181202838902931679e-02,3.025841813904418809e-02
-1.324056826220443572e-01,-4.189048665445972014e-02,-2.009327388088446437e-02,2.353563626799254349e-02,4.944811158903441028e-01,4.925599199075467727e-01,-4.547521578993259372e-01,7.306019622423537418e-02,1.000000000000000000e+00,1.269648249266021323e-02,-5.625526776902061155e-01,5.518858130473695001e-01,7.169192693726665899e-01,-3.726674367177296721e-01,-2.244249748357608210e-01,5.695720669428717964e-02,-4.679065380243212224e-02,-2.608566390227660126e-01,-1.870197660404107620e-02,4.174107769540212620e-02,5.265754198755695503e-02,-4.524975529906964389e-01,-2.488834591663200146e-01,-4.438349775407139930e-01,-3.873986087324209904e-01,-3.782022531781806252e-01,-2.155820695240812657e-01,-3.480197871281396904e-01,-3.079876044460265194e-01,-1.191521923383238868e-01,-1.171144549571804805e-01,-2.224611798271399488e-01,-5.713885341052511724e-02,-1.537600087266868254e-01,-4.381623756128071034e-02,-1.045647474100964563e-01,1.872635679787906515e-01,1.593931546669170585e-01,1.049123248454003343e-01,3.694317382971042812e-02,1.551639542940143057e-01,1.250006339217105689e-01,1.424426673789896958e-01,1.908411146905870936e-02,7.091758265340059042e-02,1.171190362932875012e-01,6.516296624213846478e-02,6.382900175992470282e-02,1.869831153919838951e-01,-4.872773292293840208e-02,4.989587275948515616e-02,-5.679978406632694293e-02,6.661742993066130381e-02,-6.718044983313413432e-02,-1.415560699404396806e-02,1.373028351415385151e-01,2.443114490340936029e-01,1.056673895269802516e-01,1.041461808589569035e-03,4.693822744346596437e-02,3.991697658293703044e-01,6.968268581798360561e-02,3.130080455134087725e-02,1.719267902218745980e-01,-1.404621186393367194e-01,1.024859080917146087e-01,1.628390288439644229e-01,1.637628536918475097e-01,7.155415114499487361e-02,1.267587760776081041e-01,2.014362514876899268e-01,8.577134904080205291e-02,8.144435184814072248e-02,1.798900013592223679e-01,5.130574954898820678e-02,6.172696603459956050e-02,9.997305411211965254e-02,2.166135446966093447e-01,-4.773608173309923375e-02,-1.069962214904522785e-01,7.370198089645590978e-02,-9.308828023261687956e-02,1.449086696921778605e-01,-1.561575200441570610e-01,4.300543790853792597e-02,-1.181999098931007380e-01,-2.520427281708767508e-01,-1.422114115219505204e-01,2.317368616176397958e-02,-1.343952518272086283e-01,4.425954663285160823e-02,-6.417805541715551620e-02,2.163942929080660965e-02,-5.233611200418307463e-02,-2.196051921614670110e-01,3.104530222442379930e-02,4.992037715147871341e-02,-4.377828326167661210e-02,-6.924273182849381703e-02,4.684679641024119129e-02,2.849635198314862672e-01,-4.633722808230429646e-02,-2.090787401201824325e-01,4.959552514509751875e-02,-4.338507203667385514e-02,6.925879492794373427e-02,-4.269325443492454075e-02,1.240179105843945001e-01,2.558925630196790535e-01,1.359141926153845381e-01,7.552969235442223706e-02,2.362285801120878603e-01,1.307680791239033691e-01,1.843480975105996622e-01,4.790797442987435734e-02,2.204228220149227410e-02
-6.491601478973625661e-02,1.319444478583536168e-02,-3.424679288900984719e-01,-1.330853942188705286e-01,-2.820128822194120088e-01,6.089303708050001207e-01,5.283956426223269665e-01,-4.163701956523140346e-01,1.269648249266021323e-02,1.000000000000000000e+00,4.900848251062681245e-03,-6.105728767900968634e-01,5.651132947956472030e-01,6.603914813083384683e-01,-3.541788348518097873e-01,-4.221039201771469018e-02,4.638257407047588488e-02,2.103955882192023313e-02,-3.308095060552126987e-01,-1.712491417748848166e-01,-3.727128609168645079e-01,-2.687809612554919458e-01,5.190935224434319040e-02,1.318940111557183326e-01,-3.264264150456274716e-01,1.613931585083115128e-01,2.233789927914776874e-01,1.793941261458188163e-01,1.410425756250029417e-01,-1.092503608422144001e-01,-1.530166563788582512e-01,4.047337325165139416e-02,2.256950499116956166e-01,1.083660084213432795e-01,2.343769432806372122e-01,1.698395704074558421e-01,1.619359224460669711e-01,2.292490877873065991e-01,3.233926379942258511e-01,2.022063064306831581e-01,2.875203056939356627e-01,1.667431986638678865e-01,1.687233579950250528e-01,-9.437966614484025185e-03,1.251351821377592877e-01,7.344964517910233630e-03,-9.332125479008474001e-02,-2.815722420055878292e-02,5.800444340390663311e-02,3.832599566855710710e-02,-4.389578391629482546e-02,-3.039015879444979459e-02,-8.534041034874242926e-02,-1.843754341775851735e-01,-2.432641520732672091e-01,-2.218839439782781531e-01,-2.239886009446917237e-01,-3.047002097760915795e-01,-3.554123319049788399e-01,-3.948754417178623188e-01,-2.275528111233868500e-01,-4.491692514341049103e-01,-2.307862863533328701e-01,-3.719891043861692226e-01,-2.470102050327180054e-01,-6.217802733674745314e-02,-3.882978015290377560e-01,1.278475527646696086e-01,2.990754173579262543e-01,-2.720219923612012813e-01,-2.380158165893733746e-01,3.210973680722257750e-01,1.136828101413794867e-01,-3.837874686981478378e-01,-3.967839313958072128e-02,3.640743305660640861e-01,-1.482828495043838068e-01,-3.039367838499639762e-01,4.537721176722292471e-02,3.913252750928916668e-01,-6.401891549811407345e-02,-2.288057947954200144e-01,-2.019861569199191964e-01,-2.371315922179302246e-02,-3.944479915960240612e-01,5.677083055604698059e-02,3.049712315230236892e-01,-2.140918958610531220e-01,-3.096561922113965082e-01,2.383073247232174174e-01,-3.632259386207233043e-02,-3.549149376556990365e-01,-1.204220592333956480e-01,4.641421946178996005e-02,3.164103522002344876e-02,3.723995979606954387e-01,-3.558153794182812579e-02,4.022734580656781717e-02,4.107790863956953253e-01,-3.893228570644163139e-02,-2.025013277992146477e-01,4.398195738071381672e-02,3.380800703053585821e-01,-4.233918048677793450e-02,3.743186315686954785e-02,3.493020348107435114e-01,2.639841382253059754e-01,-2.225240167188979601e-01,5.320422984524320054e-02,2.775828238847304896e-01,2.422852856141325950e-01,2.945916316357395301e-02,1.094818314550864702e-01,2.030508934900904575e-02,-2.175879078331046865e-02,-4.789356019527265911e-03
2.464753058641313554e-01,2.295537480464845126e-01,1.209693860680102762e-01,2.894965156896869285e-01,-1.457967006421324874e-01,-3.918549395067447150e-01,5.425070803475435799e-01,4.875776588669772371e-01,-5.625526776902061155e-01,4.900848251062681245e-03,1.000000000000000000e+00,2.184640737467000160e-02,-5.755102436027367263e-01,5.987095969607550972e-01,7.084026875630906606e-01,8.925826532383834833e-02,-8.915357863117762127e-02,2.965107691379163524e-01,7.368373276096112923e-02,1.185398537872017766e-01,-1.909567664219631372e-03,1.813912722861600602e-01,-4.422265810483099607e-02,3.494612133751771044e-01,2.087099622387920128e-01,7.113112267048268822e-02,1.045690552411637914e-01,2.528775893786208151e-01,2.112940019413108231e-02,-9.412794710969443757e-02,-9.639055040548130671e-02,1.056298116819685967e-01,-9.192625865520937965e-04,3.990251126468591369e-02,-3.968465993932569769e-02,3.460389135392502244e-04,-1.346559907937581457e-01,-1.753651770567602186e-01,-1.718695365990579108e-02,7.347098749515091308e-03,-9.877143046398305370e-02,-7.010182925729266379e-02,-8.731093796201871982e-02,8.951180192083295004e-03,7.530540704006578878e-02,1.394240999340834730e-01,1.676942430328852984e-01,9.498999915933124816e-02,9.575967295151019409e-02,-8.674817518872129929e-02,9.367301359668331329e-02,2.191586475255436484e-01,2.622598426968032748e-02,2.087562578452804296e-01,1.027594853115786216e-01,-2.416712034920137087e-01,-3.033479695213529559e-01,6.579821712030621550e-02,-2.065366787561181694e-01,-1.284101615127916651e-02,-3.940557718049217395e-01,-1.658434759129754354e-01,1.333898777018540371e-01,-1.045947057236729510e-01,2.617311179952472866e-01,1.335143542707204201e-01,-2.758716859856267245e-01,-3.488642157244069009e-01,1.173647859002039245e-01,2.565271045181617346e-02,-4.215795146710402119e-01,-1.463930090685674201e-01,1.820298937495609393e-01,-1.889134988252934855e-01,8.382031905202901034e-02,5.497665545654379510e-02,1.238590407933633925e-01,-3.838013189259114610e-01,-9.362133592468045717e-02,1.130817902108954415e-01,-3.556406236319679115e-01,-1.110245982196646636e-01,-3.930994082612408458e-01,-1.031805166333039370e-01,-8.743183073442065134e-02,3.766325757337946056e-01,2.102465333487202048e-01,-7.882819953324125828e-02,1.053891700002991677e-01,3.745410058133432085e-01,9.255159166372591006e-02,-5.212505395576977341e-02,2.124531507894708571e-01,-8.447938502693094764e-02,-4.621101743415374254e-03,-4.477983459045114384e-02,8.609534261384722831e-02,-9.514427481961965083e-02,9.073773079984918943e-02,9.611279303689708453e-02,-1.525549146066033090e-01,-9.438229894771633932e-02,3.322866453532621334e-01,9.346920202380482046e-02,-9.520843516279048346e-02,-1.283778723951891076e-01,1.738401347942877262e-01,2.397718358156693957e-02,-2.499236599391972957e-01,1.664772820106670201e-02,-1.371283524588068070e-01,-1.729718394938452863e-01,-9.889391248652179556e-02,-1.785035660105602495e-01,-1.622525652882388439e-02,8.317096394710685528e-03
5.502804611737882601e-02,6.935007541234576578e-02,2.384682464165543969e-01,2.583169355605146045e-01,5.333308180701263890e-01,-1.721115190526173733e-01,-4.151786087922050283e-01,6.040095114212534755e-01,5.518858130473695001e-01,-6.105728767900968634e-01,2.184640737467000160e-02,1.000000000000000000e+00,6.202022772707378728e-03,-4.489881832868616862e-01,4.520589718731796713e-01,1.561057371212599687e-01,-1.496289784876000672e-01,-1.107009414230462757e-01,2.625936308742957692e-01,2.255204284415793792e-01,3.031460052139740569e-01,-1.401916111492467198e-01,-3.107077558156899899e-01,-2.862721423637628049e-01,-8.221906004919820807e-03,-4.221497466185834546e-01,-3.004242809968260541e-01,-2.785831060612437571e-01,-3.831197991964777061e-01,-6.701609656239979063e-02,-5.414521974674939286e-02,-1.580004702899714675e-01,-2.067146356085692582e-01,-1.549785274621950926e-01,-1.917691950023829583e-01,-1.971335429522399763e-01,-3.617682266197529140e-02,-9.761063731083184647e-02,-1.138773337515073536e-01,-8.121708491999002355e-02,-8.310235731738688236e-02,-1.571355794214965990e-02,-1.629432153567388075e-02,1.809990823510660221e-02,2.588937432955918522e-02,1.891856443299395341e-01,1.991863093691195463e-01,1.001464888712140094e-01,1.976632018483961972e-01,-1.451875369010059980e-01,1.535083874692919903e-01,1.028058034861964593e-01,1.256638657444875129e-01,2.001090689417406865e-01,1.723761782240185725e-01,1.057460584634757478e-01,2.279211511105846966e-01,3.208999250137619663e-01,8.791865460786793540e-02,3.068185872141653281e-01,2.754591889592716281e-01,2.627954295461871204e-01,2.833628885516531470e-01,3.468524300767428792e-01,1.808202922005218427e-01,2.150062646612437012e-01,2.159024203713475476e-01,-1.272547127435527392e-01,-3.867316616517848388e-02,2.898119288188990006e-01,7.872579085359072970e-02,-1.898470904851543295e-01,1.133853556991417100e-01,2.757962462935261705e-01,1.458230539424379413e-01,-1.196439523532424748e-01,2.491268855829457118e-01,1.490240639014465962e-01,-1.523466365293061064e-01,-2.565670084103689463e-01,-9.695913100983617749e-02,-1.625209537853700495e-02,1.143489150638389573e-02,-1.859380713572276744e-01,2.154209661402894105e-01,8.073741600359003734e-02,-2.770299382242022990e-01,-4.940942549042438847e-02,2.584340536856162829e-01,-4.519147318524721624e-02,1.425620935047348659e-01,1.178289790653015839e-01,2.098915668419880642e-01,-1.515249681523880287e-01,-2.217801005504623779e-01,-2.106803756880305800e-01,1.432555039866750535e-01,-1.463164715330389221e-01,-2.435713684577558158e-01,1.489136286989453384e-01,2.863826628948885067e-01,-1.506829142942456845e-01,-1.914012570118392709e-01,1.520022383962255086e-01,-1.441979335048145516e-01,-2.138247358599427994e-01,-7.372207841958226815e-02,2.742308786358308437e-01,2.892574971718287966e-02,-4.061018723643314982e-02,-1.561539458833497429e-01,9.056063861451339736e-02,8.525086455516760892e-03,6.651055840934487484e-02,5.138427113689181258e-02,2.122086961390335508e-02
-1.677000929317107314e-01,-8.065719784839620043e-02,-2.339268802391906155e-01,-1.174415502407444162e-01,1.546060351624135576e-01,7.081353548097261141e-01,-7.144986909369781258e-02,-2.941490178748931705e-01,7.169192693726665899e-01,5.651132947956472030e-01,-5.755102436027367263e-01,6.202022772707378728e-03,1.000000000000000000e+00,3.811575595564421770e-02,-5.087584880542781463e-01,2.800187029611041906e-02,-1.763092161767637958e-02,-2.570704404186605063e-01,-2.231044076612714866e-01,-8.409680260363340543e-02,-1.798422840245139376e-01,-4.880607701390186626e-01,-1.508445957879883392e-01,-3.068057047216942723e-01,-4.737236405618713841e-01,-2.056254977300731035e-01,-6.123960011373388163e-02,-1.875985131897033587e-01,-1.465877115302663125e-01,-1.313743129367585250e-01,-1.595619948463970206e-01,-1.617749079064537410e-01,8.041550756831422619e-02,-3.414217698131393613e-02,1.292374372609064737e-01,3.220561680998473841e-02,2.321215445048008252e-01,2.678155827947332757e-01,2.567379505908924386e-01,1.293771058357736092e-01,2.776574752043372007e-01,1.722719585008068988e-01,2.049370832379710794e-01,1.227249024099524161e-02,8.584413603367893608e-02,8.071838877864047357e-02,-2.565167836104179436e-02,1.231272523967174432e-02,1.504010947240898288e-01,-2.446163524870555162e-02,2.090135214470174863e-02,-8.882645599178133622e-02,1.420520722549568904e-02,-1.640895673356175810e-01,-1.850484381793467414e-01,-3.508013522108029483e-03,9.852379297521197954e-02,-1.144828318771566045e-01,-1.568170149732444618e-01,-1.553521438946233735e-01,2.283327732454598913e-01,-1.466492024744310285e-01,-9.922509039060865843e-02,-4.717014074371143895e-02,-2.703534758485846567e-01,1.066852936605658733e-02,-4.839748593941788080e-02,2.446307703268702782e-01,1.846458915954479196e-01,-6.902431350317260461e-02,8.976208866130305775e-02,2.587328935274308406e-01,7.469342390381551733e-02,-5.142900479693016808e-02,2.603090676381962162e-02,2.243494101723575995e-01,-4.195133022906009229e-02,5.510996504757509351e-02,-1.876088104484773672e-02,1.184793992022302456e-01,8.940821363147022360e-02,-1.552014860782159056e-01,6.505598380637105105e-02,-9.602256295291233812e-02,-1.629157145965205999e-01,-1.205147627061013416e-01,-4.641170276425321539e-02,-1.856838768608631285e-01,-1.718829354902982331e-01,-4.241796597041890687e-02,2.119668692394740400e-02,-2.161337320623980818e-01,-9.473125747299464272e-02,-2.325329032380149194e-02,-1.224000611450918874e-01,2.301155079758493427e-01,2.655876221009433741e-02,-1.856869553077562102e-02,1.577623980671923887e-01,2.093876749862356654e-02,1.093933063823187002e-01,-1.849652632677498826e-02,-3.079624143830010999e-02,2.161237761006983352e-02,-1.958205424765324665e-02,2.503119596899782140e-01,9.503390453259585868e-02,-3.217513127981539572e-02,2.205852333657814801e-01,2.178453769853826716e-01,1.900265116158236511e-01,1.970619548602298710e-01,1.534151434999254382e-01,1.698289017754310570e-01,6.891050066552067803e-03,-1.783918250257853985e-02
