1.000000000000000000e+00,4.879107816858500590e-01,3.706828073220241326e-01,1.439327738472470364e-01,7.497896028249012579e-02,2.550959791553757822e-02,-1.307229903655889730e-02,-1.162825791963389629e-02,-6.081294839617915234e-03,-2.953821630663141726e-02,-4.208131308960411099e-02,-1.636972249440522484e-02,1.188333337696685296e-02,-1.611851566858014603e-02,-3.080750876278976966e-02,-2.196681851177258518e-02,-1.036679292110171714e-02,-1.510948706486185764e-03,1.934029992310263776e-02,3.400304714232444542e-02,1.551635814540286082e-02,-8.477507633215947136e-03,-9.995891306009498795e-03,-2.319985810133720627e-02,-8.620325391236518739e-03,-1.962248678971416360e-02,-6.518216627252015373e-03,-2.702582064677893151e-02,-3.603714540083578777e-02,-2.111195757489696401e-02,-2.995794131290563378e-02,-3.635879910835002060e-02
4.879107816858500590e-01,1.000000000000000000e+00,5.624013022650352633e-01,1.631982529770431567e-01,8.594425350829405785e-02,2.511480453634076099e-02,-6.717679822698918723e-02,-3.752792686797425808e-02,-3.630173983869837417e-02,-6.554864815915534271e-02,-6.563317130229466556e-02,3.162387463894566434e-03,1.090161271040509345e-03,-3.852377835574170850e-02,-5.383537378407992485e-02,-1.990236788668434814e-02,-3.370345179451429262e-03,-1.410872644998728553e-02,-8.831076284962548553e-03,-1.114746176352553707e-02,4.315837658331577939e-03,1.501672427133393488e-02,-2.937126864222704137e-02,-7.806361811697567175e-03,-7.256754644760072398e-03,-5.279317710033484129e-02,-5.797925060032695782e-02,-4.114072460490835609e-02,-5.786393656995493517e-02,-5.411897364085464096e-02,-5.374411218495187686e-02,-4.326438205749512378e-02
3.706828073220241326e-01,5.624013022650352633e-01,1.000000000000000000e+00,5.149629152739738647e-01,1.391535006054492318e-01,1.607432353796282853e-02,-9.006061345542767937e-02,-4.952552327636082496e-02,-3.253615384129849436e-02,-4.788177295244827603e-02,-5.195050021129981460e-02,1.711268448744091356e-02,-5.004861679944546185e-03,-5.483092643026564461e-02,-3.155024393318921899e-02,-2.172914508233547877e-03,3.494804000544978351e-03,2.646187709949739120e-03,-9.238713500710646299e-04,2.317658370160433773e-03,-2.277636485976353500e-02,2.907152305574604162e-02,2.132752097941209221e-02,4.617540893518101361e-03,-8.215054228777824222e-03,-5.501649744841553835e-02,-3.788338608624013115e-02,-1.190435991637498782e-02,-3.677070173919941287e-02,-4.562865517308940105e-02,-6.116845224737301606e-02,-5.331969027689036772e-02
1.439327738472470364e-01,1.631982529770431567e-01,5.149629152739738647e-01,1.000000000000000000e+00,3.306362787566438644e-01,1.041453659898666090e-01,-5.921644292205875161e-03,-2.296833306820601339e-03,-1.234692377095782459e-02,-2.507874251536553259e-02,-7.077458599104069492e-02,-3.039776118663108095e-02,-1.546986659204236357e-02,-6.675015735982874066e-02,-7.211163307200119110e-02,-3.090704595608788959e-03,3.489148616329582064e-03,-4.179104928630331811e-02,-3.782926965215607784e-02,8.346220382565930221e-04,-2.901687636318341090e-02,2.940428104572986173e-02,1.955440747109398608e-02,-2.879832579083720090e-02,-5.312598797987486132e-02,-8.492479411356508578e-02,-2.676896324942195510e-02,-1.276053895058122493e-02,-1.632781540483737442e-02,-1.260525327052927809e-02,-3.808779639544979806e-02,-4.381176757609681754e-02
7.497896028249012579e-02,8.594425350829405785e-02,1.391535006054492318e-01,3.306362787566438644e-01,1.000000000000000000e+00,4.685005854472232834e-01,1.478497654967719510e-01,9.968205469061114377e-02,5.951010192837890428e-02,7.106858434822125106e-03,-5.116986471025516264e-02,-9.326574740896127758e-02,-3.580848214558109838e-02,-3.786585189289224523e-02,-4.911025370884743863e-02,-1.712268781709223517e-02,-5.172246847512752127e-02,-8.796093328824859670e-02,-8.972627574518464433e-02,-6.212854017795999689e-02,-4.219764838427743359e-02,-2.661613732011725367e-02,-5.530787568075912208e-02,-5.575498625163160388e-02,-6.585743248924288973e-02,-5.718874437035526698e-02,-4.181962475365415960e-02,-2.370855212780837579e-02,-5.095192170829349748e-02,-2.708777655163908601e-02,-5.225284308917885895e-02,-3.732589917362114790e-02
2.550959791553757822e-02,2.511480453634076099e-02,1.607432353796282853e-02,1.041453659898666090e-01,4.685005854472232834e-01,1.000000000000000000e+00,4.534951190932638432e-01,1.339655328758961594e-01,8.749379064918037796e-02,3.023305166008038655e-02,1.381938915376116836e-02,-5.110175897800856709e-02,-4.778648817634831986e-02,-2.221307964188922943e-02,-3.657951528333742292e-02,-1.162849718456653893e-02,-4.752742033641631919e-02,-6.918239856655652997e-02,-6.278948388166019634e-02,-3.995140374010978240e-02,-7.798013469626031112e-03,-2.565566459176574568e-02,-6.715676256263213018e-02,-8.865527177238040346e-02,-7.988675647663068258e-02,-6.262421449687105568e-02,-7.204337606011287920e-02,-3.958361146750995208e-02,-3.676359272903099995e-02,-3.482334491816918565e-02,-1.883039530501599487e-02,-9.506867227858274358e-03
-1.307229903655889730e-02,-6.717679822698918723e-02,-9.006061345542767937e-02,-5.921644292205875161e-03,1.478497654967719510e-01,4.534951190932638432e-01,1.000000000000000000e+00,3.358103233386890429e-01,1.974307933258283854e-01,1.126729513052979054e-01,4.694154622691173312e-02,-4.253279111633158360e-02,-3.568008519987297955e-02,-2.731949135552489555e-02,-4.582810165214323134e-02,-1.502836457995289539e-02,-2.977315233595508037e-02,-8.508173696615435599e-02,-4.907944483558198540e-02,-2.322838876678928743e-02,1.310819914970945237e-02,-1.351933682379235016e-02,-4.694834836841314807e-02,-8.111064883475065102e-02,-6.821312230642896657e-02,-6.678429121424180048e-02,-2.708454263705123780e-02,-1.917433469694327861e-02,-5.720671821775287491e-02,-1.774850985045061530e-02,-1.922497361447415495e-02,-2.156703665919106408e-02
-1.162825791963389629e-02,-3.752792686797425808e-02,-4.952552327636082496e-02,-2.296833306820601339e-03,9.968205469061114377e-02,1.339655328758961594e-01,3.358103233386890429e-01,1.000000000000000000e+00,4.865275421452411875e-01,1.176366476096003394e-01,5.921142964672789638e-02,-2.170082918712540332e-02,2.034909827843262714e-02,-1.822942757865655614e-02,-3.685003561960610574e-02,9.209609617410838712e-04,-2.278618639331449203e-02,-4.019042917299738005e-02,-9.519749403814626578e-04,-3.959850899230289711e-02,-3.149792472404341209e-02,-6.435480120603945253e-02,-6.466367091413849355e-02,-7.413247334909900399e-02,-6.120898275731394972e-02,-5.242202814064849531e-02,-2.646242117162746557e-03,1.812347541150673494e-02,-7.561424489143446850e-03,1.408810284260394140e-02,8.176140557842211803e-03,-2.261235049177878070e-02
-6.081294839617915234e-03,-3.630173983869837417e-02,-3.253615384129849436e-02,-1.234692377095782459e-02,5.951010192837890428e-02,8.749379064918037796e-02,1.974307933258283854e-01,4.865275421452411875e-01,1.000000000000000000e+00,3.272548823249296635e-01,2.071088159516730198e-01,4.873755149435791967e-02,6.019089762767501628e-02,2.666377302542785599e-02,4.511896817757073824e-02,2.639905368776850406e-02,-2.660969178821285738e-02,-7.449880859565823077e-02,-4.973603840178386637e-02,-9.819569428721112991e-02,-6.928665358950775177e-02,-9.166220219614235054e-02,-1.139748055919080488e-01,-7.438415347425759994e-02,-8.371833012222218429e-02,-6.259157376948801255e-02,-6.052017162450902543e-02,-1.532267011216902931e-02,-2.582536919777207382e-02,-3.837933946401989038e-02,-1.539778519993530159e-02,-3.062910145479852408e-02
-2.953821630663141726e-02,-6.554864815915534271e-02,-4.788177295244827603e-02,-2.507874251536553259e-02,7.106858434822125106e-03,3.023305166008038655e-02,1.126729513052979054e-01,1.176366476096003394e-01,3.272548823249296635e-01,1.000000000000000000e+00,4.837433920892855177e-01,2.136209728616705536e-02,1.581581841577836892e-02,4.570801730801043322e-02,2.090956446809835723e-02,9.707911185519797065e-03,-3.928089730069152241e-02,-7.623435559266480976e-02,-7.759612705183742409e-02,-6.928767332777265031e-02,-9.673101089986591017e-03,1.143661999416186077e-02,-5.381117946223624299e-02,-1.998575259000500912e-02,-5.871897705689963637e-02,-7.493600997300678239e-03,-3.322241217269040342e-02,-1.836980333471614074e-02,-5.040429104229774034e-03,-7.772942610420535865e-03,3.146891602844924946e-02,4.937135070028272725e-03
-4.208131308960411099e-02,-6.563317130229466556e-02,-5.195050021129981460e-02,-7.077458599104069492e-02,-5.116986471025516264e-02,1.381938915376116836e-02,4.694154622691173312e-02,5.921142964672789638e-02,2.071088159516730198e-01,4.837433920892855177e-01,1.000000000000000000e+00,3.039472364377763802e-01,8.815508760219187279e-02,1.880724445950741897e-01,1.853004433207639245e-01,8.888182535423846953e-02,1.349494536685072639e-02,-3.033208971171521759e-02,-7.633852909727617542e-02,-7.654409814339792339e-02,-7.312415843768778866e-03,-1.529730986750505069e-02,-4.969615327111009256e-02,-3.621912284399642773e-02,-5.484980872042884842e-02,-4.335549057817121577e-02,-6.341490071800461037e-02,-2.217849871149771626e-02,-2.061961202424802270e-02,-5.236118101472516696e-03,1.968902584939139291e-02,5.724811102073318336e-03
-1.636972249440522484e-02,3.162387463894566434e-03,1.711268448744091356e-02,-3.039776118663108095e-02,-9.326574740896127758e-02,-5.110175897800856709e-02,-4.253279111633158360e-02,-2.170082918712540332e-02,4.873755149435791967e-02,2.136209728616705536e-02,3.039472364377763802e-01,1.000000000000000000e+00,3.028450691921787397e-01,5.960443554866268201e-02,1.508285572118544249e-01,1.050391091998854748e-01,2.441204235002790088e-02,-1.185143497738281627e-02,-1.238063739375758199e-02,-4.670726360046691117e-02,-5.402363293440224506e-02,-6.078826788678995396e-02,-4.459191475563174800e-02,-5.672489760550535054e-02,-6.651623608838114210e-02,-7.221255670354176370e-02,-5.247817534687426733e-02,-3.167846230694903314e-02,-1.854777845803803893e-02,-1.689644717134283075e-02,-1.261922726507826858e-02,-8.031771744700237289e-03
1.188333337696685296e-02,1.090161271040509345e-03,-5.004861679944546185e-03,-1.546986659204236357e-02,-3.580848214558109838e-02,-4.778648817634831986e-02,-3.568008519987297955e-02,2.034909827843262714e-02,6.019089762767501628e-02,1.581581841577836892e-02,8.815508760219187279e-02,3.028450691921787397e-01,1.000000000000000000e+00,3.214460634012989426e-01,1.036213354343810678e-01,1.618702056457848037e-01,4.490246885986338976e-02,-6.258608134269828469e-03,-6.542540131241119869e-03,-3.244486275882151050e-02,-6.553617068770976883e-02,-7.952271434182972554e-02,-7.575638628425056254e-02,-6.556569359041557188e-02,-4.986658605054241494e-02,-5.188214044510426615e-02,-1.581236412578265055e-02,-1.459796169713786090e-02,-1.969098813601461578e-02,-2.768119073043232362e-02,-1.151545808810147675e-02,-6.672000834804054856e-03
-1.611851566858014603e-02,-3.852377835574170850e-02,-5.483092643026564461e-02,-6.675015735982874066e-02,-3.786585189289224523e-02,-2.221307964188922943e-02,-2.731949135552489555e-02,-1.822942757865655614e-02,2.666377302542785599e-02,4.570801730801043322e-02,1.880724445950741897e-01,5.960443554866268201e-02,3.214460634012989426e-01,1.000000000000000000e+00,3.855212874436243498e-01,2.777327658183307846e-01,1.632744012380982490e-01,5.592883117942282906e-02,-2.735856121883573772e-02,-5.530028716733806360e-02,-2.364345605199710126e-02,-4.784669642907338899e-02,-3.877657352953226694e-02,-4.968450639724600326e-02,-2.758872921915834359e-02,3.468149996742102715e-03,-1.017479953015517150e-02,-3.524198673897405848e-02,-1.883358563309107947e-02,-2.091959652194677610e-02,4.918747006873534083e-03,-1.776478603209192056e-02
-3.080750876278976966e-02,-5.383537378407992485e-02,-3.155024393318921899e-02,-7.211163307200119110e-02,-4.911025370884743863e-02,-3.657951528333742292e-02,-4.582810165214323134e-02,-3.685003561960610574e-02,4.511896817757073824e-02,2.090956446809835723e-02,1.853004433207639245e-01,1.508285572118544249e-01,1.036213354343810678e-01,3.855212874436243498e-01,1.000000000000000000e+00,4.319610873282639374e-01,1.488521211274183575e-01,2.817333771660548644e-02,-2.058708149740022531e-02,-5.474242842136618770e-02,-4.057788537231234172e-02,-4.659792200399846818e-02,-3.563845588949488691e-02,-1.717383922896184231e-02,-1.758605977253066208e-02,-1.239375972445902127e-02,-2.497296129330277975e-02,-1.671530132537918378e-02,6.014331906443987075e-03,-2.627497249119983141e-02,1.104386652703876447e-02,-7.791373568692654475e-03
-2.196681851177258518e-02,-1.990236788668434814e-02,-2.172914508233547877e-03,-3.090704595608788959e-03,-1.712268781709223517e-02,-1.162849718456653893e-02,-1.502836457995289539e-02,9.209609617410838712e-04,2.639905368776850406e-02,9.707911185519797065e-03,8.888182535423846953e-02,1.050391091998854748e-01,1.618702056457848037e-01,2.777327658183307846e-01,4.319610873282639374e-01,1.000000000000000000e+00,5.154751444441346697e-01,1.528400513746311085e-01,-2.664387703612395610e-03,-8.219137617548237865e-03,-3.243190454068937273e-02,-3.996886927316806171e-02,-3.960492819320110547e-02,5.534415725946677548e-04,-3.297032302777265587e-04,-2.034790049749152577e-02,-4.852181717290190684e-04,1.512230947765402875e-03,-1.837609302503360326e-02,-1.271394265131936888e-02,-4.189423485229285850e-03,-1.743456940991314902e-02
-1.036679292110171714e-02,-3.370345179451429262e-03,3.494804000544978351e-03,3.489148616329582064e-03,-5.172246847512752127e-02,-4.752742033641631919e-02,-2.977315233595508037e-02,-2.278618639331449203e-02,-2.660969178821285738e-02,-3.928089730069152241e-02,1.349494536685072639e-02,2.441204235002790088e-02,4.490246885986338976e-02,1.632744012380982490e-01,1.488521211274183575e-01,5.154751444441346697e-01,1.000000000000000000e+00,4.859477783173790644e-01,6.814225899228605610e-02,3.265786383244264485e-02,3.128133987003492433e-02,-3.009493414791673468e-02,-3.912212650529677677e-02,-3.372630713910011735e-02,-4.406182699438186863e-03,-1.298927329736495814e-02,-8.122753719161799474e-03,-1.425758306647114532e-02,-3.010415415651238741e-02,-2.652108015827309151e-02,-2.216443001340337449e-02,-2.689439065776215096e-02
-1.510948706486185764e-03,-1.410872644998728553e-02,2.646187709949739120e-03,-4.179104928630331811e-02,-8.796093328824859670e-02,-6.918239856655652997e-02,-8.508173696615435599e-02,-4.019042917299738005e-02,-7.449880859565823077e-02,-7.623435559266480976e-02,-3.033208971171521759e-02,-1.185143497738281627e-02,-6.258608134269828469e-03,5.592883117942282906e-02,2.817333771660548644e-02,1.528400513746311085e-01,4.859477783173790644e-01,1.000000000000000000e+00,3.279845755618009950e-01,1.215338130437851188e-01,1.265068999937969674e-01,2.076445956091724221e-02,1.775024543847233960e-02,-2.207973619867513448e-02,3.042172263025706008e-02,2.376826597598075477e-02,1.686371853964564391e-02,-9.157631330492707047e-04,-1.419448940742249789e-02,-4.994117090195641928e-03,-6.757236505467854003e-03,-1.994071365094221907e-02
1.934029992310263776e-02,-8.831076284962548553e-03,-9.238713500710646299e-04,-3.782926965215607784e-02,-8.972627574518464433e-02,-6.278948388166019634e-02,-4.907944483558198540e-02,-9.519749403814626578e-04,-4.973603840178386637e-02,-7.759612705183742409e-02,-7.633852909727617542e-02,-1.238063739375758199e-02,-6.542540131241119869e-03,-2.735856121883573772e-02,-2.058708149740022531e-02,-2.664387703612395610e-03,6.814225899228605610e-02,3.279845755618009950e-01,1.000000000000000000e+00,4.491709817480810107e-01,1.574083280144563946e-01,9.634685634290089673e-02,6.982331819730215605e-02,-1.053615502026256090e-02,4.067795405876799969e-02,4.590212049637919928e-02,6.511306346286175641e-03,2.475372126206114992e-03,1.890760759192093229e-02,1.188101546475180299e-02,3.043192764679267508e-03,-3.916966690630097406e-03
3.400304714232444542e-02,-1.114746176352553707e-02,2.317658370160433773e-03,8.346220382565930221e-04,-6.212854017795999689e-02,-3.995140374010978240e-02,-2.322838876678928743e-02,-3.959850899230289711e-02,-9.819569428721112991e-02,-6.928767332777265031e-02,-7.654409814339792339e-02,-4.670726360046691117e-02,-3.244486275882151050e-02,-5.530028716733806360e-02,-5.474242842136618770e-02,-8.219137617548237865e-03,3.265786383244264485e-02,1.215338130437851188e-01,4.491709817480810107e-01,1.000000000000000000e+00,3.667301757002017215e-01,2.232067706686757802e-01,1.470127527443500504e-01,2.805789945089058948e-02,6.365312973784299777e-02,6.577896530816401688e-02,3.957268766326306475e-02,3.598839570034215868e-02,4.700544332224865923e-02,5.736783515757006707e-02,2.514733082639874703e-02,-2.322972579755035877e-02
1.551635814540286082e-02,4.315837658331577939e-03,-2.277636485976353500e-02,-2.901687636318341090e-02,-4.219764838427743359e-02,-7.798013469626031112e-03,1.310819914970945237e-02,-3.149792472404341209e-02,-6.928665358950775177e-02,-9.673101089986591017e-03,-7.312415843768778866e-03,-5.402363293440224506e-02,-6.553617068770976883e-02,-2.364345605199710126e-02,-4.057788537231234172e-02,-3.243190454068937273e-02,3.128133987003492433e-02,1.265068999937969674e-01,1.574083280144563946e-01,3.667301757002017215e-01,1.000000000000000000e+00,5.009103371375331903e-01,1.920046609205985078e-01,5.012056573752594890e-02,6.794961900324071602e-02,5.126840482547608685e-02,5.096343201092092684e-02,3.217447251644350165e-02,3.024239166710350132e-03,2.418357777604967715e-02,-1.689228018166765918e-02,-1.838919104343332209e-02
-8.477507633215947136e-03,1.501672427133393488e-02,2.907152305574604162e-02,2.940428104572986173e-02,-2.661613732011725367e-02,-2.565566459176574568e-02,-1.351933682379235016e-02,-6.435480120603945253e-02,-9.166220219614235054e-02,1.143661999416186077e-02,-1.529730986750505069e-02,-6.078826788678995396e-02,-7.952271434182972554e-02,-4.784669642907338899e-02,-4.659792200399846818e-02,-3.996886927316806171e-02,-3.009493414791673468e-02,2.076445956091724221e-02,9.634685634290089673e-02,2.232067706686757802e-01,5.009103371375331903e-01,1.000000000000000000e+00,4.764783799536691511e-01,2.244981787354954350e-01,1.348759850428120077e-01,6.202144997499355050e-02,1.311969340083322250e-02,-2.771165651207671901e-02,-3.488189214122339264e-03,3.353040037027295306e-02,6.743310739096342044e-03,4.981104097860629409e-03
-9.995891306009498795e-03,-2.937126864222704137e-02,2.132752097941209221e-02,1.955440747109398608e-02,-5.530787568075912208e-02,-6.715676256263213018e-02,-4.694834836841314807e-02,-6.466367091413849355e-02,-1.139748055919080488e-01,-5.381117946223624299e-02,-4.969615327111009256e-02,-4.459191475563174800e-02,-7.575638628425056254e-02,-3.877657352953226694e-02,-3.563845588949488691e-02,-3.960492819320110547e-02,-3.912212650529677677e-02,1.775024543847233960e-02,6.982331819730215605e-02,1.470127527443500504e-01,1.920046609205985078e-01,4.764783799536691511e-01,1.000000000000000000e+00,4.207210700985467566e-01,2.704616851257405363e-01,1.276017247285193557e-01,6.169294541508354990e-02,9.107509700350849974e-03,5.585846438196139657e-02,8.928584793621258120e-02,5.159198027630078343e-02,-6.213448502441755407e-04
-2.319985810133720627e-02,-7.806361811697567175e-03,4.617540893518101361e-03,-2.879832579083720090e-02,-5.575498625163160388e-02,-8.865527177238040346e-02,-8.111064883475065102e-02,-7.413247334909900399e-02,-7.438415347425759994e-02,-1.998575259000500912e-02,-3.621912284399642773e-02,-5.672489760550535054e-02,-6.556569359041557188e-02,-4.968450639724600326e-02,-1.717383922896184231e-02,5.534415725946677548e-04,-3.372630713910011735e-02,-2.207973619867513448e-02,-1.053615502026256090e-02,2.805789945089058948e-02,5.012056573752594890e-02,2.244981787354954350e-01,4.207210700985467566e-01,1.000000000000000000e+00,4.426058335607820915e-01,1.924391990529597807e-01,5.490892549135746592e-02,1.913889081778595916e-02,4.926597000795722436e-03,5.426318509656730821e-02,-6.443923049921012475e-03,2.947467931964575794e-02
-8.620325391236518739e-03,-7.256754644760072398e-03,-8.215054228777824222e-03,-5.312598797987486132e-02,-6.585743248924288973e-02,-7.988675647663068258e-02,-6.821312230642896657e-02,-6.120898275731394972e-02,-8.371833012222218429e-02,-5.871897705689963637e-02,-5.484980872042884842e-02,-6.651623608838114210e-02,-4.986658605054241494e-02,-2.758872921915834359e-02,-1.758605977253066208e-02,-3.297032302777265587e-04,-4.406182699438186863e-03,3.042172263025706008e-02,4.067795405876799969e-02,6.365312973784299777e-02,6.794961900324071602e-02,1.348759850428120077e-01,2.704616851257405363e-01,4.426058335607820915e-01,1.000000000000000000e+00,4.922818023911656460e-01,1.340268637421961617e-01,8.239209403581079783e-02,6.689451822990045982e-02,7.739587499560281192e-02,-8.829116207884020462e-03,3.609815023291373763e-03
-1.962248678971416360e-02,-5.279317710033484129e-02,-5.501649744841553835e-02,-8.492479411356508578e-02,-5.718874437035526698e-02,-6.262421449687105568e-02,-6.678429121424180048e-02,-5.242202814064849531e-02,-6.259157376948801255e-02,-7.493600997300678239e-03,-4.335549057817121577e-02,-7.221255670354176370e-02,-5.188214044510426615e-02,3.468149996742102715e-03,-1.239375972445902127e-02,-2.034790049749152577e-02,-1.298927329736495814e-02,2.376826597598075477e-02,4.590212049637919928e-02,6.577896530816401688e-02,5.126840482547608685e-02,6.202144997499355050e-02,1.276017247285193557e-01,1.924391990529597807e-01,4.922818023911656460e-01,1.000000000000000000e+00,2.981193874228048601e-01,1.711093683377487018e-01,1.143811393700179813e-01,8.828858289541324789e-02,5.908112634898498444e-02,3.182244191469071892e-02
-6.518216627252015373e-03,-5.797925060032695782e-02,-3.788338608624013115e-02,-2.676896324942195510e-02,-4.181962475365415960e-02,-7.204337606011287920e-02,-2.708454263705123780e-02,-2.646242117162746557e-03,-6.052017162450902543e-02,-3.322241217269040342e-02,-6.341490071800461037e-02,-5.247817534687426733e-02,-1.581236412578265055e-02,-1.017479953015517150e-02,-2.497296129330277975e-02,-4.852181717290190684e-04,-8.122753719161799474e-03,1.686371853964564391e-02,6.511306346286175641e-03,3.957268766326306475e-02,5.096343201092092684e-02,1.311969340083322250e-02,6.169294541508354990e-02,5.490892549135746592e-02,1.340268637421961617e-01,2.981193874228048601e-01,1.000000000000000000e+00,4.141808993235377434e-01,3.526404756134594084e-03,1.580806418444418715e-01,9.789099087824862377e-02,5.721625112089767651e-02
-2.702582064677893151e-02,-4.114072460490835609e-02,-1.190435991637498782e-02,-1.276053895058122493e-02,-2.370855212780837579e-02,-3.958361146750995208e-02,-1.917433469694327861e-02,1.812347541150673494e-02,-1.532267011216902931e-02,-1.836980333471614074e-02,-2.217849871149771626e-02,-3.167846230694903314e-02,-1.459796169713786090e-02,-3.524198673897405848e-02,-1.671530132537918378e-02,1.512230947765402875e-03,-1.425758306647114532e-02,-9.157631330492707047e-04,2.475372126206114992e-03,3.598839570034215868e-02,3.217447251644350165e-02,-2.771165651207671901e-02,9.107509700350849974e-03,1.913889081778595916e-02,8.239209403581079783e-02,1.711093683377487018e-01,4.141808993235377434e-01,1.000000000000000000e+00,2.324349927791898862e-01,7.995750127716406974e-02,6.430019222038307891e-02,3.688158884693234357e-02
-3.603714540083578777e-02,-5.786393656995493517e-02,-3.677070173919941287e-02,-1.632781540483737442e-02,-5.095192170829349748e-02,-3.676359272903099995e-02,-5.720671821775287491e-02,-7.561424489143446850e-03,-2.582536919777207382e-02,-5.040429104229774034e-03,-2.061961202424802270e-02,-1.854777845803803893e-02,-1.969098813601461578e-02,-1.883358563309107947e-02,6.014331906443987075e-03,-1.837609302503360326e-02,-3.010415415651238741e-02,-1.419448940742249789e-02,1.890760759192093229e-02,4.700544332224865923e-02,3.024239166710350132e-03,-3.488189214122339264e-03,5.585846438196139657e-02,4.926597000795722436e-03,6.689451822990045982e-02,1.143811393700179813e-01,3.526404756134594084e-03,2.324349927791898862e-01,1.000000000000000000e+00,3.121547943414477722e-01,2.033215642956021085e-01,6.493144708040893276e-02
-2.111195757489696401e-02,-5.411897364085464096e-02,-4.562865517308940105e-02,-1.260525327052927809e-02,-2.708777655163908601e-02,-3.482334491816918565e-02,-1.774850985045061530e-02,1.408810284260394140e-02,-3.837933946401989038e-02,-7.772942610420535865e-03,-5.236118101472516696e-03,-1.689644717134283075e-02,-2.768119073043232362e-02,-2.091959652194677610e-02,-2.627497249119983141e-02,-1.271394265131936888e-02,-2.652108015827309151e-02,-4.994117090195641928e-03,1.188101546475180299e-02,5.736783515757006707e-02,2.418357777604967715e-02,3.353040037027295306e-02,8.928584793621258120e-02,5.426318509656730821e-02,7.739587499560281192e-02,8.828858289541324789e-02,1.580806418444418715e-01,7.995750127716406974e-02,3.121547943414477722e-01,1.000000000000000000e+00,4.795726885270192863e-01,2.846744634340045432e-01
-2.995794131290563378e-02,-5.374411218495187686e-02,-6.116845224737301606e-02,-3.808779639544979806e-02,-5.225284308917885895e-02,-1.883039530501599487e-02,-1.922497361447415495e-02,8.176140557842211803e-03,-1.539778519993530159e-02,3.146891602844924946e-02,1.968902584939139291e-02,-1.261922726507826858e-02,-1.151545808810147675e-02,4.918747006873534083e-03,1.104386652703876447e-02,-4.189423485229285850e-03,-2.216443001340337449e-02,-6.757236505467854003e-03,3.043192764679267508e-03,2.514733082639874703e-02,-1.689228018166765918e-02,6.743310739096342044e-03,5.159198027630078343e-02,-6.443923049921012475e-03,-8.829116207884020462e-03,5.908112634898498444e-02,9.789099087824862377e-02,6.430019222038307891e-02,2.033215642956021085e-01,4.795726885270192863e-01,1.000000000000000000e+00,3.451630760561107958e-01
-3.635879910835002060e-02,-4.326438205749512378e-02,-5.331969027689036772e-02,-4.381176757609681754e-02,-3.732589917362114790e-02,-9.506867227858274358e-03,-2.156703665919106408e-02,-2.261235049177878070e-02,-3.062910145479852408e-02,4.937135070028272725e-03,5.724811102073318336e-03,-8.031771744700237289e-03,-6.672000834804054856e-03,-1.776478603209192056e-02,-7.791373568692654475e-03,-1.743456940991314902e-02,-2.689439065776215096e-02,-1.994071365094221907e-02,-3.916966690630097406e-03,-2.322972579755035877e-02,-1.838919104343332209e-02,4.981104097860629409e-03,-6.213448502441755407e-04,2.947467931964575794e-02,3.609815023291373763e-03,3.182244191469071892e-02,5.721625112089767651e-02,3.688158884693234357e-02,6.493144708040893276e-02,2.846744634340045432e-01,3.451630760561107958e-01,1.000000000000000000e+00
