1.000000000000000000e+00,4.559169710127226050e-01,2.785177996395426514e-01,-2.514447932786680745e-03,-2.114664612745830244e-02,8.568954299680841061e-03,4.833823545519724124e-02,5.564123718679406944e-02,3.675356214526117205e-03,-1.492940343941284373e-02,-2.365250837188667687e-02,3.340107345551557305e-02,-7.025570361885055855e-03,-3.575889154760140964e-02,-7.282749289500997864e-04,-3.029914779513727049e-02,-1.833928341803373399e-02,-3.660290495845179570e-02,-2.213840119128789030e-02,-5.539842939419506278e-03,-1.779517611588526602e-02,-1.041512762918600857e-02,9.202592735818188388e-03,-2.725047914774820362e-02,-3.019306781625879371e-02,-4.431503587664754190e-02,-5.013691700539385510e-02,-2.861694607525921280e-02,-3.695891674276388650e-02,-6.400045316240633719e-02,-2.513425150176520906e-02,-3.489010242360560121e-02
4.559169710127226050e-01,1.000000000000000000e+00,5.496085568069597471e-01,1.803935479537537578e-01,-1.555405059882545779e-02,-4.694907830596723591e-02,-6.463912570941518498e-02,1.146884863365774630e-02,-4.378378491512675136e-02,-6.930506475153153101e-02,-8.003681452025684928e-02,-6.764357826309186361e-02,-6.988189604373083730e-02,-2.866922435977468236e-02,-2.122914847103717778e-02,-2.254497762082529819e-02,-3.192779950086971352e-02,-2.011651046706570967e-02,-4.830118664982428062e-02,-4.769621699500695144e-02,-4.157972513391670899e-02,-2.126861728104699131e-02,-4.096157899612441755e-02,-6.061824871914089224e-02,-6.627865067690213996e-02,-4.623887008482878425e-02,-3.236389667030919320e-02,-5.839475490928666863e-03,-3.067874713953899421e-02,-5.010251573179032997e-02,-3.154742891004212735e-02,-1.515212832004253669e-02
2.785177996395426514e-01,5.496085568069597471e-01,1.000000000000000000e+00,5.383315502912605632e-01,1.176175660148365970e-01,-1.807677590853026470e-02,-9.115258263177111742e-02,4.213461413551283547e-04,2.788073932857480439e-02,-4.566456913875773654e-02,-9.727252121623225500e-02,-5.676720775495931737e-02,-3.778592961951277723e-02,-3.112402850608766633e-02,1.586137195526279853e-02,-1.195449205771282296e-02,-8.306407493926897673e-03,-1.074411580173036465e-02,-2.505094133600507117e-02,-5.125815089146736753e-02,-4.510609496139927899e-02,-5.082497325794585463e-02,-4.566003986875583065e-02,-6.630680461139176751e-02,-1.014604930452098347e-01,-8.747881495844421484e-02,-7.625848343473001778e-02,2.025265343882017097e-03,-2.216110165360718476e-02,-1.038620722498011656e-01,-6.923944880809293489e-02,-3.978667607881199858e-02
-2.514447932786680745e-03,1.803935479537537578e-01,5.383315502912605632e-01,1.000000000000000000e+00,3.307437017642728128e-01,1.295627687921968862e-01,-4.352116830298825845e-02,-1.861244137213097921e-02,4.100791125474484433e-02,-6.889747603628115780e-02,-1.166305970306608930e-01,-6.902575169674304845e-02,-4.307424092674593669e-02,-2.647885890029609210e-02,-2.533784005728500696e-02,-9.352204586582172838e-03,-2.399726721064569801e-02,-2.588773857975903980e-02,1.697417219395030638e-02,-3.633501962633363391e-02,-1.548396868410926129e-02,-3.288947143319912586e-02,-5.278172792735548458e-02,-5.560541964134340515e-02,-7.964485976153704017e-02,-7.794453282276615769e-02,-4.567135981493123525e-02,-1.525906826037751012e-02,1.032528569023550722e-03,-8.715449066557820479e-02,-2.482669791092705081e-02,-2.837047874863439512e-02
-2.114664612745830244e-02,-1.555405059882545779e-02,1.176175660148365970e-01,3.307437017642728128e-01,1.000000000000000000e+00,4.946110719101226572e-01,1.355752561686928148e-01,3.499566313290969344e-02,6.991163000216682466e-02,1.586306614934973255e-02,-6.992116367069198257e-02,-1.122900922479841274e-01,-1.151091939170630768e-01,-5.081446657971414038e-02,-6.856380062118197505e-02,-5.869330404619753361e-02,-5.286086355115747482e-02,-1.018757304768220240e-01,1.419454664625668765e-02,-1.293007583187450599e-02,-8.763879623589159937e-03,-6.251188384624005792e-03,-2.856728688627342000e-02,-8.092068024551239691e-02,-5.727598438349175425e-02,-8.289601267123866690e-02,-9.503470949356737640e-02,-5.431371191332877435e-02,-8.156945950178521448e-03,-9.203689190254030206e-02,-4.483869291943352875e-02,-4.727972009876077464e-02
8.568954299680841061e-03,-4.694907830596723591e-02,-1.807677590853026470e-02,1.295627687921968862e-01,4.946110719101226572e-01,1.000000000000000000e+00,4.996112414795518819e-01,2.006436249692338802e-01,1.054345012305986373e-01,1.299630411397038367e-02,-6.185666365332771754e-02,-9.266411019043500896e-02,-1.145179534968992496e-01,-6.416614918750247754e-02,-1.052473850044931131e-01,-9.510635088633923040e-02,-6.269977449075882225e-02,-1.110589887667071674e-01,-3.897527908764662069e-02,-7.141574825465710208e-02,-3.203054486197604023e-02,-1.336200063875310484e-02,-4.626890869969679798e-02,-5.798427246301418592e-02,-3.925911624870472016e-02,-6.003136242809330864e-02,-7.307547070003013456e-02,-5.515146398705793318e-02,-3.741964960796771017e-02,-8.424971250192957173e-02,-5.634157088410324254e-02,-6.336359693813832517e-03
4.833823545519724124e-02,-6.463912570941518498e-02,-9.115258263177111742e-02,-4.352116830298825845e-02,1.355752561686928148e-01,4.996112414795518819e-01,1.000000000000000000e+00,3.661864782644437266e-01,1.640094564482802164e-01,5.719431156229485419e-02,-1.154366465282522305e-02,-4.349602974620456891e-02,-9.000321961631005396e-02,-5.969217087861018560e-03,-8.587293568047904557e-02,-1.037230805346111839e-01,-5.515516526729020291e-02,-1.161402389453217027e-01,-4.004893602863198593e-02,-5.392638603176747730e-02,9.776514749330358217e-03,1.827044593560854871e-02,-4.609985553652994061e-02,-4.342449196731715255e-02,-6.531165059602836442e-02,-5.148673962451070368e-02,-6.144794496685063168e-02,-5.740486164805646413e-02,-4.871940987851773597e-02,-9.150440414835021852e-02,-5.645949068588922842e-02,-1.977920751016693651e-02
5.564123718679406944e-02,1.146884863365774630e-02,4.213461413551283547e-04,-1.861244137213097921e-02,3.499566313290969344e-02,2.006436249692338802e-01,3.661864782644437266e-01,1.000000000000000000e+00,4.933815086848697962e-01,1.651329277818006369e-01,5.904793296527929836e-02,-4.652048893829156123e-02,-9.162081751998579771e-02,-1.104334147136286012e-02,6.650685201600953743e-03,1.900058378599208233e-03,1.748416386053761734e-02,-2.264239844909198343e-02,-6.857087486261446985e-02,-4.586161622553030365e-02,-8.403419578830128439e-03,-6.350113022082970113e-03,-2.011628692811935973e-02,-3.476980844921490066e-02,-6.951739977034336604e-02,-3.433674776520972971e-02,-4.500257611168603789e-02,-3.796182030570649513e-02,-4.880685598930733365e-02,-4.382502160677228392e-02,-2.867900795055991839e-02,2.588208202265265562e-03
3.675356214526117205e-03,-4.378378491512675136e-02,2.788073932857480439e-02,4.100791125474484433e-02,6.991163000216682466e-02,1.054345012305986373e-01,1.640094564482802164e-01,4.933815086848697962e-01,1.000000000000000000e+00,3.891997029672732422e-01,1.153933881435722786e-01,-1.298911731870709164e-02,1.389766845849495745e-02,5.899296102159384131e-02,6.973639266476669082e-03,-7.759630491465044008e-03,-1.049277881493989456e-02,-4.611037632650049484e-02,-8.049694835333699727e-02,-3.102335412103504955e-02,-6.376451251650588382e-03,-2.528009376479930723e-02,-2.226822925818894988e-02,-2.968220037980415574e-02,-6.624258334999318099e-02,-5.003012243601250714e-02,-3.776795035343094575e-02,-2.399851946818828963e-02,-9.697590847482798204e-03,-4.559769962288457573e-02,-2.933437974265305434e-02,-3.744960397337594032e-02
-1.492940343941284373e-02,-6.930506475153153101e-02,-4.566456913875773654e-02,-6.889747603628115780e-02,1.586306614934973255e-02,1.299630411397038367e-02,5.719431156229485419e-02,1.651329277818006369e-01,3.891997029672732422e-01,1.000000000000000000e+00,5.088250423551916590e-01,3.117855877276756379e-02,3.680975387690391121e-02,1.725960523214584152e-01,9.462054381627978128e-02,1.233666186096130934e-01,8.343946951288105929e-02,2.924539954596609703e-02,-5.128280503622311554e-02,-9.235300407385465746e-03,-9.535519428673965361e-03,-3.237515343987933808e-02,-2.508702736912574172e-02,-4.061079714514323480e-02,-3.903652292386838862e-02,-1.665464169687189827e-02,-2.614766894972239339e-02,-1.468379012290069348e-02,-7.836278802916381292e-03,-2.770987235305305899e-02,-5.747841978566142068e-02,-2.639196941171971858e-02
-2.365250837188667687e-02,-8.003681452025684928e-02,-9.727252121623225500e-02,-1.166305970306608930e-01,-6.992116367069198257e-02,-6.185666365332771754e-02,-1.154366465282522305e-02,5.904793296527929836e-02,1.153933881435722786e-01,5.088250423551916590e-01,1.000000000000000000e+00,3.111021225337689544e-01,3.665145619818419714e-02,2.616418285940784183e-01,2.276575413704247652e-01,1.781334871314529389e-01,1.356805773101442958e-01,1.227048279255530533e-01,1.662040160622407087e-02,3.871298992762344654e-02,3.782843527837026487e-02,3.367247773901691616e-04,4.684721725415499460e-04,-2.574130469234671773e-02,-1.992138456330411547e-02,-2.230588687356341651e-02,-1.328924366438969870e-02,-1.425891162751495404e-02,-2.442755343767833917e-02,-3.873772039684511559e-02,-9.133911788835315237e-02,-7.148946125340958913e-02
3.340107345551557305e-02,-6.764357826309186361e-02,-5.676720775495931737e-02,-6.902575169674304845e-02,-1.122900922479841274e-01,-9.266411019043500896e-02,-4.349602974620456891e-02,-4.652048893829156123e-02,-1.298911731870709164e-02,3.117855877276756379e-02,3.111021225337689544e-01,1.000000000000000000e+00,3.202362936356329404e-01,1.218042619004106597e-01,1.779447765894076050e-01,1.688844559081343066e-01,1.143390690462589149e-01,8.440439748035792611e-02,3.278687186529363057e-02,6.570859047225188765e-02,-2.357416616309720644e-02,-5.146732611103448096e-02,-2.978156652138597496e-02,1.877757036244755845e-02,1.968075527754768392e-02,1.451740686990535961e-02,-9.995367767205071835e-03,3.269615787287588615e-02,-1.170156841053288273e-02,-2.306151809279410186e-02,-4.022663757759343400e-02,-8.122916157428868023e-02
-7.025570361885055855e-03,-6.988189604373083730e-02,-3.778592961951277723e-02,-4.307424092674593669e-02,-1.151091939170630768e-01,-1.145179534968992496e-01,-9.000321961631005396e-02,-9.162081751998579771e-02,1.389766845849495745e-02,3.680975387690391121e-02,3.665145619818419714e-02,3.202362936356329404e-01,1.000000000000000000e+00,3.231004240969566621e-01,5.613371831698422965e-02,2.624655001894808382e-01,1.556102607812769878e-01,8.123208424687819451e-02,-2.438976564571190137e-02,4.531095014034738910e-02,-4.242105892149515556e-02,-4.439410239967656741e-02,-5.554038581519020468e-02,6.018106125782460986e-02,1.173871584836854755e-02,-1.974831833160621553e-02,1.422189109333267532e-02,1.483951801893169248e-02,-1.017715761434013003e-02,-5.478125334350163363e-03,-1.987051895128737894e-02,-4.633366928500893406e-02
-3.575889154760140964e-02,-2.866922435977468236e-02,-3.112402850608766633e-02,-2.647885890029609210e-02,-5.081446657971414038e-02,-6.416614918750247754e-02,-5.969217087861018560e-03,-1.104334147136286012e-02,5.899296102159384131e-02,1.725960523214584152e-01,2.616418285940784183e-01,1.218042619004106597e-01,3.231004240969566621e-01,1.000000000000000000e+00,3.599487965199839046e-01,2.409084841221436069e-01,1.110222481256694788e-01,7.182776528033515961e-02,-6.034047385550355552e-02,-2.875897726731166393e-02,-3.472477991939836722e-02,-2.633234462704820214e-02,-5.685924653137731238e-02,-5.392794652833953623e-02,-6.744201355333807879e-02,-1.326959240676252143e-02,-1.054640994197615644e-02,2.352693854829803616e-02,-2.439739951225916234e-02,-3.886738979429094076e-02,-4.874628759838253722e-02,-5.461295825177266833e-02
-7.282749289500997864e-04,-2.122914847103717778e-02,1.586137195526279853e-02,-2.533784005728500696e-02,-6.856380062118197505e-02,-1.052473850044931131e-01,-8.587293568047904557e-02,6.650685201600953743e-03,6.973639266476669082e-03,9.462054381627978128e-02,2.276575413704247652e-01,1.779447765894076050e-01,5.613371831698422965e-02,3.599487965199839046e-01,1.000000000000000000e+00,4.322686228458731961e-01,2.437495094135754548e-01,1.877362550203486580e-01,1.054795147616900339e-02,-6.128629324073166240e-02,-5.572567891456289488e-03,5.502267163264312061e-02,1.275046124067564894e-02,7.622257023529812117e-03,-2.854286873171509725e-02,4.585584638045132541e-03,-9.075808030592767348e-03,2.962889386629647369e-03,-3.344690902499051349e-02,-6.985970752053183297e-02,-7.223140242076665773e-02,-4.950466587926657946e-02
-3.029914779513727049e-02,-2.254497762082529819e-02,-1.195449205771282296e-02,-9.352204586582172838e-03,-5.869330404619753361e-02,-9.510635088633923040e-02,-1.037230805346111839e-01,1.900058378599208233e-03,-7.759630491465044008e-03,1.233666186096130934e-01,1.781334871314529389e-01,1.688844559081343066e-01,2.624655001894808382e-01,2.409084841221436069e-01,4.322686228458731961e-01,1.000000000000000000e+00,5.117292471470136217e-01,2.228897939775303927e-01,-4.657661937726863266e-02,-5.614972668754264484e-02,-3.550874406832165570e-02,6.095519172811334450e-03,-4.408879820639853911e-03,6.254991843762466863e-02,3.226985367842701014e-02,5.875223922325842341e-02,1.814530963314531925e-02,1.634976504152638177e-02,-8.032489779331096480e-03,8.844135973228219733e-03,-4.067830453156109222e-02,-2.327072662821756330e-02
-1.833928341803373399e-02,-3.192779950086971352e-02,-8.306407493926897673e-03,-2.399726721064569801e-02,-5.286086355115747482e-02,-6.269977449075882225e-02,-5.515516526729020291e-02,1.748416386053761734e-02,-1.049277881493989456e-02,8.343946951288105929e-02,1.356805773101442958e-01,1.143390690462589149e-01,1.556102607812769878e-01,1.110222481256694788e-01,2.437495094135754548e-01,5.117292471470136217e-01,1.000000000000000000e+00,5.266237612921790268e-01,3.600678728982954074e-02,-1.953141161917851601e-02,-3.221830830621993935e-02,7.041320557044396071e-03,-4.146002066890510512e-02,4.348704320216966596e-02,1.844717729070968065e-02,5.727118125841331592e-02,1.803772008116620931e-02,-2.493397463096728994e-02,-5.874041664916018063e-02,-2.652045657781815918e-02,-5.378199978209564913e-02,-4.378502430268523676e-02
-3.660290495845179570e-02,-2.011651046706570967e-02,-1.074411580173036465e-02,-2.588773857975903980e-02,-1.018757304768220240e-01,-1.110589887667071674e-01,-1.161402389453217027e-01,-2.264239844909198343e-02,-4.611037632650049484e-02,2.924539954596609703e-02,1.227048279255530533e-01,8.440439748035792611e-02,8.123208424687819451e-02,7.182776528033515961e-02,1.877362550203486580e-01,2.228897939775303927e-01,5.266237612921790268e-01,1.000000000000000000e+00,3.219170977341059281e-01,1.267463961758175661e-01,-2.321889848357241298e-02,-4.418876731575826469e-04,5.286591154943761153e-03,7.754236463916321098e-02,4.507591430671006177e-02,2.941244185920640491e-02,5.238281545611728207e-02,1.053895573946761130e-02,-4.441136799153273113e-02,-1.337498535605778985e-02,-2.791511266739448230e-02,-3.433245267441881188e-02
-2.213840119128789030e-02,-4.830118664982428062e-02,-2.505094133600507117e-02,1.697417219395030638e-02,1.419454664625668765e-02,-3.897527908764662069e-02,-4.004893602863198593e-02,-6.857087486261446985e-02,-8.049694835333699727e-02,-5.128280503622311554e-02,1.662040160622407087e-02,3.278687186529363057e-02,-2.438976564571190137e-02,-6.034047385550355552e-02,1.054795147616900339e-02,-4.657661937726863266e-02,3.600678728982954074e-02,3.219170977341059281e-01,1.000000000000000000e+00,4.582254776843127653e-01,1.477460046534806171e-01,5.900982687097149071e-02,1.810671519627702827e-02,3.513171097633645268e-02,3.262550464997450439e-02,-1.384807472590920269e-02,3.883269291807448648e-02,-2.071523400972352658e-02,-3.660190700845236678e-02,-3.109762869240486824e-02,-3.703508391974679164e-03,-4.545023286757993164e-02
-5.539842939419506278e-03,-4.769621699500695144e-02,-5.125815089146736753e-02,-3.633501962633363391e-02,-1.293007583187450599e-02,-7.141574825465710208e-02,-5.392638603176747730e-02,-4.586161622553030365e-02,-3.102335412103504955e-02,-9.235300407385465746e-03,3.871298992762344654e-02,6.570859047225188765e-02,4.531095014034738910e-02,-2.875897726731166393e-02,-6.128629324073166240e-02,-5.614972668754264484e-02,-1.953141161917851601e-02,1.267463961758175661e-01,4.582254776843127653e-01,1.000000000000000000e+00,3.010428761790703289e-01,1.118512358727156986e-01,5.563021162396902808e-02,-3.989114576220647787e-03,2.736774552895914966e-02,2.609967973710279610e-02,2.558757394171143340e-02,-4.881409303963350765e-02,-4.588787787074654484e-02,2.696673939583567759e-03,-2.106715717688892667e-02,-5.785630715570761612e-02
-1.779517611588526602e-02,-4.157972513391670899e-02,-4.510609496139927899e-02,-1.548396868410926129e-02,-8.763879623589159937e-03,-3.203054486197604023e-02,9.776514749330358217e-03,-8.403419578830128439e-03,-6.376451251650588382e-03,-9.535519428673965361e-03,3.782843527837026487e-02,-2.357416616309720644e-02,-4.242105892149515556e-02,-3.472477991939836722e-02,-5.572567891456289488e-03,-3.550874406832165570e-02,-3.221830830621993935e-02,-2.321889848357241298e-02,1.477460046534806171e-01,3.010428761790703289e-01,1.000000000000000000e+00,4.777890549671128806e-01,1.627228371546773078e-01,8.439147101199155621e-02,8.822894079641353804e-02,2.724013323315292376e-02,3.211866821942083866e-02,-4.041596123440404503e-02,-1.347212980276389464e-02,-1.456004892016438644e-02,-2.315612499429299184e-02,-3.427718421433548213e-02
-1.041512762918600857e-02,-2.126861728104699131e-02,-5.082497325794585463e-02,-3.288947143319912586e-02,-6.251188384624005792e-03,-1.336200063875310484e-02,1.827044593560854871e-02,-6.350113022082970113e-03,-2.528009376479930723e-02,-3.237515343987933808e-02,3.367247773901691616e-04,-5.146732611103448096e-02,-4.439410239967656741e-02,-2.633234462704820214e-02,5.502267163264312061e-02,6.095519172811334450e-03,7.041320557044396071e-03,-4.418876731575826469e-04,5.900982687097149071e-02,1.118512358727156986e-01,4.777890549671128806e-01,1.000000000000000000e+00,4.620785445012548509e-01,2.474041502425351202e-01,2.121737293857591522e-01,4.281715061157893853e-02,1.279965805152008008e-02,-6.709522865258196744e-02,-4.906792611525150755e-02,-2.350836813765791108e-02,-3.477950208437872309e-02,-2.888305324509687216e-02
9.202592735818188388e-03,-4.096157899612441755e-02,-4.566003986875583065e-02,-5.278172792735548458e-02,-2.856728688627342000e-02,-4.626890869969679798e-02,-4.609985553652994061e-02,-2.011628692811935973e-02,-2.226822925818894988e-02,-2.508702736912574172e-02,4.684721725415499460e-04,-2.978156652138597496e-02,-5.554038581519020468e-02,-5.685924653137731238e-02,1.275046124067564894e-02,-4.408879820639853911e-03,-4.146002066890510512e-02,5.286591154943761153e-03,1.810671519627702827e-02,5.563021162396902808e-02,1.627228371546773078e-01,4.620785445012548509e-01,1.000000000000000000e+00,3.899688719429091899e-01,2.163703245378030549e-01,3.431867979443459921e-02,-3.416664541621756979e-02,-2.576118212499264176e-02,-2.091446513813604441e-02,-2.951670019813586524e-02,-4.285531717816812997e-02,1.058211487155034762e-02
-2.725047914774820362e-02,-6.061824871914089224e-02,-6.630680461139176751e-02,-5.560541964134340515e-02,-8.092068024551239691e-02,-5.798427246301418592e-02,-4.342449196731715255e-02,-3.476980844921490066e-02,-2.968220037980415574e-02,-4.061079714514323480e-02,-2.574130469234671773e-02,1.877757036244755845e-02,6.018106125782460986e-02,-5.392794652833953623e-02,7.622257023529812117e-03,6.254991843762466863e-02,4.348704320216966596e-02,7.754236463916321098e-02,3.513171097633645268e-02,-3.989114576220647787e-03,8.439147101199155621e-02,2.474041502425351202e-01,3.899688719429091899e-01,1.000000000000000000e+00,4.742303815602652017e-01,1.565809956281622728e-01,4.367282370310230505e-02,3.022242763609273020e-02,-1.503528479181924678e-02,-5.792436694386430066e-03,-2.852737789955542974e-02,5.800914629904883879e-02
-3.019306781625879371e-02,-6.627865067690213996e-02,-1.014604930452098347e-01,-7.964485976153704017e-02,-5.727598438349175425e-02,-3.925911624870472016e-02,-6.531165059602836442e-02,-6.951739977034336604e-02,-6.624258334999318099e-02,-3.903652292386838862e-02,-1.992138456330411547e-02,1.968075527754768392e-02,1.173871584836854755e-02,-6.744201355333807879e-02,-2.854286873171509725e-02,3.226985367842701014e-02,1.844717729070968065e-02,4.507591430671006177e-02,3.262550464997450439e-02,2.736774552895914966e-02,8.822894079641353804e-02,2.121737293857591522e-01,2.163703245378030549e-01,4.742303815602652017e-01,1.000000000000000000e+00,4.549206638858407925e-01,1.311031131514483195e-01,1.229327692193838695e-01,-4.132654794749620469e-02,1.486498224450972551e-02,9.129964454071763658e-03,4.505713100502554275e-02
-4.431503587664754190e-02,-4.623887008482878425e-02,-8.747881495844421484e-02,-7.794453282276615769e-02,-8.289601267123866690e-02,-6.003136242809330864e-02,-5.148673962451070368e-02,-3.433674776520972971e-02,-5.003012243601250714e-02,-1.665464169687189827e-02,-2.230588687356341651e-02,1.451740686990535961e-02,-1.974831833160621553e-02,-1.326959240676252143e-02,4.585584638045132541e-03,5.875223922325842341e-02,5.727118125841331592e-02,2.941244185920640491e-02,-1.384807472590920269e-02,2.609967973710279610e-02,2.724013323315292376e-02,4.281715061157893853e-02,3.431867979443459921e-02,1.565809956281622728e-01,4.549206638858407925e-01,1.000000000000000000e+00,3.302598077582537539e-01,1.391993097191464301e-01,-1.206520626584998979e-01,4.007709760995144428e-03,-4.802300995883389961e-02,1.158521178678676702e-03
-5.013691700539385510e-02,-3.236389667030919320e-02,-7.625848343473001778e-02,-4.567135981493123525e-02,-9.503470949356737640e-02,-7.307547070003013456e-02,-6.144794496685063168e-02,-4.500257611168603789e-02,-3.776795035343094575e-02,-2.614766894972239339e-02,-1.328924366438969870e-02,-9.995367767205071835e-03,1.422189109333267532e-02,-1.054640994197615644e-02,-9.075808030592767348e-03,1.814530963314531925e-02,1.803772008116620931e-02,5.238281545611728207e-02,3.883269291807448648e-02,2.558757394171143340e-02,3.211866821942083866e-02,1.279965805152008008e-02,-3.416664541621756979e-02,4.367282370310230505e-02,1.311031131514483195e-01,3.302598077582537539e-01,1.000000000000000000e+00,3.903114740696037588e-01,-1.087250135549035213e-01,1.918419082642646711e-01,1.095869790009393330e-01,4.346804305291289416e-02
-2.861694607525921280e-02,-5.839475490928666863e-03,2.025265343882017097e-03,-1.525906826037751012e-02,-5.431371191332877435e-02,-5.515146398705793318e-02,-5.740486164805646413e-02,-3.796182030570649513e-02,-2.399851946818828963e-02,-1.468379012290069348e-02,-1.425891162751495404e-02,3.269615787287588615e-02,1.483951801893169248e-02,2.352693854829803616e-02,2.962889386629647369e-03,1.634976504152638177e-02,-2.493397463096728994e-02,1.053895573946761130e-02,-2.071523400972352658e-02,-4.881409303963350765e-02,-4.041596123440404503e-02,-6.709522865258196744e-02,-2.576118212499264176e-02,3.022242763609273020e-02,1.229327692193838695e-01,1.391993097191464301e-01,3.903114740696037588e-01,1.000000000000000000e+00,2.118371364431778092e-01,1.488757253915186096e-01,1.078031624713801234e-01,2.734832304818107448e-02
-3.695891674276388650e-02,-3.067874713953899421e-02,-2.216110165360718476e-02,1.032528569023550722e-03,-8.156945950178521448e-03,-3.741964960796771017e-02,-4.871940987851773597e-02,-4.880685598930733365e-02,-9.697590847482798204e-03,-7.836278802916381292e-03,-2.442755343767833917e-02,-1.170156841053288273e-02,-1.017715761434013003e-02,-2.439739951225916234e-02,-3.344690902499051349e-02,-8.032489779331096480e-03,-5.874041664916018063e-02,-4.441136799153273113e-02,-3.660190700845236678e-02,-4.588787787074654484e-02,-1.347212980276389464e-02,-4.906792611525150755e-02,-2.091446513813604441e-02,-1.503528479181924678e-02,-4.132654794749620469e-02,-1.206520626584998979e-01,-1.087250135549035213e-01,2.118371364431778092e-01,1.000000000000000000e+00,3.620968153039031412e-01,1.434958201939324773e-01,4.662956489009965205e-02
-6.400045316240633719e-02,-5.010251573179032997e-02,-1.038620722498011656e-01,-8.715449066557820479e-02,-9.203689190254030206e-02,-8.424971250192957173e-02,-9.150440414835021852e-02,-4.382502160677228392e-02,-4.559769962288457573e-02,-2.770987235305305899e-02,-3.873772039684511559e-02,-2.306151809279410186e-02,-5.478125334350163363e-03,-3.886738979429094076e-02,-6.985970752053183297e-02,8.844135973228219733e-03,-2.652045657781815918e-02,-1.337498535605778985e-02,-3.109762869240486824e-02,2.696673939583567759e-03,-1.456004892016438644e-02,-2.350836813765791108e-02,-2.951670019813586524e-02,-5.792436694386430066e-03,1.486498224450972551e-02,4.007709760995144428e-03,1.918419082642646711e-01,1.488757253915186096e-01,3.620968153039031412e-01,1.000000000000000000e+00,4.306922013093005264e-01,3.070017322028633644e-01
-2.513425150176520906e-02,-3.154742891004212735e-02,-6.923944880809293489e-02,-2.482669791092705081e-02,-4.483869291943352875e-02,-5.634157088410324254e-02,-5.645949068588922842e-02,-2.867900795055991839e-02,-2.933437974265305434e-02,-5.747841978566142068e-02,-9.133911788835315237e-02,-4.022663757759343400e-02,-1.987051895128737894e-02,-4.874628759838253722e-02,-7.223140242076665773e-02,-4.067830453156109222e-02,-5.378199978209564913e-02,-2.791511266739448230e-02,-3.703508391974679164e-03,-2.106715717688892667e-02,-2.315612499429299184e-02,-3.477950208437872309e-02,-4.285531717816812997e-02,-2.852737789955542974e-02,9.129964454071763658e-03,-4.802300995883389961e-02,1.095869790009393330e-01,1.078031624713801234e-01,1.434958201939324773e-01,4.306922013093005264e-01,1.000000000000000000e+00,3.465367989561050077e-01
-3.489010242360560121e-02,-1.515212832004253669e-02,-3.978667607881199858e-02,-2.837047874863439512e-02,-4.727972009876077464e-02,-6.336359693813832517e-03,-1.977920751016693651e-02,2.588208202265265562e-03,-3.744960397337594032e-02,-2.639196941171971858e-02,-7.148946125340958913e-02,-8.122916157428868023e-02,-4.633366928500893406e-02,-5.461295825177266833e-02,-4.950466587926657946e-02,-2.327072662821756330e-02,-4.378502430268523676e-02,-3.433245267441881188e-02,-4.545023286757993164e-02,-5.785630715570761612e-02,-3.427718421433548213e-02,-2.888305324509687216e-02,1.058211487155034762e-02,5.800914629904883879e-02,4.505713100502554275e-02,1.158521178678676702e-03,4.346804305291289416e-02,2.734832304818107448e-02,4.662956489009965205e-02,3.070017322028633644e-01,3.465367989561050077e-01,1.000000000000000000e+00
