1.000000000000000000e+00,4.660173585162347143e-01,3.491413496056792742e-01,4.635329292145258240e-01,1.902271668474503352e-01,2.710554529327927620e-01,2.201009370270033405e-01,1.199306326512169230e-01,1.327822893486103051e-01,3.335305758550013988e-02,6.396082077386705533e-02,4.603484636570078642e-02,6.330538590811659282e-03,-3.127005196543906559e-03,-4.139400562782602488e-02,4.114880330882669801e-02,-2.047436882873933731e-02,-3.040281492834216292e-03,-1.018699018044820709e-03,3.417913922021875803e-03,-1.800370944151212169e-02,5.472137085794036293e-02,-7.200685961042457839e-02,1.129196380744552745e-02,-6.846767551737031887e-02,1.037508332881052937e-02,-2.421805699379870128e-02,-2.881044864388960028e-02,6.339139764288668523e-03,1.820719308115502713e-02,-9.475059738637950368e-03,9.969788198771426663e-03,9.272345957868355359e-03,-3.032802194481131614e-02,-1.966981115789403350e-02,-1.452992446450740958e-02,6.429534987098663862e-03,2.792536864106375319e-02,5.180234204354023861e-03,1.328038490915635708e-02,3.788660756965252924e-02,-4.144533354100302797e-02,-4.681720084086098826e-02,-3.955126018857862101e-03,6.457276789954011567e-03,9.306627338371075558e-03,-3.026523673498623598e-02,1.605359397525692872e-02,1.699795351277545719e-02,1.500725622330240615e-02,-2.151504156486398062e-02,-4.738602559826213256e-02,-7.041887609220568237e-03,-2.122543546467721073e-02,-7.811128812125975492e-03,-4.903248283042611899e-02,-5.888326689684426907e-02,-3.822686643679057417e-02,-5.322528284767377021e-02,-7.266490130523458810e-03,9.146778186784868328e-03,-1.519496305440125837e-02,6.481508419985402766e-03,5.693697954851650173e-03,2.061703845525425169e-02,4.718629773139989408e-02,4.361925330796605910e-02,4.846571965726489961e-02,3.990835018210088514e-02,4.370942311298504218e-02,2.022660390093222391e-02
4.660173585162347143e-01,1.000000000000000000e+00,3.920097281524749788e-01,4.824218083981163252e-01,4.202887194697821349e-01,2.003693601568126148e-01,2.402343042548160668e-01,1.585335314313048305e-01,5.343642068035977383e-02,5.938269988493179857e-02,2.825381805123684115e-02,1.137256538141537439e-02,5.823179077084541383e-03,-3.913423376470465814e-02,-5.890135977319808230e-02,5.970703373154442883e-02,-3.430810127456771635e-02,-4.654649826353125970e-03,3.285412503967077152e-02,1.436493987188594036e-02,-9.261716546084689319e-03,6.394113134823946332e-02,-6.332390999785039720e-02,-6.008251659624391609e-03,-6.389315049754019926e-02,-1.591994081445607945e-02,-5.109609207477676732e-03,-1.393768723943934230e-02,3.178577779351800942e-02,2.690962694392669968e-02,-2.392209186489994630e-02,1.818448512421078772e-02,-8.823240004628416996e-03,-5.916136593494551905e-03,4.245126850405597611e-03,1.451291014826016842e-02,2.653551176487208701e-02,5.418100675825368584e-02,1.116340851489058990e-02,4.645356416131454086e-02,4.992792032644643302e-02,-4.444498575467784734e-02,-5.665338942226597063e-02,-2.756173150959583158e-03,-1.835869888222290899e-02,-1.443419692555382265e-02,-5.657992596100910182e-02,9.897797019657320755e-03,4.814839302211749127e-03,-1.171527319626499905e-02,-4.401375114694264234e-02,-4.534155523621951484e-02,-9.446467905118606642e-04,-3.809293456984308435e-02,-2.623681580271744126e-02,-7.719348169445269803e-02,-6.652186024611457527e-02,-5.604606437946306474e-02,-6.480046848276527216e-02,-2.351498294810679818e-02,3.374703812687146476e-02,4.374370425704954615e-03,3.887410203250885044e-02,2.964662229329129151e-02,4.722845460921663852e-02,6.347540820842884068e-02,6.017082588526945219e-02,1.007882475137773792e-01,6.323183740841022138e-02,5.853359854113959065e-02,5.245278994384071358e-02
3.491413496056792742e-01,3.920097281524749788e-01,1.000000000000000000e+00,4.257830059744167062e-01,4.812191916001788972e-01,4.471769831792986039e-01,3.059835404826043437e-01,2.239862132749944612e-01,1.519812117014832376e-01,8.190124060337260203e-02,5.150572195319094021e-02,-4.797634697034719280e-03,-6.678274690903536481e-02,-6.652548314325473777e-02,-1.182971823981127796e-01,-2.912850027686501517e-02,-6.993724055511360560e-02,-5.498025987725763813e-02,-1.179210139007389781e-02,3.078926668199197247e-02,-7.908322916191240504e-02,3.716258579049502392e-05,-1.064251618861127707e-01,-4.178541047900218713e-02,-1.180480640726847552e-01,-5.870123000377340527e-02,-5.201298952634038353e-02,-6.040488148032677890e-02,-1.957736343455766109e-02,1.755571949440649232e-02,-5.368059644217915150e-02,1.340493515424011632e-04,-1.789556337789597468e-02,-3.015853294491447484e-02,-1.011523216422941310e-02,3.861231661623824168e-02,1.685450960021762229e-02,7.172491412237522179e-02,2.456371366676836365e-02,5.686942828429140256e-02,2.833388549391037750e-02,-4.360009292636442962e-02,-6.042348303599147374e-02,-3.129172591341978366e-02,-1.178796145462687392e-02,-2.714038033410195658e-02,-4.065200915559685768e-02,-1.747816857366876406e-02,-2.052073378377945734e-02,-1.144531138794597190e-04,2.396514120846522308e-02,-1.826403589062013805e-02,-4.179278052947046213e-02,4.763687016738497697e-03,1.910049043152468179e-02,-8.005808500737758571e-02,-3.810959570797098350e-02,-7.192139492668880689e-03,-5.291058698728506871e-03,2.126022243247648047e-02,4.870369319320981549e-02,2.791506630151418047e-02,6.706326407189841521e-02,2.958646116199942222e-02,7.459155257291343044e-02,7.354282433691074206e-02,3.830371675917398910e-02,1.047766890991600475e-01,4.463354601727798077e-02,8.673743729036478833e-02,2.248245529644293458e-02
4.635329292145258240e-01,4.824218083981163252e-01,4.257830059744167062e-01,1.000000000000000000e+00,4.440808976271672370e-01,4.276167017395237635e-01,4.623052381930221610e-01,2.134273455806957043e-01,1.994574855556957016e-01,1.389583924345041133e-01,1.060794600203431859e-01,9.458503105533527799e-02,5.357852812187981553e-03,-3.480613647701718411e-02,-9.466735885744624601e-02,1.046534032585124396e-01,-3.615048147843472059e-02,-1.482834839291311338e-02,3.468718022026198722e-02,3.252942633707465309e-02,-3.846084320980956012e-02,6.344927496935813538e-02,-1.229033578021243855e-01,1.250872595555866653e-03,-9.781239270524177964e-02,-4.043569411199973707e-02,2.014395925299332368e-02,-1.278716771375515947e-02,5.225831488745698999e-02,4.285896266391914927e-02,-9.761419598719166604e-03,4.157633024628917123e-02,-8.304350801353365449e-04,-1.766813485580955023e-02,-2.319791022834644459e-02,1.247122853891885659e-02,6.206850904344532287e-03,2.574728899535039944e-02,2.910696494889993945e-03,1.246094499400087451e-02,3.747213725231645504e-02,-5.538699893623619253e-02,-7.333877035223669572e-02,6.214673334092765374e-04,-2.241695047007942823e-02,1.337007115476978800e-02,-5.654187830731263742e-02,-6.221516187798534388e-03,-1.583047843696169105e-02,-4.693081538835173344e-02,-1.469558958506676782e-02,-2.884401417243188936e-02,-5.022198993077549994e-02,-5.251408477409257730e-02,-2.562345470027919611e-02,-8.960351093849458493e-02,-6.632317551588044757e-02,-6.661788508770490058e-02,-4.566886467870234778e-02,-1.271590190415811637e-02,6.629188411375526446e-02,1.088860249852812920e-02,6.654598220837643074e-02,4.975085420265596553e-02,8.098405166687404344e-02,7.512660411084906564e-02,5.786531141174935250e-02,1.185204671345910926e-01,2.969038298870256554e-02,5.477752086790149688e-02,1.247523122321221416e-02
1.902271668474503352e-01,4.202887194697821349e-01,4.812191916001788972e-01,4.440808976271672370e-01,1.000000000000000000e+00,3.822176344617737587e-01,3.908934049447810311e-01,3.184652825650156616e-01,1.363781165187869515e-01,1.924578429970242033e-01,1.243525817477637990e-01,3.561813630160653998e-02,-4.977468954085225578e-02,-1.265150717923752832e-01,-6.651902494149554423e-02,1.867624646180298872e-02,-1.028596117826651307e-01,-2.295158057478981564e-02,-1.815889403285757958e-02,3.999920540508401096e-02,-6.409487027580182406e-02,9.653497435214548894e-03,-6.371247857205804277e-02,-3.165493021929147166e-02,-7.174194177211075385e-02,-6.026441596437299292e-02,-3.538541622048909513e-02,-6.710836079740307991e-02,5.209186493802285718e-03,-5.446034231667408985e-03,-6.001528912636672902e-02,3.098668335927079291e-03,-4.984477154679405747e-02,-2.211806531615135088e-02,-6.932794796269821716e-03,2.916848369102100977e-02,1.903063987407954336e-02,5.194450089270215981e-02,2.397393179383607367e-02,4.172685781587844034e-02,4.024737075500674222e-02,-2.144172171374403302e-02,-3.640288934000110443e-02,-2.270807769961099339e-03,-5.007219779209357881e-03,-2.252194766334889714e-02,-2.525893784007289880e-02,-6.282728242647465933e-03,1.026083740838016484e-02,1.252629666926183011e-03,4.602972563119841869e-03,-3.083783614851653629e-03,-1.310887155476881706e-02,1.148584423208096235e-02,1.447624356661832319e-02,-8.440246445420929167e-02,-3.334692328668332345e-02,-8.608154025750585497e-03,-2.656234451769082152e-03,-4.380771441128035459e-03,6.597794336062906551e-02,3.790880563509747142e-02,5.433662150914373573e-02,1.015573617604956236e-02,5.801886999518471311e-02,8.496797409500052300e-02,3.319596440295947276e-02,1.071242379337389861e-01,5.153522873580499569e-02,6.582132643033747343e-02,3.201320363545884923e-02
2.710554529327927620e-01,2.003693601568126148e-01,4.471769831792986039e-01,4.276167017395237635e-01,3.822176344617737587e-01,1.000000000000000000e+00,4.330983929110695518e-01,3.847615618092158907e-01,3.438904322957790916e-01,1.343990932336443511e-01,2.068099488917040374e-01,6.165486659580336065e-02,-6.879446312570648703e-02,-5.165095525049738512e-02,-1.245779640337315447e-01,-1.265698888822080874e-04,-5.464267553816208600e-02,-4.479693731220247416e-02,-4.711947604513205129e-02,9.314083600103039220e-03,-9.594850932232139307e-02,9.845130329387559442e-03,-1.161723448327939140e-01,-3.040953139180112633e-02,-1.241837997194520371e-01,-4.717305160996981828e-02,-4.322569893434904248e-02,-3.199349088900223931e-02,-3.348475919624290670e-02,1.262863467635031399e-02,-3.852423764306441706e-02,7.683153907995303802e-03,-1.480700680552718765e-02,-2.877392831594513881e-02,2.761148308897486744e-03,1.119680883685123668e-02,6.167722546524631588e-03,3.899058955274285754e-02,-1.867889705228069699e-02,2.553029966666039291e-02,3.115321463563010956e-02,-3.903508572089164214e-02,-7.357223498002232742e-02,-2.387569465096180121e-02,-2.630284578910512330e-02,-2.741595318188247768e-02,-9.976123944847131025e-03,-1.668062900473739688e-02,-2.761039815354917465e-02,4.691998476476326452e-03,2.129225504284688528e-02,-1.823290751835226001e-02,-3.223096449079101977e-02,5.371172199299597237e-03,2.377951277499731203e-02,-5.644314153452573840e-02,-7.895363603895588778e-03,-1.755166824016301044e-02,2.346549280588869704e-02,4.420118618265103660e-02,1.554465586724568769e-02,3.083324912529698814e-02,3.919396078815334111e-02,1.693652197040295890e-02,5.128048153214778693e-02,7.685628519284916360e-02,3.550065389072780409e-02,8.861369452737194452e-02,2.089256209819518456e-02,6.974117692855313910e-02,-7.312915185537522539e-03
2.201009370270033405e-01,2.402343042548160668e-01,3.059835404826043437e-01,4.623052381930221610e-01,3.908934049447810311e-01,4.330983929110695518e-01,1.000000000000000000e+00,3.422126836548334272e-01,4.529169289762473571e-01,3.745151311683433404e-01,2.501523000246020367e-01,7.957278150441907116e-02,-2.309902802094472227e-02,-8.683834641848595104e-02,-8.592624952465530153e-02,1.601171966460182561e-02,-6.014731124386443056e-02,-4.366159419721023227e-02,3.519865491541692391e-03,3.440189456533256085e-02,-8.075978658909381547e-02,8.730638794245635173e-03,-1.034936111618035975e-01,7.521869382216243719e-04,-8.307169056730323575e-02,-6.619173780472689672e-02,3.291381760875477982e-03,-2.072649065298852455e-02,1.376258396020312372e-02,2.648877009035047192e-02,-1.374798181796358168e-02,3.167979623832520991e-02,-1.617669429172979845e-02,-3.258843961229394848e-02,-3.368476359375024987e-02,-1.442350886490487323e-02,7.390229967740393792e-03,9.821238714199475098e-03,-1.222355425556623590e-02,6.400891660845315669e-03,1.080959034290468641e-02,-5.152600955179674480e-02,-3.387858212625215887e-02,-1.366119299239409307e-02,-1.556797834175406570e-02,2.752007361425271980e-03,6.101860639953230782e-03,-1.373888363555812557e-02,7.741473084595975641e-03,-3.839713484904596751e-03,1.579023696208683991e-02,1.746043385919170479e-02,-1.302273001271752120e-02,-6.428192033229034215e-03,4.544555689868395865e-02,-6.224762221560491138e-02,-2.610753644839082163e-02,-7.590496403933827407e-02,8.024217828478692055e-03,7.686684516749484400e-03,4.771186673589333099e-02,3.515482552335451316e-02,4.140502086698453349e-02,-1.168912326142007747e-02,4.031776676549169575e-02,9.592525516605684976e-02,3.147063472205238049e-02,6.894344764754986588e-02,2.047875024437319225e-02,4.901673413291583042e-02,7.053283068556555867e-03
1.199306326512169230e-01,1.585335314313048305e-01,2.239862132749944612e-01,2.134273455806957043e-01,3.184652825650156616e-01,3.847615618092158907e-01,3.422126836548334272e-01,1.000000000000000000e+00,3.912236692978819930e-01,4.383237880276704135e-01,3.949938032086727224e-01,4.914978090729318905e-02,-5.574190038231943006e-02,-3.638218847855229782e-02,-9.365800965580088622e-02,6.006561346645123735e-04,-4.181773009594020457e-02,-4.268881803520663265e-02,-1.502883538692514898e-02,-2.338148298530512426e-02,-1.064437952559802864e-01,-6.892727942426047326e-03,-7.084576858203422978e-02,-7.051117247873822137e-03,-9.363099895119031402e-02,-4.032063560642859534e-02,-8.053227951797124751e-02,-3.990987320069314809e-02,-6.858086781603453530e-02,-3.409723791664036330e-02,-6.106660537317010889e-02,-2.456553444332006467e-02,-2.250032635883743304e-02,-3.053535466945805823e-03,4.898771074949211796e-02,3.805459338951974052e-02,2.425459855068665474e-02,8.173642579238447892e-02,-1.468257601732820845e-03,5.979952788631740651e-02,1.117777987619479434e-02,-4.787985200788585916e-02,7.100026437437009959e-03,-2.776604913136900346e-02,-1.428015923857449887e-03,-6.071861911462275718e-02,-2.189063709072459549e-02,-2.196439527893603513e-02,-5.512039740786338349e-02,5.129806676811140415e-02,2.916828585565714449e-02,-6.776560215708173074e-02,-2.035794818271970119e-02,1.806847056219625450e-02,1.591147856688724738e-03,-9.990872192135548391e-02,-1.789544126303128577e-02,-1.245473878311781704e-02,1.318324658810892010e-02,-4.973714405709471834e-03,4.370684390347565063e-02,3.751928937427764787e-02,3.627053029878821860e-02,8.532554034430777160e-03,4.888023979508365063e-02,8.676146023986049116e-02,4.541687883856859731e-02,8.046975447885289234e-02,2.419397968276177334e-03,7.871341101416065578e-02,-3.309589442385802577e-02
1.327822893486103051e-01,5.343642068035977383e-02,1.519812117014832376e-01,1.994574855556957016e-01,1.363781165187869515e-01,3.438904322957790916e-01,4.529169289762473571e-01,3.912236692978819930e-01,1.000000000000000000e+00,4.236679113153618004e-01,6.471969790955238722e-01,2.219366857400733584e-01,6.049766407965825182e-02,2.844943818976813574e-02,-1.902942560773048658e-02,2.756407999323613051e-02,3.729908072742389030e-02,1.389765036079159896e-03,1.373836913847410399e-02,9.444412421276478231e-03,-7.187698384151038067e-02,-5.597436610182636441e-02,-9.952576696634582443e-02,-5.975884291556259748e-02,-8.658214122503216092e-02,-7.317064853467195040e-02,-6.931220805798601892e-02,-2.504748228204460581e-02,-6.361930710665049393e-02,-1.366314199287346244e-02,-1.691261497555301974e-02,-2.970023769604353270e-02,-1.949195390891583725e-04,-1.737834262327172391e-02,2.680661044823239372e-02,-8.180714363955624707e-03,1.913195150731475391e-02,1.114523096230834358e-03,6.508673321313050361e-03,6.887772135059171651e-03,1.542946464599349518e-02,-1.899002661706410827e-02,2.867061364421680247e-02,6.562742712825297801e-03,8.091713740419436210e-03,-3.893199561121448576e-02,-1.479729654277994050e-02,-4.635854837864894495e-02,-5.405192388331517966e-02,6.002987472031554896e-03,6.257410592986557829e-02,9.237886527066451955e-03,-5.153463944570749883e-02,-3.353804394559884924e-03,3.900147059770051744e-02,-4.832603352469719282e-02,-4.799011860673407272e-03,-3.430375913736757182e-02,4.038791626282887959e-02,6.193776313343121037e-02,2.491488496689803211e-02,3.934818563012715958e-02,-1.606244010245127390e-03,-1.849909012570412348e-02,1.416374378502620497e-02,9.434575471902130472e-02,2.970627984895624074e-02,4.857969276189706004e-02,-7.709951500987135067e-03,4.908278442297612371e-02,-3.379019924627329335e-02
3.335305758550013988e-02,5.938269988493179857e-02,8.190124060337260203e-02,1.389583924345041133e-01,1.924578429970242033e-01,1.343990932336443511e-01,3.745151311683433404e-01,4.383237880276704135e-01,4.236679113153618004e-01,1.000000000000000000e+00,3.469120381993974211e-01,5.107631307660150805e-02,5.585304218439012675e-03,-1.045141861424276480e-01,-1.908863164775882401e-02,-2.243924424810054760e-02,-9.679263913803062835e-02,-2.490473420252992814e-02,5.386577591282098402e-04,5.557207875860158261e-04,-6.767329896787317722e-02,-6.121816693971233320e-02,-1.193658224262145739e-01,-3.733712009321344533e-02,-1.116606669060299789e-01,-8.750542138138825421e-02,-7.200003494505811952e-02,-5.918401305212205032e-02,-3.976350803509085680e-02,-2.592122292283149596e-02,-3.204224507787860332e-02,-1.451816674626289598e-02,2.293293074429600138e-03,2.254767928687914300e-02,3.497722804182026857e-02,3.852580105588442050e-02,3.006184345970594474e-02,2.259791209485221761e-02,1.515272719667216765e-02,-4.975259892879372323e-04,2.078522276589381788e-03,-2.174518844587968597e-02,6.560008184711076107e-02,-1.418097874225696066e-03,1.820117882252313829e-02,-1.894849772217762143e-02,-2.891991063147946600e-02,-2.145769505210201426e-03,-5.579186439568415562e-02,5.672948891256043152e-02,5.077036433186933595e-02,-2.164237496605328145e-02,-4.473014777173906810e-03,3.603534761293076399e-02,2.571628698921085698e-02,-7.436398585468935452e-02,-2.704884156448009863e-02,-5.105613025667281313e-02,-2.040793264473724639e-02,-4.589259906004813233e-02,1.022255877804059132e-01,2.813437083916015338e-02,4.136127458472835250e-02,-1.759231353698512482e-02,2.754594397129191477e-02,1.040993070834272533e-01,4.382499961536609479e-02,5.188463802927240076e-02,2.055405180057805203e-03,5.918452971663934470e-02,-1.146223467887435080e-02
6.396082077386705533e-02,2.825381805123684115e-02,5.150572195319094021e-02,1.060794600203431859e-01,1.243525817477637990e-01,2.068099488917040374e-01,2.501523000246020367e-01,3.949938032086727224e-01,6.471969790955238722e-01,3.469120381993974211e-01,1.000000000000000000e+00,2.750501112096223610e-01,6.937811295700596625e-02,2.124204380135809311e-02,3.155293920360980470e-02,8.057094869177439111e-02,1.926394506007252094e-02,4.671539652775817675e-02,1.549157835526134182e-02,-5.122016868149815993e-03,-5.456935182819343255e-02,-3.744247280752253937e-02,-3.979570212977470017e-02,-2.600359525810839317e-02,-3.782831041336259109e-02,-4.159429539712911766e-02,-7.583314525893761204e-02,-3.161698052944134085e-02,-4.932100395527325154e-02,-2.747926146843198900e-02,-3.118579442973091337e-02,-2.991836908154234601e-02,-3.014296356984706195e-03,1.700958813971528661e-03,5.224660221660164250e-02,1.459491760411229383e-02,5.447624961436933061e-02,2.348158764734050580e-02,2.502467036259829400e-02,3.793099763639254385e-02,2.165114737848588405e-02,-1.652852152426389012e-02,4.644944397885222148e-02,-1.025614292297628329e-02,2.071084323903557567e-02,-3.418611667053143149e-02,-2.366133442172475843e-02,-2.873373608061768544e-02,-5.868184851094204041e-02,2.187357824966692718e-02,5.427588246607034650e-02,-1.180121670458774731e-02,-6.305161172057785479e-02,-5.984314759929201290e-03,6.490659012372146028e-03,-7.053212972956512949e-02,-2.705707935951963752e-02,-2.852248195061252503e-02,4.476216950214833776e-03,1.773272892071466739e-02,1.660136294866680282e-02,2.625087999616490184e-02,-1.238600719187154565e-02,-1.580472478624976584e-02,-7.692126052306243189e-03,6.919340642893305471e-02,6.225964317410599691e-02,3.654733480145527097e-02,4.458350379790901666e-03,5.047828784544217129e-02,-2.335302557873336973e-02
4.603484636570078642e-02,1.137256538141537439e-02,-4.797634697034719280e-03,9.458503105533527799e-02,3.561813630160653998e-02,6.165486659580336065e-02,7.957278150441907116e-02,4.914978090729318905e-02,2.219366857400733584e-01,5.107631307660150805e-02,2.750501112096223610e-01,1.000000000000000000e+00,3.711136161276772927e-01,2.685287848541864086e-01,1.314702389534796179e-01,2.757945780437392469e-01,2.114018782115899830e-01,1.343452372397471450e-01,1.579586865784945726e-01,1.220118082555334132e-01,1.084526712300529216e-02,1.313351123275546817e-02,-7.243461690591340707e-02,4.306233285316239841e-03,-2.914592516094867067e-02,-7.343743109131602165e-02,1.993671316055274298e-02,-3.425107491119230851e-02,3.542806849665364882e-02,1.462720561548285815e-02,3.138146382806221435e-02,3.886268319448890618e-02,2.350130354677416183e-02,-2.803783326364327286e-03,6.621049312195871617e-02,1.366958113685013375e-02,-9.413819212653445553e-03,-4.292164362707353957e-03,-3.528382265529131367e-02,-1.738250058269338871e-02,-7.989116318449859463e-03,-4.461698916180502350e-02,-1.326445819412853597e-02,-2.675268125651092399e-02,-2.243665247494442197e-02,1.242449468823536649e-04,-6.818409213803475200e-02,-6.396024285151544198e-02,-4.364657376974634406e-02,-8.052786875419569446e-02,4.269427933098492167e-02,3.268710008971241476e-02,-1.015507002926532704e-01,-4.408566632310293582e-02,1.697025722148132534e-02,-2.567644628044657082e-02,-3.325318171344152085e-02,-5.914107493108455155e-02,-2.213841962188464567e-03,3.562255181614640276e-02,1.536982917883154831e-02,3.279587636752286095e-02,2.590949111671755553e-03,6.056511823031682229e-02,3.983257891870230216e-02,3.429972839438458210e-02,8.330444537104413072e-02,5.890944534438877223e-02,5.621839306060026284e-03,3.874605846200801507e-02,-1.781508059360699956e-03
6.330538590811659282e-03,5.823179077084541383e-03,-6.678274690903536481e-02,5.357852812187981553e-03,-4.977468954085225578e-02,-6.879446312570648703e-02,-2.309902802094472227e-02,-5.574190038231943006e-02,6.049766407965825182e-02,5.585304218439012675e-03,6.937811295700596625e-02,3.711136161276772927e-01,1.000000000000000000e+00,4.635115953462061178e-01,4.512213599321597823e-01,5.262818168604312952e-01,3.734567555135233086e-01,3.890929615010056408e-01,2.832159499814437265e-01,1.918205869409861097e-01,1.441490606934497376e-01,1.232183852148074771e-01,-1.045129173994940180e-02,9.321450048155970058e-02,5.626595791424941762e-02,-1.259281964150448484e-02,1.369680565807716022e-01,4.498258560200788653e-02,1.001846601287750410e-01,1.444709807649456612e-03,7.385340193151890276e-02,2.983184364804551333e-02,1.528610187444745527e-02,-8.259883271991088488e-03,1.975836591589813160e-02,-6.824534510435398271e-02,-6.025834668414462719e-02,-4.430103351645146847e-02,-8.654972152142489938e-02,-2.450998038060539161e-02,-6.885951474672650542e-03,-5.129692993336669449e-02,3.246563918587225955e-02,-1.942818438634583492e-02,-4.963662769235996364e-02,6.212447430077042837e-02,-3.750827916609288798e-02,-4.653020922792475839e-02,1.359938357506673343e-02,-1.031565630899506369e-01,-2.509054048849929889e-03,6.459406174208304208e-02,-4.868752726742339026e-02,-1.149580902013515038e-01,2.593096459906945109e-02,5.023890690893029892e-02,-5.134541973166555778e-02,-9.530427066298237382e-02,-6.368978711980614882e-02,-8.524749663801622912e-02,-3.751121740773125102e-02,-8.128490197428943353e-03,-3.260553360884958785e-02,8.570877874354525250e-02,4.884317055680465619e-02,1.696200757326323753e-03,6.989702297623136273e-02,-3.579167892732759010e-02,5.316334465615215471e-03,-3.592275899228502406e-02,8.921336174874931746e-02
-3.127005196543906559e-03,-3.913423376470465814e-02,-6.652548314325473777e-02,-3.480613647701718411e-02,-1.265150717923752832e-01,-5.165095525049738512e-02,-8.683834641848595104e-02,-3.638218847855229782e-02,2.844943818976813574e-02,-1.045141861424276480e-01,2.124204380135809311e-02,2.685287848541864086e-01,4.635115953462061178e-01,1.000000000000000000e+00,4.537371072956303819e-01,4.659550386655587073e-01,7.350724642852409785e-01,3.721635324417913449e-01,4.086391826760625290e-01,2.235058048472365333e-01,9.825464330320103634e-02,9.185983975099598631e-02,-4.727452119590474372e-02,5.017907813875058937e-02,-1.479447041077893397e-02,-8.321524406097504864e-03,6.110050989479876016e-02,-3.062011630989645850e-02,9.356616073047939464e-02,-4.105586260883661853e-02,6.595580942213404019e-02,4.231610212501034363e-02,3.798975091761731121e-02,3.752020796428910242e-03,8.422964581096405168e-02,-4.430751622062523848e-02,2.591896416580149326e-02,-2.479267800649743309e-02,-6.994148033481119298e-02,-4.677988500162196667e-02,-2.631344225061445913e-02,-7.522761464586873170e-02,-3.848958714322936459e-02,-2.417998541555199665e-02,-2.558759806524806002e-02,2.858759645041631867e-02,-6.083849686564271608e-02,-2.274718802600671566e-02,-2.362003562939482548e-02,-6.177416943740234728e-02,3.225604022393332992e-02,3.181068022251269667e-02,-3.952288387682695303e-02,-7.677980967908096255e-02,9.564055183995981120e-04,-1.056469822376447827e-02,-4.000166087448294577e-02,-7.581600906365429382e-02,-4.819884995938853584e-02,-4.000249462008212409e-02,-6.449911577265392271e-02,1.933465433256584265e-02,-1.182691759830183965e-02,8.557276811652585191e-02,3.030215648393539546e-02,-2.000822998860955770e-02,4.630067362863085623e-02,2.047371487983761645e-02,2.516169309116602498e-02,-1.198199339286220091e-02,5.145805171341282652e-02
-4.139400562782602488e-02,-5.890135977319808230e-02,-1.182971823981127796e-01,-9.466735885744624601e-02,-6.651902494149554423e-02,-1.245779640337315447e-01,-8.592624952465530153e-02,-9.365800965580088622e-02,-1.902942560773048658e-02,-1.908863164775882401e-02,3.155293920360980470e-02,1.314702389534796179e-01,4.512213599321597823e-01,4.537371072956303819e-01,1.000000000000000000e+00,4.042480775224556733e-01,4.190142147626121916e-01,5.722437124586269297e-01,1.989931110273000514e-01,2.033115907306195513e-01,1.417693424861988793e-01,1.280163730080331463e-01,7.347189118064587077e-02,6.736087690340393508e-02,1.261778535119241207e-01,1.604930123521601526e-02,1.116896473769998510e-01,1.740706076396476842e-02,8.014090982441972322e-02,-6.144471531232232470e-02,6.503766055868077933e-02,-3.592425497654787390e-03,-2.082971848033280185e-02,-2.257500892787738314e-02,1.719192888705116905e-03,-7.756124401986125294e-02,-2.030665015923052708e-02,-2.166639178655089745e-02,-2.965221714099803424e-02,-2.294666086358119333e-03,1.426468817220070788e-02,-3.725024933918525804e-03,3.294053120984629518e-02,-1.783157504634292831e-02,-5.500893137424170756e-03,1.262996962599027308e-02,-8.521890179293136608e-03,-7.669679148015375036e-02,1.189294780584569666e-02,-9.990378171318153866e-02,1.789465550811238093e-02,6.263472211929511924e-02,-3.667300453844610231e-02,-7.747958948011117453e-02,6.385540107737679161e-02,7.752530963040726864e-02,-2.323927814767403482e-02,-3.478669383638211682e-02,-2.320419615718410239e-02,-7.929808853325245876e-02,-8.464000706995099266e-02,-4.391020711003090077e-02,-6.304147664036562071e-02,6.591414713467079467e-02,9.945965519859982507e-03,1.135494993304787988e-02,3.442358067209307787e-02,-5.218672643169620234e-02,1.438006153339339323e-02,-6.820549297781779152e-02,8.005712057251419822e-02
4.114880330882669801e-02,5.970703373154442883e-02,-2.912850027686501517e-02,1.046534032585124396e-01,1.867624646180298872e-02,-1.265698888822080874e-04,1.601171966460182561e-02,6.006561346645123735e-04,2.756407999323613051e-02,-2.243924424810054760e-02,8.057094869177439111e-02,2.757945780437392469e-01,5.262818168604312952e-01,4.659550386655587073e-01,4.042480775224556733e-01,1.000000000000000000e+00,4.073757735227573340e-01,5.507955884298940674e-01,4.255684608629144994e-01,2.712999030146992507e-01,2.220714066534198172e-01,2.174963889871973644e-01,2.255374330612005401e-02,1.453774688230148882e-01,5.211480740540232887e-02,3.338019618052248672e-02,1.725498724647269999e-01,6.262401630486151560e-02,1.517146044431678109e-01,-9.447506757817464643e-03,7.507582765960373050e-02,6.316475740151165919e-02,-2.560155118271795292e-03,-2.082600291345493550e-05,4.057165638508106187e-02,-7.370695260128042048e-02,-3.790167306760915816e-02,-3.901197937923404913e-02,-7.813058762296409832e-02,-3.927561287948774099e-02,3.782525251533697640e-03,-5.676869878897788935e-02,1.545887465472615616e-02,-1.721528849351958851e-02,-8.318123849951347681e-02,6.853092461663530532e-02,-7.262055720898152877e-02,-4.352784179372298085e-02,1.567291052885902078e-02,-1.327361079601777905e-01,-5.049330604607402823e-02,3.150092664319634195e-02,-7.121672281822730155e-02,-1.534089576763839613e-01,-5.017721634602531275e-03,-1.118347792206484705e-02,-7.110691470546379178e-02,-1.331089144142412195e-01,-8.530470041519978841e-02,-8.363477322230533639e-02,-3.155028080484335168e-02,-1.210218081606088958e-02,8.117312288454657521e-03,1.496495205342045220e-01,8.147434595886421382e-02,-1.261624955641268975e-02,1.247058107453569292e-01,-3.621102943600889006e-03,2.781907831287284277e-02,-3.191573940820166544e-02,1.456239506476112722e-01
-2.047436882873933731e-02,-3.430810127456771635e-02,-6.993724055511360560e-02,-3.615048147843472059e-02,-1.028596117826651307e-01,-5.464267553816208600e-02,-6.014731124386443056e-02,-4.181773009594020457e-02,3.729908072742389030e-02,-9.679263913803062835e-02,1.926394506007252094e-02,2.114018782115899830e-01,3.734567555135233086e-01,7.350724642852409785e-01,4.190142147626121916e-01,4.073757735227573340e-01,1.000000000000000000e+00,3.983252310366617310e-01,4.850226479233586963e-01,2.208943924713354101e-01,1.011250660146423425e-01,6.173238725210371952e-02,-6.430518136803219098e-02,4.370551736168971219e-02,-2.594830650839320685e-02,5.795231915465474774e-03,6.827237938733725364e-02,5.020925756042961610e-03,1.334910314145297539e-01,-1.321443540241395509e-03,9.626022420805914470e-02,8.052571635655482452e-02,8.554565300707620001e-02,3.716603305875403052e-02,1.060677234807517189e-01,-3.401161569472694463e-02,4.837557645017821761e-02,-1.582298841783298660e-02,-7.746631678856179259e-02,-5.830001681156706667e-02,-3.930192624730174944e-02,-9.809071722953148498e-02,-7.957559081163341486e-02,-4.786146092165536464e-02,-4.631046665996256528e-02,1.828477523052723930e-02,-6.982413013247440459e-02,-2.009781049190728294e-02,-2.644386638270177989e-02,-1.013451421019537779e-01,1.172698812174916960e-03,2.473964775268237132e-02,-5.938309907248608827e-02,-1.001006370672478663e-01,-8.480970884113647745e-03,-2.820351685416572218e-02,-6.346617285161729183e-02,-5.655107832347889413e-02,-4.827268005095975562e-02,-5.529838152347509722e-02,-9.158225592883159627e-02,1.046063713096100252e-02,-1.165405752372425906e-02,9.759579602523367481e-02,3.239277578293237730e-02,-4.105451727844988685e-03,6.526730312117269561e-02,3.415166071928472935e-02,4.775061710438140150e-02,-6.393196142515805876e-03,7.642687594632489867e-02
-3.040281492834216292e-03,-4.654649826353125970e-03,-5.498025987725763813e-02,-1.482834839291311338e-02,-2.295158057478981564e-02,-4.479693731220247416e-02,-4.366159419721023227e-02,-4.268881803520663265e-02,1.389765036079159896e-03,-2.490473420252992814e-02,4.671539652775817675e-02,1.343452372397471450e-01,3.890929615010056408e-01,3.721635324417913449e-01,5.722437124586269297e-01,5.507955884298940674e-01,3.983252310366617310e-01,1.000000000000000000e+00,3.428363965938886482e-01,3.412544332885789622e-01,3.066763149729244131e-01,2.786920124962429246e-01,9.330335393903897712e-02,1.010311259998320360e-01,1.478343502789040975e-01,4.676007080975564528e-02,1.622898719171699811e-01,9.344550197036673167e-02,1.264001389961115773e-01,-4.358797371629623274e-02,6.862772800328284517e-02,3.653663864962099217e-02,-1.469396825841745927e-02,-3.338421497756862560e-02,1.783203970387076120e-02,-1.142761796268122743e-01,-5.851742535400252659e-02,-3.793346093459982332e-02,-6.442827721141941577e-02,-1.810867616287795134e-02,1.803481093588341425e-02,-3.457878456774644144e-02,1.379536345443816737e-02,-5.405982203012076916e-03,-1.698054363290416729e-02,7.205980786684824946e-02,-1.871211152467728428e-02,-7.356116983417178290e-02,5.151591860048650856e-02,-1.597619509925985171e-01,-2.762084831581810077e-02,9.033716749911448185e-02,-4.586252583322415061e-02,-1.401874710394388490e-01,7.761512944195778085e-02,7.179523915448143834e-02,-4.437365804128883678e-02,-7.676297221213097821e-02,-4.979460970618271309e-02,-9.509582372335244338e-02,-1.034370820773851396e-01,-8.696293921310740971e-02,-5.766169145849687344e-02,9.642300626544067499e-02,1.817613879921477216e-02,-2.662659239840127479e-02,5.453423618568230269e-02,-6.488918417330782895e-02,-2.200517260955494984e-03,-9.962233871466349977e-02,8.571070007291796411e-02
-1.018699018044820709e-03,3.285412503967077152e-02,-1.179210139007389781e-02,3.468718022026198722e-02,-1.815889403285757958e-02,-4.711947604513205129e-02,3.519865491541692391e-03,-1.502883538692514898e-02,1.373836913847410399e-02,5.386577591282098402e-04,1.549157835526134182e-02,1.579586865784945726e-01,2.832159499814437265e-01,4.086391826760625290e-01,1.989931110273000514e-01,4.255684608629144994e-01,4.850226479233586963e-01,3.428363965938886482e-01,1.000000000000000000e+00,3.494593822532531258e-01,2.421402125187860355e-01,1.537658437296121061e-01,-5.754182891417112915e-03,1.451192618928623945e-01,-6.742970513369007934e-04,4.009885732746706899e-02,1.212621409345877033e-01,1.018791709020881037e-01,2.094294523302782651e-01,8.029262639568378324e-02,1.192759884071732251e-01,1.614817834673775432e-01,1.462642121282822505e-01,7.198568303431172877e-02,1.043944039924267625e-01,-4.104722518117753099e-02,4.969599097021731859e-02,-6.403095170695115301e-02,-1.182239442614729519e-01,-1.136572766503897297e-01,-9.282627150813251016e-02,-1.463905716818251213e-01,-5.488499629569457139e-02,-4.730668882285735816e-02,-6.490039105764364158e-02,9.465620419857197210e-02,-8.414585018761064350e-02,1.493318528789883137e-02,1.767636520150671353e-02,-1.510247104162754372e-01,-6.653334893379167503e-02,3.980271118572205336e-02,-7.411579337060192341e-02,-1.939255357007407254e-01,-2.857684207826802561e-02,-8.072343480977774155e-02,-8.995946312074913631e-02,-1.612022079771264216e-01,-1.019753317790562663e-01,-5.489522606063910320e-02,-7.697607125971604736e-02,-2.610904019941542517e-02,4.462130233591033585e-02,1.173865286408169728e-01,3.789738471745651011e-02,-3.204792651380537760e-02,9.718701618079853000e-02,2.163664499336082417e-02,4.400795060473596670e-02,-2.468358844801974913e-02,1.192448899242583987e-01
3.417913922021875803e-03,1.436493987188594036e-02,3.078926668199197247e-02,3.252942633707465309e-02,3.999920540508401096e-02,9.314083600103039220e-03,3.440189456533256085e-02,-2.338148298530512426e-02,9.444412421276478231e-03,5.557207875860158261e-04,-5.122016868149815993e-03,1.220118082555334132e-01,1.918205869409861097e-01,2.235058048472365333e-01,2.033115907306195513e-01,2.712999030146992507e-01,2.208943924713354101e-01,3.412544332885789622e-01,3.494593822532531258e-01,1.000000000000000000e+00,2.322127473940150677e-01,3.837564426785721183e-01,6.855684849061505215e-02,9.709135173113725426e-02,6.919565701734889385e-02,-1.189386416909066040e-02,6.066970605656730325e-02,3.761480059336787946e-02,1.367357016545383067e-02,-6.842279248664803748e-02,-5.223548602473244984e-02,3.773362744061219045e-03,-1.066028418952357920e-01,-1.573839289790641971e-01,-8.929157852885857838e-02,-1.671834173768184939e-01,-1.443073519800898430e-01,-7.124586562481434460e-02,-1.194177634950109590e-01,-1.656524538382450618e-02,1.666261533342955348e-02,-6.034141436991360963e-02,8.431521087749574081e-03,3.030256282003577443e-03,9.488035579073696157e-02,1.080093481721040860e-01,1.200328795784856989e-01,-5.666414112151808846e-02,1.074262441246462974e-01,-5.213335585883712570e-02,4.887575607063589928e-02,1.246955465449847422e-01,1.339426145541351004e-02,-7.588465437263287872e-02,1.184595552557251991e-01,8.163912261512938640e-02,5.853229106985269325e-02,-4.629812779924117466e-02,6.175857806978743425e-02,1.534580054889683222e-02,-3.235515689712014503e-02,-4.599355095544698305e-03,1.579062188459600183e-02,6.692215732015898040e-03,-4.934731579514984451e-02,-5.349934465935431149e-02,-4.636612806228067318e-02,-6.603355613797423640e-02,-1.482911871393094994e-01,-1.346842346599611828e-01,-1.348109503361651917e-01
-1.800370944151212169e-02,-9.261716546084689319e-03,-7.908322916191240504e-02,-3.846084320980956012e-02,-6.409487027580182406e-02,-9.594850932232139307e-02,-8.075978658909381547e-02,-1.064437952559802864e-01,-7.187698384151038067e-02,-6.767329896787317722e-02,-5.456935182819343255e-02,1.084526712300529216e-02,1.441490606934497376e-01,9.825464330320103634e-02,1.417693424861988793e-01,2.220714066534198172e-01,1.011250660146423425e-01,3.066763149729244131e-01,2.421402125187860355e-01,2.322127473940150677e-01,1.000000000000000000e+00,4.032367335284392507e-01,3.963410305268974532e-01,2.477817622995498459e-01,3.079771971044493739e-01,2.677220316148232748e-01,1.803030601136927369e-01,3.042023503046287769e-01,1.977200362163094582e-01,1.219098367370895497e-01,1.697447759117185206e-01,1.283432847361075380e-01,5.899672555898812648e-02,4.913050035241924712e-02,-4.093244593492572497e-02,-1.008667158104414874e-01,-6.971080522504255472e-02,-1.434315999851118462e-01,-1.335128918893050409e-01,-1.439608277946589909e-01,-5.672090009474906741e-02,-6.504176479871412453e-02,5.711264333398404988e-03,6.675347692417943346e-02,-5.694490727640535467e-04,2.028279897893050521e-01,6.568963954542446360e-02,4.789645395686902007e-02,1.581500295859652738e-01,-1.109351425864637253e-01,-1.932093344765952736e-01,4.780453981179026701e-02,3.888685579595854008e-02,-2.274103489736470363e-01,-7.059786786827922100e-02,1.201612348353380821e-01,-1.947046287279271051e-02,-5.499183430330806255e-02,-8.772882940261937657e-02,-1.672527752790071293e-02,-9.872484060229716474e-02,-9.493430380261803914e-02,-8.321100363358775731e-02,-5.114316787112732632e-02,-1.699714229892251016e-01,-1.672498021086831488e-01,-4.044706899518542287e-02,-1.901766445688834462e-01,-4.500650772669429617e-02,-1.980438217697355618e-01,1.749170742964388514e-02
5.472137085794036293e-02,6.394113134823946332e-02,3.716258579049502392e-05,6.344927496935813538e-02,9.653497435214548894e-03,9.845130329387559442e-03,8.730638794245635173e-03,-6.892727942426047326e-03,-5.597436610182636441e-02,-6.121816693971233320e-02,-3.744247280752253937e-02,1.313351123275546817e-02,1.232183852148074771e-01,9.185983975099598631e-02,1.280163730080331463e-01,2.174963889871973644e-01,6.173238725210371952e-02,2.786920124962429246e-01,1.537658437296121061e-01,3.837564426785721183e-01,4.032367335284392507e-01,1.000000000000000000e+00,2.930175054154573466e-01,3.038459024733638492e-01,2.563561782307203774e-01,2.189618436175379268e-01,1.805384049393921886e-01,2.123346159726930693e-01,8.893235548522322731e-02,-5.033322087895540642e-02,-3.949711938057470090e-02,3.299899362429049854e-02,-1.174783139721187059e-01,-1.209673950527465625e-01,-9.317612323757616666e-02,-1.894874953609815837e-01,-1.588540817751919465e-01,-9.255332436108366923e-02,-1.243007640458470425e-01,-2.705688193177133508e-02,1.471953753186846896e-03,-9.566089452469062060e-02,-8.264359680457645727e-03,4.439310248752464938e-02,9.876741961585585108e-03,2.500210299468809683e-01,1.263526352339441605e-01,5.934511797153838031e-02,2.207020765500652681e-01,-1.027615455890956292e-01,-1.388617879167515501e-01,1.013240414416719665e-01,8.035549963882089586e-02,-2.126716168708500110e-01,2.093552759146205186e-02,1.323557912241572765e-01,-3.660925858235024311e-02,-1.408226975008324000e-01,-1.226557746672651411e-01,-1.162998911508597299e-01,-1.113601570749775949e-01,-7.489534901438908709e-02,-1.333490859726098494e-02,3.199394280782733718e-02,-6.931400674414557594e-02,-5.907126877455864955e-02,2.000361595055562963e-02,-1.019827252816991325e-01,-9.310161380593091895e-02,-1.494372643187460714e-01,-2.385488078855815125e-02
