1.000000000000000000e+00,3.846670881888877846e-01,3.390117751327417217e-01,3.260725718823863639e-01,2.024682531113344841e-01,1.429392392245888710e-02,1.092531869948418638e-01,-5.553073855461544694e-02,8.782315592193742915e-02,9.980675406107612779e-02,3.711431426026520763e-02,9.781223743574350704e-02,2.822763744111688941e-02,3.199237369051860513e-02,1.908521970378139823e-02,-1.846305590657097706e-02,1.472881702552996525e-02,2.005061754566447516e-02,-8.241131926275196366e-04,-2.147487805848951811e-02,7.069496009538504822e-02,7.675956747386826484e-02,5.872431578179197233e-03,3.115725969901723263e-02,2.649535017145702130e-03,-6.938332197811848678e-02,2.595502161784385767e-02,-3.091928081349214208e-02,1.138263051039890839e-02,-4.481430856640111933e-03,-1.223246218473208677e-02,4.681418101581445723e-02,2.090729238403477019e-02,-7.625518706165100580e-02,-2.163013092943268448e-02,-2.651320146014468637e-02,-8.039606662511777913e-02,-1.080483604764162844e-02,-7.398307824717734182e-02,-2.522755296842974990e-02,-2.708964225924779742e-02,1.722601732442447658e-02,5.001027041374470072e-02,2.635624072238654247e-02,6.442613161999412308e-02,-1.233727147269966622e-03,-1.277856720607554487e-02,6.860059487005884353e-03,-6.476085283570330586e-02,1.255171502992707272e-02,6.322817564418331537e-02,-1.038197750662582172e-02,2.508142861867819484e-02,5.652831214369086893e-02,2.952800107654171211e-02,3.963242930771627981e-02,2.452603947262122636e-02,4.564553788834401632e-02,5.740564446794955977e-02,5.810903400591851259e-02,6.264972552232302150e-02,4.425730928349880938e-02,1.884083182802587242e-02,2.484661356139639121e-02,-2.026392884312097284e-02,4.701672336942656211e-02,4.158400418817222860e-02,-1.036177576140291136e-02,-1.627897666820810746e-02,2.409266312011717343e-02,-6.300075268425997521e-02,-1.938600208872504754e-02,-2.160666931519117720e-02,1.537400092516935136e-02,-2.274543389031441140e-02,-5.284397774424748860e-03,2.741698054951852842e-02,1.935894698151204019e-02,8.579875197695097100e-03,-7.859242329829705873e-03,-3.782913888927636088e-03,2.054012362463897984e-02,-1.923981234594574971e-02,-6.713393498722734776e-02,-7.906017073261357997e-02,-6.418894091576887728e-02,-3.845068473804753861e-02,-3.494970383969121797e-02,-6.772278324346478473e-02,-2.786884283539852944e-02,-4.226973171923825018e-02,2.980223132107253248e-03,-1.726739891144844687e-03,-4.132090495837673072e-02,-1.531235221054173465e-02,-5.060845024308638362e-02,-1.772385093793929847e-02,1.230807706511437109e-02,-8.375620689270657504e-02,-6.145061881301498198e-03,3.326995708288433412e-02,-3.339066460461545538e-02,1.534290016500106449e-02,-2.989834499160276722e-03,-2.402977636929948951e-02,-5.613317601566937369e-03,-5.236678616274572512e-02,3.022711293675407404e-02,-5.341573867868425196e-02,-2.426757105072319814e-02,-6.353789944119135613e-02,-5.244428352019819828e-02,-6.261769025903672625e-02,-9.087387893810941475e-02,-1.191280230905933726e-02,-3.507788531661874126e-02,-7.354734669869276986e-02,6.742964164212561571e-05,-5.618327735133781670e-02,-7.832387971969738405e-02,-5.222044102461208259e-02,-5.541275914317932150e-02,-3.469394207191799084e-02,8.732474307676871272e-02,-2.115332906145227926e-02,-4.336566699921096807e-02,-5.359838373194421995e-03,-1.365858128424275730e-02,-6.008573247415568974e-02,-6.106779853134842312e-02,-8.352593296133099809e-02,2.980790534544371095e-02,-4.890522882090613671e-02,-7.471065018798001001e-02,-4.771515909188578375e-02,-4.354684828198510105e-02,-4.939553558376319486e-02,-2.366779542356206578e-02,-2.229422983736175506e-02
3.846670881888877846e-01,1.000000000000000000e+00,3.512003236827651587e-01,4.012920947230430579e-01,3.407308379434724754e-01,-2.378911954788431871e-02,1.670475338793897882e-02,-1.112200533894338872e-01,6.696188157808377617e-02,9.368057865905635162e-02,4.914804496085164315e-02,7.769823969639996775e-02,6.356099594961141241e-02,1.131825863680368804e-01,7.678011979524987374e-02,5.031840133309918583e-02,9.217727613554858868e-02,7.455611568702125158e-02,2.934423512165550488e-02,3.727361309720438054e-02,8.464141147983705871e-02,4.937592806120614380e-02,-1.116772650487514278e-02,4.957530948914027485e-02,5.019515676714437352e-02,-2.861684120999657618e-02,6.154378377912170933e-02,-6.458172353225434016e-03,3.444876567885045426e-02,1.156120009372845273e-02,-2.573973963136415299e-02,1.634880053955918913e-02,-1.503264934409668900e-02,-5.768926347424045004e-02,-4.698915960683950482e-03,-2.457611364617667479e-02,-1.190510482959782901e-01,-3.081269180753672815e-02,-8.026298846664234321e-02,-5.474434009692123737e-02,-2.151959494396704989e-02,2.021712157514772915e-02,6.069884940496360348e-02,2.555065366344688119e-03,2.647452363805380404e-02,7.356694743344887807e-03,-3.248924456332362432e-02,2.170534722056456298e-02,-5.471304911348198741e-02,-3.779174280087585491e-02,5.483577967820298799e-02,1.525318098030994420e-02,3.604825137740817059e-02,6.910534198738835232e-02,2.854568967642214308e-02,4.561604662395508242e-02,9.747669747777211458e-02,1.933541541393919054e-03,2.332525343568818150e-03,1.209283555975994434e-01,6.333259067504316830e-02,1.596559987570886699e-02,1.418417682150150544e-02,7.229798977688116184e-03,-4.652464818557188603e-02,3.973731616389085917e-03,5.204376298811308477e-02,1.977000392216568710e-03,-2.325127110174111250e-02,1.243892204216168543e-02,-1.591872389385639783e-02,-2.904323509960365229e-02,-1.321509309556178485e-02,3.411351449748829118e-02,-9.572450432782564703e-03,-2.033334056021631267e-02,1.003855285369703414e-02,4.088310293275919556e-03,-4.439946198784250342e-02,-2.915430929444763619e-02,1.382828221670184821e-02,-9.003181707979026824e-03,1.678731196374986081e-03,8.322367352217484998e-03,-9.965519943843832024e-03,-4.012009102316786008e-02,2.241300801422548006e-02,-2.972037481066891820e-02,-4.682829258657383170e-02,4.697061981600442193e-02,-4.002344387720380842e-02,2.894499962366692963e-02,5.359116783013933780e-03,-7.615590031989598330e-02,2.855109644459069215e-03,-2.347888623765348459e-02,-4.682193468686277060e-02,-4.479997362297578195e-02,-7.003349668698499730e-02,-4.774909001130868413e-02,-4.917013864637952147e-02,-4.735819644981088816e-02,-7.728819670067271774e-02,-4.510805179910586105e-02,-3.087405148715178724e-02,4.812306485690142493e-02,3.044052078537667905e-03,2.647151291420745886e-02,2.788424045529405010e-02,8.480324135353246862e-03,-2.067322696607423044e-02,-7.218797390728634231e-03,-3.934633312223208279e-02,-7.222945809959871455e-02,3.664032617973986966e-02,-1.313525573287563711e-02,-1.087960762587050247e-02,3.657129602358009240e-02,-2.957831275149610389e-02,-5.347256892839631322e-04,-1.053289040771571844e-02,-7.046262487510430994e-02,-5.985302357636971410e-02,4.753973848929577556e-02,-9.709148525091604656e-03,-7.035062553483252545e-02,-3.024247865327218607e-02,-2.330951701081632535e-02,-9.795074858833136000e-02,-5.203290251322417737e-02,-1.251650051456061619e-01,-4.001807321916053123e-02,-1.381508741137145446e-01,-1.420644605787060866e-01,-1.386887647651660338e-01,-1.724611205483843890e-01,-1.266060716260426766e-01,-1.248988402776394085e-01,-1.356959725166173025e-01
3.390117751327417217e-01,3.512003236827651587e-01,1.000000000000000000e+00,3.457172204884979561e-01,1.423577379400466636e-01,7.120850902342866495e-02,1.655145766690558629e-01,-4.406452549314505279e-02,1.116595251275520340e-01,7.253164741494337597e-02,4.416195459619872039e-03,1.649221794514721395e-01,7.422951669194532975e-02,7.123133561245416356e-02,7.316773697410258737e-02,-2.089513988561375601e-02,7.543604913271534373e-02,8.098857543223522693e-02,-2.641328227567425052e-02,3.837127245243030643e-02,1.106416546284449964e-01,1.110903096934324347e-01,7.997141651717079580e-02,1.056529684484683179e-01,1.013003851537535166e-01,3.612598569196998760e-02,1.037434009409526764e-01,7.324801621403564944e-02,1.239022624389773120e-01,3.164186085733650122e-02,2.691367082915973458e-02,7.517883596584078176e-02,3.587674930757400737e-03,-5.193609291626000157e-02,-2.857495052659403401e-02,-4.163776350449786834e-02,-6.304575003869361538e-02,-6.770091974609404595e-02,-5.962138524188539956e-02,-5.682681252172942094e-02,-4.695135857154136838e-02,7.425352167981083551e-02,9.504309110320442733e-02,7.890486098542317042e-03,1.117306005131723651e-01,-5.459352744617287923e-02,-7.892628978061874689e-02,-8.411671252636173171e-03,-1.085315552973780268e-01,2.586751245732072518e-02,8.736536198865764435e-02,1.230936022803259290e-02,5.347638718288994647e-02,8.905558730034236758e-02,-1.242790625678016729e-02,2.834641380000054237e-02,6.999987755727764271e-02,2.896958407275549222e-02,1.971801564729712408e-02,9.576444919119746213e-02,5.699909583937712299e-02,-7.486776986102763355e-03,-8.353956088916885195e-03,8.071780882619537106e-03,-1.743688443198122828e-02,1.967291653934511927e-02,2.592904595202068924e-02,-3.706070718124963165e-02,-7.183472803783130800e-02,-1.991795190221568729e-03,-6.853253527960070923e-02,-4.936592096155431597e-02,9.730987502815525297e-03,5.732046011360852206e-02,-6.425022852476614324e-03,7.464292464424810217e-03,4.048681274159658672e-02,4.183599103216501663e-02,9.094575510235356278e-03,-6.039354421295202967e-03,4.397348819592281077e-02,2.267155649755778213e-02,-1.823418410818801114e-02,-4.223015489674155493e-02,-8.486330281477479087e-02,-9.467819447913776443e-02,-5.101964816270254145e-03,-3.706089903907371086e-02,-8.656172003374752733e-02,1.881946663818444276e-02,-5.145584709594480666e-02,4.676379466047290295e-02,6.342450079905817550e-02,-6.165765679522918624e-02,5.961294535128376301e-03,-5.039957652171369283e-03,-2.026113214371872209e-02,-2.857143724854760425e-02,-9.192675712750550399e-02,-6.305487877053327084e-02,-1.397540066300409153e-02,-5.957324800480066213e-02,-3.258575703366177467e-02,-4.792205482991680060e-02,-5.612117296689633772e-02,-2.838360875298957114e-02,-1.144210855467911875e-01,-1.003567828170861577e-02,-5.515285199846085840e-02,-7.984038660953007849e-02,-7.823120072629162480e-02,-1.151527425201555599e-01,-1.006514704693389078e-01,-1.413699999995096657e-01,-9.818358316402826802e-02,-9.467990531353963346e-02,-1.312382348000083743e-01,-8.665132853000902247e-02,-1.097881500021631734e-01,-1.240259692473230507e-01,-9.316126450363118594e-02,-1.589188598595968061e-01,-1.107848675786305970e-01,9.513707910503417173e-03,-1.114077117975332820e-01,-1.073013018884212549e-01,-5.987341929377502231e-02,-3.628389721291620101e-02,-1.003472514999978887e-01,-7.474199131051291467e-02,-2.367775423845705149e-02,8.953219447279921542e-03,-5.202245260976832292e-02,-4.598202102292243271e-02,1.432517044422587313e-04,-3.719574657180071964e-02,-1.073720237561958703e-02,-6.374184988561119869e-03,-3.153917878362901689e-02
3.260725718823863639e-01,4.012920947230430579e-01,3.457172204884979561e-01,1.000000000000000000e+00,2.857582354430740490e-01,-1.311130606054285164e-01,1.994640560262328499e-01,-1.131091443102364008e-01,1.521243797566799172e-01,1.474750651408021640e-01,1.568685738249155429e-02,1.069776119489466298e-01,1.172691936926082978e-01,1.488511081606462005e-01,1.194382969644996323e-01,5.809772046961924480e-02,7.409272699961542974e-02,1.125561890997016784e-01,2.485924637523084096e-02,2.010820318346470247e-03,1.120162306649724326e-01,5.938239787140475734e-02,-3.860494071574337160e-02,4.701111927216514857e-02,3.420022662276644976e-02,-1.797381146798089635e-02,1.327420544367538362e-02,-4.355600511042414386e-03,-2.948346108798389001e-02,-3.549092765432055457e-02,-3.996183924024550999e-02,-6.544559801446947142e-03,-1.423481798541706596e-02,-8.675905014495484402e-02,-4.477880797335370006e-02,-2.265749935484586905e-02,-6.318998507001503950e-02,-4.747611983795824858e-02,-4.417752123728504315e-02,-5.262390234157892505e-02,-2.503089551553917477e-02,5.997354074597378154e-02,9.487979010896593901e-02,3.366076016509694097e-02,6.470143041925979777e-02,2.128423935158945193e-02,9.703608823761478153e-04,3.361909934911699177e-02,-4.259177864615704828e-02,-5.225371038448283628e-02,8.811299342394210421e-02,3.874386709012641455e-02,5.865696325914868808e-02,1.070234583054585492e-01,3.240878147602225135e-03,2.465485684593119939e-02,1.056801209589784685e-01,-4.188950347525481795e-03,2.683453561854891745e-03,1.557389649862880587e-01,8.116743707721579826e-02,3.104029918907125554e-02,-2.026198112474015406e-02,2.462142345323636849e-02,-3.801792242628496132e-02,1.308182764317996488e-02,5.910286774124856590e-02,-3.315544641313454555e-02,-3.828793619719660091e-02,4.967652954174737318e-02,-3.193156001796906840e-02,-3.723715717429574440e-02,-1.329311462489594746e-02,6.414410480604515463e-02,-1.631155446274775572e-02,5.632526544355551633e-03,2.580549716565548601e-02,1.855251740134049353e-03,-3.227762052212460736e-02,-6.789292711481466347e-02,-4.243704148377196173e-02,-1.762677891120448259e-02,-6.230894294593176952e-02,-8.791735458790961300e-02,-1.113225212986588414e-01,-5.515104293170688954e-02,4.359229505881363764e-02,6.080190443468126471e-05,-3.292867489393267594e-02,4.620513227130891576e-02,7.198780318270075768e-04,5.290256883421019796e-02,4.256255918667491839e-02,-3.608654907628617431e-02,3.916295422292540018e-02,3.781848725754041480e-03,-2.370514094378864747e-02,-6.140738150958182512e-02,-9.532652270858302246e-02,-1.015400147237214973e-01,-4.364258590412471717e-02,-6.017898756509115765e-02,-8.231050399918431182e-02,-7.062787056459168822e-02,-4.419290980167519395e-02,8.066008831765784926e-02,2.509119836492115438e-02,4.980015699364011977e-02,3.568577817963493326e-02,3.092301529135547001e-03,-5.972857373485102733e-02,-7.062209696412680149e-02,-9.273846258170159729e-02,-1.113548844318291153e-01,-6.458572923770842904e-03,-3.427270700626871246e-03,-9.034356981243085727e-02,1.689715230637983331e-02,-2.591541167324013656e-02,-9.640313284862886412e-02,-4.103455235200186707e-02,-7.547943123969065582e-02,-4.554961140649466805e-02,5.694068976268833876e-02,-2.297450213859698193e-02,-1.190450192808325813e-01,-7.004902747519341222e-02,-5.123006477654216961e-02,-1.292614197952395017e-01,-1.030037131385341531e-01,-7.791829354847717992e-02,-4.021530948380155381e-03,-9.214665824267956329e-02,-1.081303350007239150e-01,-5.678135506251114073e-02,-1.155074523043418816e-01,-9.331796656853064142e-02,-8.306440486843516546e-02,-9.318622496045989023e-02
2.024682531113344841e-01,3.407308379434724754e-01,1.423577379400466636e-01,2.857582354430740490e-01,1.000000000000000000e+00,1.432932017377943068e-01,-1.767331711157241747e-01,-2.269244850383728140e-01,-8.893755954624803228e-02,-3.597387117433545334e-02,-8.211330623527879347e-02,-1.005236965880442340e-01,-1.199989405057520775e-01,4.174070405227418672e-03,-7.814970310062894707e-03,-4.055214925565335526e-02,3.750122972733985205e-02,4.519678370175184839e-02,6.076566569818523354e-03,7.120695062571295864e-02,2.894093153766367707e-02,-3.340597800665535879e-03,2.169557207119158365e-02,6.697958533986199392e-02,5.536022668430689436e-02,4.598707515396696643e-02,9.524802570818968750e-02,4.599865854133698001e-02,2.038225907295566214e-02,1.861284034828893791e-02,-4.596118970983958767e-03,-1.180212497045233675e-03,1.172713749021675293e-02,1.380049794486762522e-02,-5.166352601170725450e-02,-2.380723501430517114e-02,-5.189750636622941088e-02,-5.850767881867686981e-02,-3.063810820909148788e-02,-3.175803286772985613e-03,-3.287997888166736826e-02,-4.183359591452811416e-03,1.154280546954601361e-01,2.045214688256603852e-02,4.702454672730665280e-02,3.864284499463437744e-02,-4.030919913099471896e-02,3.537078477263430609e-02,-8.182283758272430874e-02,-6.081969016386807453e-02,3.444249210073389855e-02,4.019608132234164105e-02,5.686583527589543496e-02,7.460172617423209418e-02,7.371432820795396912e-02,5.605549477239904488e-02,7.718083503896711051e-02,7.553207717865390025e-02,3.881942999001138095e-02,1.078278992077507936e-01,4.142168173893791966e-02,4.171662835933328400e-02,4.361472049322849542e-02,-5.357584698470339163e-03,-4.650742915373405617e-02,2.662105590634887553e-02,2.546760832260390808e-02,-1.011388344726505371e-02,-5.504506457740332426e-02,-5.628473446638483646e-02,-5.544748755345624974e-02,-9.484327538183402739e-02,-8.532066088850702446e-02,-5.429009272926639540e-02,-1.105193037924898924e-01,-6.944935464046116114e-02,-4.092759316667395064e-02,-1.675866195495559832e-02,-5.202266344702760614e-02,-8.779252833467710015e-02,-4.534535102312715893e-02,-8.199363053040455152e-02,-5.416756386440790827e-02,-3.543016260527308975e-02,-6.058830724307748272e-02,-1.241778174115500122e-02,1.902395966215567058e-02,-2.154433777881288939e-02,-1.524759422931931500e-02,1.388095542627510066e-02,-4.583142704938721751e-02,-2.149138431364000512e-02,-2.642246946389346235e-02,-6.706567400755170105e-02,1.871084714315424113e-02,-6.484839354573357362e-02,1.358877923116456844e-03,8.012173050705712453e-04,-6.084973253474323246e-02,-9.822839535264830599e-03,-1.972654882203704954e-02,-3.648814006239888691e-02,-4.920017240799954422e-02,-4.541939962441013390e-02,3.534857214089227873e-02,1.072090745115821253e-01,9.922552369680820092e-03,6.101701156072195098e-02,5.135687754688589984e-02,3.248540204034808254e-02,-3.165527818347027567e-02,1.412324680649915294e-02,-1.114097608779661235e-02,-5.260070170881100265e-02,5.075095221142925106e-02,1.665954960605136800e-02,-2.249780414045182350e-02,6.174294407183802957e-02,4.304531088418214919e-03,-1.078350038953275643e-02,2.706840119386197049e-02,-1.044288605677696699e-02,-1.154998060981251955e-02,2.282755836626006174e-02,-7.630763280622535234e-03,-5.189760732889276557e-02,-1.931366828242101624e-02,2.627244004112169740e-02,-4.384832111820587131e-02,-3.017605725311927473e-02,-5.857425401586119351e-02,-2.341392309354971280e-02,-1.038929774170179315e-01,-1.150964537056604758e-01,-6.264639424211085328e-02,-6.544597912685325147e-02,-6.406780058674260703e-02,-2.614271451256618486e-02,-5.136157774438826484e-02
1.429392392245888710e-02,-2.378911954788431871e-02,7.120850902342866495e-02,-1.311130606054285164e-01,1.432932017377943068e-01,1.000000000000000000e+00,2.171288440841028788e-01,2.097375979479934316e-01,3.760546200359288216e-02,5.420549945073387804e-02,2.195656611084691526e-02,-3.718826412990048486e-02,-5.658983954411606065e-02,-1.642850743704364277e-02,-5.373024597505778044e-02,-7.355127103564802760e-02,6.949782186153193389e-03,-4.549153034152380454e-02,-6.467472263927537268e-02,7.490194468643962544e-02,-3.337563758812012171e-02,4.511169225676173698e-03,1.043125372762895159e-01,5.863135607415253386e-02,5.794877589229787546e-02,9.876968606343222018e-03,1.358410930438466897e-02,3.563826378707624087e-02,6.071271616979560110e-02,2.862634221424135289e-02,3.043162736982147135e-02,8.319595977046363028e-03,5.062710712853357026e-02,2.347729789437546719e-02,-5.139556019618915506e-02,-3.672524394526524572e-02,-1.390764464160057327e-02,-2.857939298458360075e-02,-4.566249279166705727e-02,-2.750961756083889279e-02,-4.441242510542560244e-03,8.036559415040636645e-02,5.868208379739663083e-02,2.222170959830309031e-02,6.991511135795103193e-02,-5.970693335228824394e-02,-5.946012219576975871e-02,-1.040707090187896339e-01,-7.018141784486074675e-02,5.528028756045329922e-02,1.121795438382817145e-01,1.018921089508600074e-02,9.797352977337792090e-02,5.983840586163598901e-02,2.989869515341319998e-03,1.184575162424110484e-01,5.374984103406358488e-02,7.206668589449265194e-02,6.288120820351991713e-02,1.916759083074011383e-02,-8.696539739726240337e-02,4.821680899816330017e-03,1.315374583781461076e-02,-6.998812272830610970e-02,-2.467367777366450896e-02,-6.747312212650939493e-04,-2.194818993932204365e-02,1.264473773104382234e-02,-2.130558758686401655e-02,-4.129572366980734099e-02,-3.091259143145498947e-02,-5.391343474312298295e-02,-2.000667895268494131e-02,-9.208189950207513672e-03,-2.934834477235327352e-02,-4.955721639770815229e-02,-9.303241947957919047e-03,2.589989858610503362e-02,4.208510244318601490e-02,1.154351475337045581e-02,4.566194068292628999e-02,2.083503432619651999e-02,5.494058889366195547e-02,2.556574818299212071e-02,-1.866732386904419380e-02,-4.800761707253239224e-02,-3.164328405419796625e-02,2.825942357131896662e-02,-5.550938260543979846e-02,-1.882440024341071327e-02,6.197660349466834612e-03,-1.138153994884247427e-01,-5.006794667047181208e-02,2.006601881489361236e-02,-6.325785705681981341e-02,6.083218202484867027e-03,3.135684046074446729e-02,-2.235717752740478195e-02,1.382414251801652311e-02,-3.314313917368146012e-02,-4.346057765859075162e-02,-3.706861048261918951e-02,-2.366024197839632082e-02,7.750573194452586856e-02,2.822610599732947034e-02,-1.653779192786362234e-02,-4.221948598728487295e-02,-9.965198077966036516e-02,-3.656594867549672889e-02,-2.169068391787839362e-02,-1.128378670873512041e-01,-5.985707070467663482e-02,-8.738308023497366739e-02,-6.621598636632115842e-02,-2.313334308702258424e-02,-6.574373237454152197e-02,-4.283702258288980824e-02,-1.940636675835198666e-02,-6.322000992734316815e-02,-4.260791847364935742e-02,4.180620331898061981e-02,-4.740216711854646631e-03,-3.439881883975622057e-02,-1.193806804703831520e-01,-1.093792470735094891e-01,1.884986524778108454e-04,-8.358260406806806986e-02,-2.354252159936711178e-02,-5.556242732028970725e-03,-1.630956780058639283e-02,2.607818998543230335e-02,2.425243890500004482e-02,-1.912903313061483854e-02,1.309454732457152916e-02,4.311945516004889872e-02,1.385561975747008623e-02,1.090763487481300961e-02,5.395175215430168814e-02,1.051833441743200113e-02
1.092531869948418638e-01,1.670475338793897882e-02,1.655145766690558629e-01,1.994640560262328499e-01,-1.767331711157241747e-01,2.171288440841028788e-01,1.000000000000000000e+00,3.783962872228412988e-01,3.216703336880128994e-01,3.346597962237820023e-01,2.112628469394406405e-01,2.315149132274897381e-01,2.028570968182112078e-01,9.752727746391166852e-02,5.559242535550056735e-02,1.493072933812521208e-02,-1.164569493435031744e-02,-3.748171796047842369e-02,-7.706200217180304846e-02,-7.449615702940422246e-02,-1.998286660638496498e-02,7.743518375718017044e-02,-1.329558697643191088e-02,-3.958211905257872504e-02,7.193674808307614146e-03,1.982747664579025820e-02,-1.179332695452380963e-03,-3.314428551828689506e-02,7.459005174629170822e-03,-8.953107427955589448e-02,-1.698924201577366525e-02,6.148971546171139169e-02,-2.314397625063056851e-02,-5.462689567136871927e-02,-5.033093097863170634e-02,-1.681546661242072638e-02,-5.844572832529209769e-03,-3.205475480880132927e-02,-3.832635074316042417e-02,-6.240580449923543993e-02,-7.655568601667006590e-02,6.529384070263303044e-03,8.096946834445663266e-02,-4.574438503380874599e-02,8.792640907121246352e-02,-3.220299498159136242e-02,6.104609899464985556e-03,-2.384346333184084871e-02,-4.957028792567823999e-02,6.530230158034838750e-02,1.096056338322230483e-01,8.040882424527594219e-02,1.375834070704077261e-01,9.081572718708738612e-02,4.662937919892564537e-02,9.037459065185300677e-02,4.518639864068800527e-02,1.062995270321659934e-02,5.466725882629606265e-02,3.236621250403879518e-02,3.863492265522239927e-02,7.475105688604019583e-02,-2.386805542211280565e-02,-7.020636836982016571e-02,2.048835085376643494e-02,2.472051855355305791e-02,4.667209520501994918e-02,-3.234783932795131257e-03,-5.161744586489378644e-02,1.338810009592361454e-02,-6.246526958927575701e-02,-4.448022407759284758e-02,2.035249013006967117e-02,2.898791038209839674e-02,2.578020241820996525e-02,4.033043589296998049e-02,5.564908856072449395e-02,1.830709329717936443e-02,4.614226336685384872e-02,1.843728804044920261e-02,4.549754393434560229e-02,5.373319702115712110e-02,6.277510248874469678e-02,2.002101681854275787e-03,-6.935689251378253373e-02,-4.501705686873812284e-02,-6.588211261907164773e-02,-3.736059475123761769e-02,-1.008531894024510545e-01,-5.973872489419029125e-02,-3.564569623002979571e-03,-8.044377590096522812e-02,-2.837950463329196038e-02,-1.413820146307227929e-03,-7.430770400759018068e-02,2.110705181458501917e-02,-6.631177193706129513e-04,-2.224328630640220669e-02,-2.203815524086335728e-02,-3.045114324431951250e-02,-4.737383360896963574e-02,-8.233441197854490801e-02,-2.685398125452944165e-02,1.494618524822009797e-02,-4.291542626045411618e-02,-7.670716968941458658e-02,-6.923381711621001688e-02,-5.997279625661686153e-02,-8.973076363051935012e-02,-5.538990950333594343e-02,-7.521372375313045699e-02,-1.025371960466810173e-01,-1.220344754558041755e-01,-3.413399418360675563e-02,-8.729689126288554812e-02,-7.660418673142195545e-02,-2.838703241694410032e-02,-8.527028302624092837e-02,-4.346607295713384583e-02,-2.471613150680831636e-02,-5.060362951949374383e-02,-2.246689700861798436e-02,-5.773253460134120801e-02,-2.322762728900889390e-02,-4.457238372033353602e-02,-1.311890744033530898e-01,-2.758796527562858841e-02,-2.671843251886204043e-02,-8.586497228998953013e-02,-7.592424632128001727e-02,-1.001362317454391852e-02,-1.353487125290073895e-02,2.150663125313529225e-02,1.751362528590921785e-02,3.818573076039760011e-02,2.127567468754109140e-02,-4.716555460493244110e-03,4.571289255597273810e-02,1.756331209650136352e-02
-5.553073855461544694e-02,-1.112200533894338872e-01,-4.406452549314505279e-02,-1.131091443102364008e-01,-2.269244850383728140e-01,2.097375979479934316e-01,3.783962872228412988e-01,1.000000000000000000e+00,2.976022455341056916e-01,2.697800787346893436e-01,2.705510790565898160e-01,2.292802853663750418e-01,1.934871513437918522e-01,1.214255071293628557e-01,8.165085200547969602e-02,4.604931345453822100e-02,6.034457995775750760e-02,-1.979684826530477958e-03,-8.043999465839467289e-03,-1.211981200647194515e-02,-2.787206961599420982e-02,-2.765626577403426656e-02,2.339529385668930039e-02,-6.368227874966531088e-02,-1.251851222160050344e-03,5.667904668202370516e-02,-4.627694738679551806e-02,4.265001378734247645e-02,1.548690661840087732e-02,-3.053237188916414768e-02,3.305288191018768834e-02,3.389953524731964540e-02,-1.387651480928727907e-02,-3.811613427257476427e-02,-8.830665898002715286e-02,-1.076263198581929453e-01,-4.530787519432431798e-02,-5.847671935247068103e-02,-8.423651826937927911e-02,-3.471366316109125716e-02,-5.226574047535115231e-02,1.167239422693208163e-02,6.081515099609689778e-02,-6.461291121965839768e-02,6.840043049728937452e-02,1.767195378747480825e-02,2.014534950061626709e-02,-7.783542763978899826e-02,-4.091800939316449226e-02,6.970653631154873076e-02,7.157250143871976555e-02,2.788682706099799083e-02,5.910371627932409222e-02,5.648229217580320871e-02,2.839540816908789084e-03,3.843517261123574613e-02,1.647134733707328672e-02,-1.735504886266961639e-03,-8.837834618089931375e-04,1.650364384017875830e-02,2.297902384508460072e-02,9.176401304425278738e-02,-3.828870548462508239e-02,-3.692905166387663168e-02,5.535175889702679403e-02,5.786678071420560399e-03,2.510089676214832810e-02,4.533589262086820670e-02,2.671951491931926284e-02,-1.399004516410197983e-02,2.291089739668136782e-02,-1.917048117252966727e-02,2.501814349617116628e-02,2.166753984900386676e-02,2.343087181446784975e-02,1.317997204105965034e-02,6.821662041424703116e-02,1.880938529599542747e-02,6.300981006522325678e-02,8.530309559847311374e-02,4.923570356881693671e-02,7.964287826306601370e-02,8.606141574714769316e-02,6.411905067054664287e-02,1.478884433394003078e-02,-1.660521961846382274e-02,-4.369429517610880220e-02,-6.734092943692241220e-03,-7.491999487244324629e-02,-4.284789170729822599e-02,3.162865211147580097e-02,-5.405445464907301240e-02,-5.774491679023868035e-02,1.266229915265285446e-03,-3.858883963666086270e-02,3.304537689211977519e-02,1.755985021974687532e-02,-7.542301241440146908e-02,-1.601243835239292423e-02,-5.567784774904116669e-03,-7.981069338613115682e-02,-3.333171749347561830e-02,9.860228634773180595e-03,4.528684328663296933e-03,-1.314340113667173716e-02,-6.939470374854486701e-02,-8.424474336955660447e-02,-1.160090114096592462e-01,-9.660563542224698264e-02,-1.229058702520793855e-02,-1.041034666376460943e-01,-6.875749053740823347e-02,-1.252596070945337925e-01,-3.520630017696483455e-02,-7.002745848302827092e-02,-7.745532355450437945e-02,-5.183039845358525764e-03,-6.746155040645300527e-02,-6.046686968193591000e-02,4.314253511218229522e-04,-4.383287533979261124e-04,5.415179697174877377e-02,5.511804389798388801e-04,-3.848187754063858712e-02,1.781932135484027777e-02,-3.602756758264778758e-02,-3.952484780819143229e-02,-3.115606160765890115e-02,-1.313210387704616053e-02,-2.575576362498643163e-02,-8.467977205174281874e-03,-3.084537365585747482e-02,-1.396053429884757530e-02,-6.959763112978025910e-04,-2.055731913755885418e-02,-3.069953243743773694e-02,-2.856280560182749423e-02,4.829145705301852477e-03,-3.529678058648662992e-02
8.782315592193742915e-02,6.696188157808377617e-02,1.116595251275520340e-01,1.521243797566799172e-01,-8.893755954624803228e-02,3.760546200359288216e-02,3.216703336880128994e-01,2.976022455341056916e-01,1.000000000000000000e+00,4.327226026214778809e-01,3.632152917492795785e-01,5.911971161143533271e-01,3.426510801251932969e-01,1.322760880594654742e-01,1.466709606129187882e-01,1.089902207016950619e-01,8.191319215057009384e-02,3.244574175182562970e-02,2.098528828209216338e-02,-5.092527144888173846e-02,3.708410528510760334e-02,-6.345718042309917914e-03,-1.013884256503222586e-01,-5.485004142901372254e-02,2.108600369200755095e-02,1.631126521677089478e-02,-1.535581577037502081e-02,-3.246658613227734053e-02,-6.975807318375831789e-02,-1.018217716679196833e-01,-4.172630178603710382e-02,-1.107401311680752953e-02,-5.737671809458391031e-02,-8.773753767034153661e-02,-4.662937926012725165e-02,1.496488332937684351e-02,-3.126023810291117533e-02,-3.013613290811918005e-02,-1.900419556886077943e-02,-7.204291063527894223e-02,-6.743057898115860371e-02,2.311492446022636940e-02,2.886375067692140139e-02,-3.333995024471082119e-02,5.207209283630496316e-02,-6.928194688513314436e-02,-2.126724874283838357e-02,-3.755871814844471274e-02,-9.584668330482033760e-02,1.826071460518696038e-02,4.273703878989976862e-02,6.704174925472740354e-03,2.865099851808052336e-02,9.199534264376751924e-02,1.039303706842529401e-02,7.828452952589588787e-02,3.110008833311280266e-02,-2.476653863766204236e-02,-5.886620086723244431e-03,5.075351012136722351e-02,4.817195581337029020e-02,7.310967951780965313e-02,-4.767506448893393811e-02,-4.231490542255961218e-02,7.507853001134755580e-03,2.613987897251382822e-02,3.325088202532363452e-02,-2.922551418006627197e-02,-4.797706754351153263e-02,1.113300969073467879e-02,-4.353266012845603827e-02,-6.760200706073046795e-02,2.813871694611193991e-02,7.088333298216036027e-02,6.258995946053509674e-02,2.969373275380582031e-02,1.109987448460517945e-01,2.696660397897827216e-02,3.790157866086771993e-02,3.329788451380933517e-02,2.602806201770503647e-02,7.996311552493529096e-02,5.528369003503087742e-02,3.043574651739802336e-02,-3.085725819290501340e-02,-9.034706377746157258e-02,-4.013259288926388640e-02,-1.800578834370127057e-02,-8.644700116590510464e-02,-4.074459855514903778e-02,8.319145757017797418e-03,2.404675730472177059e-02,7.635267637949577635e-02,-1.443674830893073788e-02,-1.475309618237091551e-02,8.996319056569099248e-02,-4.356606425987642056e-02,-8.312049270517432586e-02,-4.588892477329173381e-02,-6.152216767684388216e-02,-6.108793027090276412e-02,-2.575841399516489924e-02,-4.352249147533292922e-02,-7.063016367608188073e-02,-5.407866826025753415e-02,1.665849070951702258e-03,-9.106302168738743610e-03,7.816478384441803012e-03,-1.020008815553719896e-02,-6.903075613169197544e-03,-1.892823679198528050e-02,-6.349705429300168957e-02,-5.160414813712927568e-02,-1.993070694316931638e-02,-1.184712489875924118e-01,-6.450059613187178464e-02,-8.247721175474284627e-02,-1.222756004612489400e-01,-4.165824096123781767e-02,-8.176048514662140332e-02,-9.898673550219959372e-02,-6.932794592838058267e-02,6.436196428801718890e-03,6.296120712881564385e-02,-2.687378006710186215e-02,-1.294506435064141647e-01,-3.757888172305872548e-02,-9.255262884369737375e-02,-5.974381998811463534e-02,-1.910400078805900986e-02,-4.084349414119776284e-02,-6.782367630019290293e-03,-3.451326687841208690e-02,-3.240335140329081431e-02,-5.379886702554497607e-02,-4.862757411738797414e-02,-3.244693571767011397e-02,-2.434480411878962858e-02,-5.188890968320860470e-02
9.980675406107612779e-02,9.368057865905635162e-02,7.253164741494337597e-02,1.474750651408021640e-01,-3.597387117433545334e-02,5.420549945073387804e-02,3.346597962237820023e-01,2.697800787346893436e-01,4.327226026214778809e-01,1.000000000000000000e+00,4.431366792458767967e-01,2.632853001729466569e-01,5.252887709871053579e-01,2.729781913801121451e-01,1.437888610114120280e-01,2.044710326204075834e-01,1.465330875760496865e-01,5.909418095044301211e-02,1.203236268944886528e-01,3.646761843290551725e-02,3.822196704527246192e-02,-3.505160497835965727e-02,-8.146049251332045105e-02,-4.410414527627748438e-03,9.034903782582055093e-03,3.534546329088504579e-02,-1.805452519951570092e-02,-3.536485514760549093e-02,-8.518162949900084935e-02,-1.337113736767735761e-01,-6.860226664672046393e-02,-4.121554404294026225e-02,-1.070787776075013270e-01,-8.009875854655711114e-02,-4.720994765557694206e-02,-1.009076765182479428e-02,-4.316841592276926542e-02,-4.876456836100967474e-02,-2.038586752235349228e-02,-6.921886417645427281e-02,-9.049484373102793799e-02,-2.766591771048567891e-02,1.316811855850143730e-02,-5.032379411434596828e-02,3.681540344314118696e-02,-6.657082543841068289e-02,-2.898846157844378948e-02,-8.325698314509688558e-02,-7.715602677897150097e-02,1.565133060180310190e-02,-5.544965804409979389e-03,-5.002334930591625928e-02,1.937496294144026160e-02,8.042900075976950822e-03,-5.532760568601399059e-02,1.873073746777796297e-02,3.044432552481355497e-03,-8.045548628066830077e-02,-3.265552308230602885e-02,1.076954888377498754e-02,5.401695306599219037e-02,9.908870494874555401e-02,-3.718972061235589766e-02,-1.518927114193864558e-02,2.047061702666764377e-02,6.204776972761306963e-02,7.977157080524253929e-02,2.207735352488678776e-02,-3.532041524932909727e-04,1.911431203676920015e-02,6.229826825059547532e-05,-4.758049522374430823e-02,5.916473342264408006e-03,7.201545804940651108e-02,2.803886528992008062e-02,3.942335245096803553e-02,1.032660058877869214e-01,4.713283637241377083e-02,1.121965917685471409e-01,7.767573064081545464e-02,5.871721609234569622e-02,1.040844871365456253e-01,2.414733492379280214e-02,-1.160174094086928800e-02,-5.219979041796445063e-02,-8.585877325667327920e-02,-7.801800070209131965e-02,-6.311156162661768487e-02,-1.063234223267669754e-01,-5.114871547346916403e-02,-3.339303333673726559e-02,-6.969853749630166781e-03,3.794146186764932316e-02,2.809687167205739827e-02,-3.256277308966002652e-03,8.839411327023619092e-02,5.954471707025696045e-03,-7.472747412116918786e-02,-5.628470164589518231e-03,-1.261798991534428434e-02,-5.644600876376759668e-02,-2.222765509041120698e-03,1.452343545256015722e-03,1.677238155874812356e-02,-4.944054899831565320e-02,-6.806448607808361466e-03,-9.775177518203436236e-03,-2.604449026824039518e-02,-2.632207529242348160e-02,-9.352111334516002763e-04,-2.233680036411265710e-02,-4.924474351661511234e-02,-6.845733766269369858e-02,3.767002314722960781e-04,-1.544265790655777702e-02,9.635703000678095403e-03,5.036846639434590378e-02,-1.287262009155336513e-02,3.106426261379501702e-02,4.221724425372935796e-02,-1.713410881942342354e-03,1.327831836884969460e-02,5.870658974121003649e-04,-2.084518331784887893e-02,4.014348406406007680e-02,-9.540029832669766341e-02,-4.868296268483827960e-02,-1.872433123141175812e-02,-1.470737523227283981e-02,-3.373497833351137704e-02,4.829759966115943631e-03,-1.728942388643062156e-02,-6.494030285562737981e-02,-1.781542293879568445e-02,-4.411199455786169593e-02,-5.062139423937438154e-02,-2.545945814579561942e-02,9.732498685575090638e-03,-4.575665195380262257e-02
3.711431426026520763e-02,4.914804496085164315e-02,4.416195459619872039e-03,1.568685738249155429e-02,-8.211330623527879347e-02,2.195656611084691526e-02,2.112628469394406405e-01,2.705510790565898160e-01,3.632152917492795785e-01,4.431366792458767967e-01,1.000000000000000000e+00,3.404269158896995884e-01,4.122345871910295667e-01,2.486774467501680352e-01,8.786462410287769476e-02,1.609402848492476612e-01,1.440681583336234084e-01,3.137779302575222778e-02,7.281959229551580870e-02,2.709433078904896139e-02,2.645069693563278576e-02,-1.075388938368273747e-02,-5.644300730632483692e-02,-1.814126935323432527e-02,-4.038553169692614409e-03,1.045404316803860353e-02,-4.919300947530359444e-03,-5.510639824128619330e-02,-7.097204372552563811e-02,-8.741515382511032273e-02,-9.893206335058055134e-02,-9.842212504474973436e-03,-7.309470848464547088e-02,-7.716471697339910563e-02,-1.518459911733959118e-02,-6.691085325448986598e-03,-6.325322459555798860e-02,2.145630513101344332e-03,-2.438427404698268949e-02,-8.495081815478245507e-03,-4.170469857643215733e-02,-1.571069930167002734e-02,1.210074736563608450e-01,-3.248333320369223981e-02,7.847295739744553078e-02,4.104400954688338515e-02,2.015608416883895790e-02,-1.924516256374452297e-02,-3.405689783740235843e-02,6.752261356449718033e-02,3.969598755619705571e-02,-5.202035589503541287e-03,1.754221039861328726e-02,3.105479121553768665e-02,3.519831689078674938e-03,3.751447270213190133e-02,4.753238307780158906e-03,-3.821029888410940045e-02,-4.226356668780752862e-02,2.506317180600204850e-02,7.027500126799401947e-02,9.977899273040341521e-02,5.007187576983348869e-03,-1.625117905032267066e-02,6.038671590620631885e-02,7.743799648483297438e-02,7.240115640012965981e-02,6.127822568635997447e-02,-1.601483305505016367e-03,4.140224147892478807e-02,9.253163250850733644e-04,-1.929669810980323696e-02,-2.133821988954536040e-03,4.095546702234287295e-02,3.367141425260782028e-02,2.865941282689289660e-02,8.671285409380613540e-02,5.322539024322215512e-02,7.301829915136757998e-02,7.763872645273602047e-02,7.529070407187145320e-02,1.002650471934998649e-01,5.794123604563001378e-02,-1.286065446423554845e-02,-3.478459597853688495e-02,-6.967571854030928102e-02,-7.416396832583425913e-02,-8.876558652555872897e-02,-1.381223958625742432e-01,-7.536272187226314423e-02,-3.593448936939929589e-02,-5.674398973775462290e-02,5.206832207935946019e-03,-5.016621239028655477e-02,-6.914224164793703054e-02,2.007694940300480332e-02,-3.416780840456415391e-02,-8.545021401108086889e-02,-4.115829253446059988e-02,-3.838492455296020275e-03,-6.415072408407462845e-02,-3.873763756745697562e-02,-5.176609765718451217e-02,-1.202775610149257011e-02,-1.993768420105331701e-02,-3.249582105171602842e-02,-4.360545123384966526e-02,-1.880708125777654643e-02,-6.894254044107858692e-02,-4.807342615867699759e-02,-5.308690405626759895e-02,-8.457413934656543564e-02,-6.290744471423159734e-02,-2.667724335758224485e-02,-6.723763201286124536e-02,-3.353043390972387100e-02,-1.326648011562713871e-02,-8.217199915855262493e-02,-2.344175480773704606e-02,-2.690014898432600485e-02,-8.997685372983346697e-02,-8.999981309058839932e-03,1.035530895422964032e-02,5.270881638167902727e-02,6.093580156188248276e-02,-5.723288840158343577e-02,2.786506399018924551e-02,1.726145792937403001e-02,-2.377190318824161722e-02,1.936244421128662310e-02,-6.020111388896173810e-02,-4.787902809136799359e-02,-7.325176776592293160e-02,-2.270087744048678718e-02,-7.811754596618722402e-02,-8.189765935093414051e-02,-4.867502644211826185e-02,-6.024398982592539704e-03,-7.983003755136697244e-02
