1.000000000000000000e+00,4.139613995212875208e-01,5.087776305702904622e-01,1.531266347359217239e-01,2.341403980759775294e-01,-7.139354047656573665e-02,5.900844902625729943e-02,-4.439036150541772995e-03,8.911905953876507469e-02,1.924528540008945687e-01,1.784594893611639033e-01,-8.318401020673792112e-02,-1.632914724840475729e-01,-2.500484430983802020e-01,-2.448070002631265452e-01,-2.895662832552345911e-01,-2.594378241397171103e-01,-2.838954885606537748e-01,-1.076318664136633324e-01,6.326190301649947667e-02,-1.698721971605484937e-01,-4.869919396208817475e-02,-1.127936760887357087e-01,-6.279677950115741814e-02,1.204751219336274576e-01,1.131753496072831176e-02,-9.946984986430023462e-03,8.208814186936853885e-02,1.668090159992613453e-01,1.028059489968735640e-01,7.660458849396958869e-02,1.897218871607693480e-01,6.255879045393142324e-02,5.385583242162900880e-02,7.825485353716900294e-02,7.495577959017873937e-02,-7.737921817964142635e-02,2.741424923457040988e-02,3.430046511239939755e-02,-1.600969707804279774e-02,7.101614545258243261e-02,2.603486824427062724e-02,1.136241120172968716e-01,-8.085775263874696306e-02,8.050344238955414733e-02,-9.845702503595316069e-02,-2.742254135983021590e-02,-1.623676797577916844e-02,-5.657066534465100133e-02,1.355314200149365100e-01,2.469484321139608224e-02,1.317747305628652055e-01,8.565487770154080194e-02,5.664291540548740435e-03,1.117028184916080552e-01,6.045452529242898582e-02,3.457381318292697143e-03,4.850577116932135863e-02,2.003266702015217213e-02,2.244842032864316841e-02,4.394467942256363724e-02,3.076580040903623484e-02,3.794333089111061319e-02,2.434370648780405030e-02,2.519797312332017203e-02,-9.798368568395931892e-04,-6.109652291990726181e-02,-1.301520170970995871e-01,-9.673526056536811690e-02,-1.762857951092116626e-01,-8.049024276796358512e-02,-2.245088175361333038e-01,-1.722915084449394910e-02,4.582310204373706009e-02,1.640089612309373612e-01,8.896609766217482285e-02,3.586883835336043824e-02,1.137986573820361919e-01,1.115352868004248904e-01,7.210416791318373375e-02,2.519752831592230943e-02,5.432690212829574539e-02,-6.628305600153301669e-02,-7.981034869673775400e-02,-7.131485547601529307e-02,-1.052712733683034002e-01,-5.782796954773693904e-02,-1.061012680716051926e-01,-1.499718981231789872e-01,-6.619778016001090504e-02,-1.578654452094503946e-01,-2.131670212900681899e-02,-8.461332494587060771e-02,-2.356271722185375797e-02,-7.036421226201469703e-02,-8.991296777053056632e-02,-1.638769625530626106e-01,-3.277346817936481471e-02,-2.735196377474207255e-02,-4.252450275996740026e-02,4.114793645521343246e-02,8.338593638903540883e-02,1.786444395075556246e-01,1.210045935786260712e-01,1.038785761062056973e-01,8.506215796782032323e-02,5.035985026168363077e-02,-5.912378240805318819e-02,4.561155636244430822e-02,8.576284366974189222e-02,-5.541937601664147228e-02,-7.220929755626645519e-03,-1.746763609943837448e-01,1.868796958502709493e-02,2.140213268366285976e-02,-8.292378522556712039e-02,-8.487397074201312452e-02,-3.544691700672940315e-02,-1.442953573212702456e-01,7.662886426654128003e-02,7.528308894042130828e-02,-1.476635688296198679e-01,-6.825236140762881709e-02,1.321421167335063152e-01,-3.110588109431700055e-02,1.146615913396467484e-01,-1.486963428486148993e-02,-4.803393549951013447e-02,4.395382982997431132e-02,2.594160563557463064e-02,1.284749642002493142e-01,-1.793023954991318503e-02,2.589821403623398383e-02,1.828817903290260727e-01,2.407047977157844229e-02,-8.148371796196546279e-02,-8.611315668985612681e-02,-1.689777448160717163e-02,-5.760544710530668411e-02
4.139613995212875208e-01,1.000000000000000000e+00,5.186671193104080979e-01,4.993060716713036973e-01,2.875477897419995155e-01,7.710935440379759753e-02,2.256455613539572469e-01,-1.595015521890880139e-02,1.559446962361660249e-01,8.431581371246850420e-02,6.863665918737900384e-02,-1.836221669364668518e-01,-2.775950084884102886e-01,-2.600353517185273744e-01,-3.256787699818751713e-01,-3.328582911828678048e-01,-1.792980195156993750e-01,-2.238576889369058298e-01,9.175132460604865092e-02,1.654828343417593661e-01,-2.552860595575281652e-02,-1.301645797320924620e-02,-1.182669061599813942e-01,-4.898079534775857252e-02,1.081940869871070993e-01,2.537526850823107298e-03,6.765003719823514672e-02,7.287418746083496046e-02,1.630751604736589977e-01,1.189076280553819781e-01,6.922967179377018110e-02,7.166615012860932943e-02,6.583222777786527924e-02,-4.795074016974725656e-02,3.277376908709488113e-02,8.209247714539075202e-02,-5.177920001155555951e-02,5.428113401594730075e-02,-1.146564524019343806e-01,-5.577522428093829865e-02,1.096446303355233173e-02,-6.341793821117104601e-02,6.073548577058631576e-02,-1.112797299667742969e-02,2.676111891402257678e-02,-1.058449600478572478e-01,1.446360903021579915e-02,-1.609371486398329665e-02,-3.754507581693135310e-02,7.794339013150504425e-02,-1.266133016201875447e-02,5.855435542454213299e-02,-2.863279534658850350e-02,-1.104281644471398482e-01,-7.873850268785625994e-02,-6.654941842024193754e-02,-6.284565000722992789e-02,-3.271888842384154672e-02,-7.942434090641257993e-02,8.079054111526998150e-03,1.138404717591017939e-01,6.464696717182501218e-02,5.501633051591252321e-02,1.340091915562124092e-01,9.416409591607988183e-02,8.265866453467782260e-02,-1.448684368539816282e-02,-5.015559998706092121e-02,-1.350729107842242767e-02,-4.135522695277266125e-02,-1.442978025473476943e-02,-7.278605180260486196e-02,3.390255535435020284e-02,-9.835371000223473020e-03,1.070337527782951326e-01,2.222007570611887403e-02,3.850938938462415001e-02,8.929410150277147795e-02,6.869309617296152914e-02,3.591066958154855160e-02,-4.623043826977344534e-02,3.156857153360104890e-02,-2.454499711318784000e-02,-3.834789452697875967e-02,-1.282588476304899298e-02,-2.785838356064693558e-02,-5.013721745748632441e-02,-5.800016538525110121e-02,-8.937944377206706592e-02,-2.112424411319424253e-02,-9.641003795411677568e-02,-8.875183641496359535e-03,-4.582192937922298370e-02,-4.428861043309816753e-02,-2.387727133391449874e-02,-7.501918344319363774e-02,-1.123531469232146723e-01,7.030969246522763552e-04,-8.900851186751868038e-02,-1.404687677308311122e-02,1.419843670970750461e-02,3.196133900752735207e-02,1.059423886896365130e-01,1.543135785795283765e-01,8.569946120382296306e-02,6.856892598835742647e-02,3.789460609867235236e-02,-8.471682064163306436e-02,-8.566178627897448258e-03,4.170342206413879538e-02,-9.789774440981895143e-02,-6.605687714816628475e-02,-1.160023727278619160e-01,-1.180893606274228090e-02,6.771223968334560972e-02,-1.043604681436946513e-02,1.390772208327031509e-02,2.697906256670050060e-02,-2.474491002291496697e-02,9.803188374773594282e-02,2.003989066647605261e-02,-7.950438127242547004e-02,4.562969556684920436e-02,1.074726380056290898e-01,3.396377486573112867e-03,8.155143779784665425e-02,5.828952970587795296e-02,-1.696121361818641454e-02,9.456057915483222220e-02,8.970350380723114692e-02,1.456527045106549567e-01,-6.961128395509596882e-03,1.165137133562896554e-01,2.312799451663448136e-01,9.334176898032182923e-02,1.831126462976076291e-03,1.006427320083065624e-02,6.016010777001040005e-02,2.236632595372946286e-02
5.087776305702904622e-01,5.186671193104080979e-01,1.000000000000000000e+00,3.356753478528016199e-01,4.253717472103044628e-01,1.152115343877115339e-01,2.013271231220996049e-01,1.164877160045614396e-01,2.409672705580907792e-01,2.094126366566866904e-01,6.878402501161411109e-02,-2.486601951981625702e-01,-2.375591391725173918e-01,-3.127582412308730353e-01,-3.355049117872453968e-01,-3.588165580927600851e-01,-3.206753715161040352e-01,-3.349963986842568464e-01,-1.018907517371797217e-01,6.457619461417092588e-02,-1.292955361848082962e-01,1.733312973309694000e-02,-1.147646772566281587e-01,-7.303393261945097248e-02,1.056055079375038119e-01,-2.612405984913297730e-02,1.558303985222481321e-03,6.929587068651109349e-02,1.765009176699678384e-01,1.078120047924501362e-01,9.603907482787425731e-02,2.130013153631890033e-01,5.569748491458084011e-02,-2.747788619178328021e-02,9.952458579304915287e-02,1.733422821406901682e-01,2.898033241263598542e-02,1.444164199801289405e-01,5.129234301360768161e-02,4.888465047280979303e-02,8.502007720560042503e-02,-8.123262156580291285e-03,2.003107062261346716e-01,5.649028389077430379e-02,1.623163506384081300e-01,1.980976940322584732e-03,1.183161826889152363e-01,8.848011192089197396e-02,6.975109289190564721e-02,2.246235240647549702e-01,1.285298706182541328e-01,1.879291829031115024e-01,1.076166081235215011e-01,7.021895591998984776e-03,4.289557998391956006e-02,2.115062996619642213e-02,-3.315934601585514285e-02,1.756069740751583369e-02,-3.436049667331238927e-02,-1.599802906479227266e-02,4.048770696355116078e-02,3.741510634595915374e-02,7.058028284460828201e-03,7.096879935457116317e-02,1.263051319934807917e-02,5.021209278982740470e-02,-3.159647006591985441e-02,-1.049679453325744471e-01,-8.504408184053133257e-02,-1.824252173679755673e-01,-7.530265566774220487e-02,-1.833304310323712882e-01,-6.461909004724115946e-02,-4.160833731870586943e-02,1.299434197808287117e-01,2.706593247508540592e-02,6.083071349498139074e-02,1.413034836280943896e-01,1.219738952137165849e-01,5.898240062323310134e-02,-2.496572874956563132e-02,7.533786390973158664e-02,-2.871355365091469644e-02,-4.417003656941979189e-02,-5.940990083256669774e-02,-5.768485372348025608e-02,5.042366469274296020e-03,-1.310751604282080485e-01,-1.834482732717852005e-01,-1.811687729975982597e-01,-2.332425543098464726e-01,-1.182212914345237287e-01,-1.095750143560269563e-01,6.297828130697119553e-02,-7.999798649744603585e-02,-9.430763580922611744e-02,-1.688451488043057336e-01,-8.757958734882047291e-02,-8.201729429822532391e-02,-1.144721178882258661e-01,-8.701360345867222013e-03,-1.220867909475652907e-02,1.091330251264828882e-01,1.704190884051733079e-01,1.247903382737831218e-01,1.266002324400544721e-01,1.642987861321865140e-01,-6.293361204606593741e-03,1.508282186413232584e-01,1.672483649833157171e-01,7.117176563772271286e-03,5.790979962325935870e-02,-1.227765702209665521e-01,1.076214788343647644e-01,3.898395305569812841e-02,-3.925612547522946971e-02,-1.430051601346836732e-01,-1.973838920093563473e-02,-1.458940370274172116e-01,1.885834477451271002e-02,2.882338336415078348e-02,-1.289358435895833210e-01,-9.333508702019388537e-02,7.015023978476939148e-02,-1.025600160412235423e-01,5.099835841141080184e-02,-3.624083854953700362e-02,-1.027049528659456784e-01,6.097034750918075424e-03,1.419901589985993022e-02,1.032063390733430480e-01,-4.592200456956574417e-02,3.597595014798354168e-02,1.869016777973072085e-01,2.232790745394366838e-02,-1.169497484221366790e-01,-7.999779694122270690e-02,-2.799257965290240235e-02,-8.276845068854933596e-02
1.531266347359217239e-01,4.993060716713036973e-01,3.356753478528016199e-01,1.000000000000000000e+00,4.696299319347700396e-01,3.729192105293582804e-01,4.632991304347144901e-01,1.384519511790065216e-01,3.434539155444986669e-01,-1.495949843155638392e-01,-1.792988058546714780e-01,-3.789889364642521352e-01,-3.446032796482532135e-01,-2.738025495558862321e-01,-2.742094986513600174e-01,-3.315736123116516110e-01,-6.061067706754207779e-02,-1.698578810521586269e-01,1.630599691638963400e-01,1.470430702074256579e-01,1.754108696834943415e-01,1.281124888655428840e-01,-7.711764775642095116e-02,-6.526824983382065182e-02,9.557193099424600435e-02,-5.760855092831093129e-03,1.004267480037415311e-01,1.248110774581322191e-01,1.185329735384167277e-01,9.104822799828038438e-02,1.135074540463368586e-01,2.682893477965523840e-02,3.759885813193175608e-02,-1.786939953186851004e-01,-7.197336358276552881e-02,1.312699222726116111e-01,-7.021440033369383965e-03,1.878132002635044262e-01,-1.896245587915788844e-01,6.441994902680373003e-02,9.832648717849602066e-03,-2.572087295563871973e-02,8.901410756161867721e-02,1.725460128210752342e-01,1.053279720546008297e-01,7.496464328363076912e-02,1.323044536318932207e-01,-7.090341878972619694e-02,1.042040620718154426e-01,7.284636639411781744e-02,3.861248932347470519e-02,1.135666810565705287e-01,-1.292406346162991437e-01,-8.091177512015886031e-02,-1.250173259106089896e-01,-1.520258250726692628e-01,-6.566022655284863008e-02,-1.396841059651028338e-01,-7.100285710408416051e-02,-3.230995263251956739e-02,1.174473104655929245e-01,-8.488903373777893085e-03,4.486114603191721645e-02,2.339190051178154789e-02,8.821634299050843189e-03,-1.604088497719680789e-02,-3.548398781852724754e-02,-1.757189193660972648e-02,5.605557060878584019e-02,4.714913662752995976e-02,6.244093236750910408e-02,6.675497563140936341e-02,5.732299686523910365e-02,-1.390369742377810525e-01,2.016757681172047859e-02,-6.947819397165271027e-02,1.350510933117107792e-01,1.176172208566234195e-01,3.455653138685298165e-02,1.934462392359975053e-02,-1.088175316456457646e-02,6.334509375138337728e-02,3.017957081591553237e-02,-2.754865459169852232e-02,-1.468349890539426359e-03,1.253769119990058856e-01,6.303698150399576761e-02,1.103513675721134735e-01,1.432364225559119159e-02,-1.179933267313866031e-02,-4.992470969102177913e-02,-1.668996016991192988e-01,-1.879218492485143222e-01,-1.043016008474468431e-01,-1.639065644048582626e-01,-1.445263597016619057e-02,-8.711616038753011715e-02,-2.940648220211904400e-03,-1.572996184149180465e-01,-1.154595567235662396e-01,-1.306969953854588973e-01,-9.509750906006163296e-02,-1.913306060176463846e-02,1.426000735707976530e-01,1.027458997162897791e-01,1.089576434170725361e-01,9.637023712455496105e-02,-1.119116239355508885e-01,4.083031033510692992e-02,1.666607389802061412e-01,-3.432027041612248364e-02,-1.254787987587654419e-01,-6.224858177645040819e-03,4.779993507208722681e-02,2.286609200357292149e-01,1.839836627851676454e-01,1.149307588884867642e-01,2.248047652418128928e-01,1.034877822354656057e-01,1.083305364112685659e-01,-1.931882365813192837e-01,-8.099552888472649759e-02,1.660453332909205271e-01,3.020368466830292576e-03,-7.938750758300396060e-02,-4.553237706981341781e-02,1.015256992694654747e-01,-1.128549646749339580e-01,9.874613836527215693e-02,2.997944306916707977e-02,9.696111743974658581e-02,-2.241847222169669751e-02,1.982112223042595267e-01,1.525427235603781795e-01,-3.335225104339464147e-02,7.097117770045503760e-02,2.349105687489850408e-02,1.350525309940637242e-01,5.269898282174582949e-02
2.341403980759775294e-01,2.875477897419995155e-01,4.253717472103044628e-01,4.696299319347700396e-01,1.000000000000000000e+00,3.469316161826149214e-01,4.058212836415364677e-01,3.049914985255244848e-01,4.130341490518761871e-01,9.662211728012798026e-03,-1.621670048607363190e-01,-4.738017105662815087e-01,-3.585174593236185037e-01,-2.949808521189163368e-01,-3.497956295524768389e-01,-3.181225555186930065e-01,-2.144218334658828384e-01,-2.657672156518427475e-01,1.357460242578893868e-02,8.962027635076114107e-02,2.521816721597286079e-02,7.510512195774710076e-02,-9.358688065732652384e-02,-8.082734677726645389e-02,1.035718640746798869e-01,-6.878367221333391013e-02,1.235005347378676822e-02,1.345860807275466031e-01,1.531171658097965349e-01,7.581533537113556431e-02,1.284775176842241351e-01,1.725853015408249369e-01,6.388391296068424152e-02,-1.816265896992256268e-01,1.015401364460120394e-02,2.466866367090470302e-01,3.921036629279680413e-02,3.336600094194037691e-01,6.424071981768511574e-02,2.691597026285796335e-01,2.286453975087623103e-01,9.681611822658897637e-02,2.121002031769168572e-01,1.789595214841946669e-01,1.643283686271631849e-01,1.323388847160404669e-01,1.647655881677649037e-01,2.855926229431699284e-02,1.907834328232550225e-01,2.425742228715352944e-01,1.753453655797470312e-01,2.784076872186916352e-01,-1.093540806464556904e-02,4.750845271092052347e-02,-2.063733366912650496e-02,-6.129813564523106661e-02,-3.361260303551121681e-02,-1.190862526003675370e-01,1.121448623022402308e-02,-6.013132050016431474e-02,-1.376454404696075481e-02,-5.060827086076872400e-02,3.548295338964708306e-02,-5.532391822836568024e-02,-2.896602871425299833e-02,-5.112375174085825175e-02,-5.145887400135323170e-02,-4.537949732346438503e-02,4.967139777980706522e-02,-6.390955908556907039e-02,4.743248470363709002e-02,-2.391131823670400794e-02,-2.312070442108941568e-02,-1.497105333563300833e-01,8.762290553661379600e-02,-3.145034910784777482e-02,1.313227881712131784e-01,1.654402580971619241e-01,9.166004597107066387e-02,1.221248653057108308e-01,8.696557476713684745e-03,6.842022671467884454e-02,-8.004801247974542566e-03,-1.328682733575191691e-02,-8.846603957769391680e-02,4.882178094076843750e-02,1.254306656415581089e-01,-1.148028182756818298e-03,-1.389330428077588664e-01,-1.610135734908223759e-01,-2.072990716385335885e-01,-2.603121987289587769e-01,-2.419582163846808187e-01,-2.121179972707600003e-02,-2.205305603686270877e-01,-9.365763360603349130e-02,-1.492164356947435211e-01,-1.567782203860386969e-01,-1.630109873114295171e-01,-2.119100385355123795e-01,-9.685194586040941911e-02,-1.139325204932718355e-01,2.893059952505974003e-02,6.996898547994592765e-02,1.302117847659766681e-01,1.751731155853686328e-01,2.199238093384644765e-01,-2.646562258708238385e-02,2.194156942307325664e-01,2.921309091220617993e-01,8.397061223980302469e-02,1.338568729703839416e-02,-5.702614309196554071e-02,1.757074003517131722e-01,1.841229496489195372e-01,1.378936391884990620e-01,-6.042052882598888952e-02,1.591676171571193565e-01,-8.756324904623172256e-02,7.911786633134597346e-02,-1.643467114684681318e-01,-2.060050737486034955e-01,-2.101668204954415531e-03,1.414662117500658720e-02,-1.949852273157869909e-01,-5.823491961799252825e-02,-2.407242930547866602e-02,-2.118167054083586465e-01,-1.875463244019828389e-03,-1.026801196219630508e-01,-8.271312011989852536e-04,-1.287686497511532357e-01,8.642650249384661865e-02,2.004854852332273174e-01,-4.247453643947033536e-02,-4.265001810010388833e-02,-6.493241941305942511e-02,5.507347111021505814e-02,-5.587144006422527232e-02
-7.139354047656573665e-02,7.710935440379759753e-02,1.152115343877115339e-01,3.729192105293582804e-01,3.469316161826149214e-01,1.000000000000000000e+00,4.962260191530066256e-01,4.010532361717989991e-01,4.338142892382572113e-01,-2.940253761976576174e-01,-4.716217082883764067e-01,-4.048576912918827042e-01,-1.944333077048725211e-01,-1.518020851702805984e-01,-7.208060046444048075e-02,-1.002039787807227356e-01,6.481507695510258828e-03,-3.123561524548417595e-02,2.673140931879334353e-02,-4.987765972873380721e-02,2.427354388575846678e-01,2.159228752475262636e-01,5.267637204870315865e-02,-4.299072663914864367e-02,4.506484244155471719e-03,-4.356469703378230973e-02,4.029785829117371598e-02,1.117043742311394847e-02,3.024927404144902437e-02,6.292536694094150174e-02,1.003231985754483996e-01,2.837858479520440069e-02,-9.065108422518892983e-02,-2.278800845918154960e-01,-1.317193044285226433e-01,1.556561250479920333e-01,7.295472814018026664e-02,3.711217332105658517e-01,5.909284219383072363e-03,3.099272326490442042e-01,9.062199367141432482e-02,7.458476860531669528e-02,9.562102558506638261e-02,3.146372555317103470e-01,1.479816898543616366e-01,2.850721176714104965e-01,2.537479195554632194e-01,3.786646342532326570e-02,2.376063524904690194e-01,4.845342737704659564e-02,1.525190648644059455e-01,1.071853266701393442e-01,-7.363727657587954001e-02,-2.182780459564893135e-03,-9.602802085137983334e-02,-1.290122789177048923e-01,-5.082527995207687666e-02,-1.166649174062265315e-01,-6.693333154381429784e-02,-1.268022051397687221e-02,5.934103975310075357e-02,-2.885242662784696238e-02,-4.547492375664215908e-02,-5.394358361169773741e-02,-2.405514467442388879e-02,-5.470953750763905138e-02,-1.417190615272126593e-02,-2.279744576375383747e-02,4.813155685265863015e-02,4.653259582055857546e-02,2.551799141651538844e-02,1.333124380620097360e-01,-8.884367071294677065e-02,-2.275484630249335893e-01,-1.318882400898485074e-01,-1.221246506627040596e-01,1.315537099703358304e-01,4.109927517837617256e-02,-5.920415017327126245e-02,-4.913439601365500280e-03,4.400684752280641793e-02,2.612060328277147556e-02,1.016851533150709697e-01,5.402878301820630141e-02,5.647182494870644359e-02,2.378267497784144757e-01,1.762605173190710806e-01,1.717080276393566363e-01,1.055111285645848607e-01,-7.082314444012162424e-02,1.322238063413934232e-02,-2.202271734541344506e-01,-1.549850548954095630e-01,3.631137367625117407e-02,-1.293249053244144020e-01,1.132186831627916695e-01,4.005796756361892225e-02,-2.234474167140779524e-02,-9.624951725223444832e-02,-2.282224505186085384e-01,-2.527779553980718519e-01,-2.376208693594502042e-01,-1.806109368810366600e-01,-2.802967374427553157e-02,-3.620100425487839113e-02,3.442206694273622358e-02,1.306854090397640555e-01,4.324685842560115762e-02,1.294410500456787683e-01,2.137570260359415719e-01,1.367053637728747606e-01,1.836394692192786643e-02,1.370213584211384117e-01,1.634598379814523883e-01,1.713540941644300097e-01,2.661766881914241489e-01,5.960289014599769869e-02,2.260989629192934058e-01,1.454402870138369053e-01,-4.972709674984862604e-02,-2.692455142375674293e-01,4.592628833610604144e-02,1.083279084303330614e-01,-1.630060408460542454e-01,-1.854915608521646442e-01,-2.142095304990403182e-01,-2.395029124834374690e-02,-1.903116654699037458e-01,-8.440848022882403712e-02,-1.348654458524686517e-01,-1.175633291043534645e-01,-1.550892250787410942e-01,1.115362591978029810e-01,-2.236744298523257735e-02,-2.258190770824917148e-01,-2.885218342436856806e-02,-1.027547605558001981e-01,8.440917287830917992e-03,-8.236994019554791380e-02
5.900844902625729943e-02,2.256455613539572469e-01,2.013271231220996049e-01,4.632991304347144901e-01,4.058212836415364677e-01,4.962260191530066256e-01,1.000000000000000000e+00,4.464306379807259084e-01,6.480755002439356760e-01,-1.526046565002886213e-01,-3.191306580747699240e-01,-4.689789887255460532e-01,-4.789796654569037915e-01,-4.348674074082271579e-01,-3.968007567711627770e-01,-3.880679477839383829e-01,-2.095437645156518758e-01,-2.500650269323308472e-01,3.341656174688006908e-02,3.596986669435167823e-03,1.215826609494385507e-01,1.549310674321419945e-01,-8.306408326604308723e-02,-5.830066785136509000e-02,1.441132902520021741e-01,-5.587391800195434105e-02,1.057530153166416076e-01,1.656387295797416837e-01,1.465695965736321937e-01,9.435196030595430217e-02,1.821165257618975464e-01,1.558546506829604494e-01,2.090301032340119089e-02,-1.961112893828448056e-01,-1.102621234166163977e-01,3.130768203586383747e-01,2.449549911611690473e-02,4.671060097811740586e-01,-1.250148195668381590e-01,3.071572303735799481e-01,1.622816401067337100e-01,1.210595703755900365e-01,2.894023093953455583e-01,3.381300699959471912e-01,2.792676256660673317e-01,2.697643606163451224e-01,2.910176392865301276e-01,2.834057573685738393e-02,2.408422069137851895e-01,2.372475078865082521e-01,1.889111490187702080e-01,2.815374189577464215e-01,-2.448081119227645333e-02,6.817914903987874753e-02,-1.274704938192717796e-01,-8.103690303593855115e-02,-5.826904449945767561e-02,-1.637597181432864368e-01,-9.582579356607698329e-02,-6.934379896089001849e-02,-1.690043237922270875e-03,-3.316023514279267670e-02,-7.894678051003263530e-02,-6.601940904909721353e-02,2.095088222396606498e-02,1.763843640749111763e-02,3.156811554147982701e-02,5.448456072698557723e-02,9.472728644240673013e-02,-2.348993965023944350e-02,2.786391608091305649e-02,4.151562624572696647e-02,-1.035744859869346390e-01,-2.564889128189147272e-01,1.328693564983088153e-02,-1.799129992947487988e-01,1.070974835683739523e-01,1.915145486473073533e-01,-2.288560203108120847e-02,2.986934493210783789e-02,9.535029934062105861e-02,1.567773466220577228e-01,1.435889772239290485e-01,2.517218288654080992e-03,-5.293237646090953596e-02,1.427458263083747070e-01,2.355666378830796048e-01,7.546940005618116287e-02,-1.021913629490093928e-01,-2.059980461080862524e-01,-1.913941164433452802e-01,-3.180642500181768417e-01,-3.037160139819471416e-01,-3.327442173350685789e-02,-2.656796410461375046e-01,-1.094183720182260455e-01,-1.285944351658510898e-01,-1.626123069419490585e-01,-2.254304556336444998e-01,-2.095683563496429924e-01,-1.410704641212257304e-01,-1.413334847323753918e-01,-5.072560588294472428e-02,7.518272267433780132e-02,1.589129377266927379e-01,1.664744907446671363e-01,2.000629034326413813e-01,-1.032685256586652646e-02,2.198924443549249708e-01,2.836402940715511134e-01,1.415850917436454748e-01,-3.014061695717093828e-02,-1.787968037966845489e-02,2.128813581416476308e-01,1.972157001262971887e-01,1.654949224446348732e-01,-6.510544652285650546e-02,1.776391030267162330e-01,-5.098797951789627719e-02,6.252704750360842112e-02,-1.886540415124897119e-01,-1.785990930446985370e-01,4.486239000522807691e-02,-2.400581784627778270e-02,-2.469523901250985642e-01,-8.989107539083673881e-02,-2.915753143690905103e-02,-2.588139585257513975e-01,5.107024908476945346e-02,1.022522507034608411e-02,1.332046880366986874e-02,-8.371607908714390200e-02,1.711412963727307335e-01,2.145338218267303643e-01,-1.591148940036335169e-01,-1.363396328453814026e-02,-4.206487108211318104e-02,1.101237151776947171e-01,-3.689135326412376625e-02
-4.439036150541772995e-03,-1.595015521890880139e-02,1.164877160045614396e-01,1.384519511790065216e-01,3.049914985255244848e-01,4.010532361717989991e-01,4.464306379807259084e-01,1.000000000000000000e+00,5.737409049960811025e-01,7.923028625035280492e-02,-4.765406419662712723e-01,-4.634306452097935458e-01,-2.268185089566709944e-01,-1.245193195420710164e-01,-1.834663591239799052e-01,-8.627573628269917527e-02,-1.084112158646536733e-01,-1.514672306855890938e-01,-5.346097887101570328e-02,-7.709667577410554695e-02,-1.551699124469394474e-02,7.253633851885948891e-02,-8.418511946386603162e-02,-4.187752424845487403e-02,-4.483539297859388123e-02,-1.872565036642065694e-01,-7.297916788789983455e-02,-2.997232333353694669e-02,-6.258055133256777702e-02,-3.077762600786707048e-02,2.483264891889249565e-02,5.414006031007369962e-02,-1.402237716721032312e-01,-2.305302547094921495e-01,1.568766595990571736e-02,4.341772292146707790e-01,2.610796100859739677e-01,6.250977207905459299e-01,4.025849925797116424e-01,5.980909500307367566e-01,3.344073560255348410e-01,1.793681681862798194e-01,3.310688726739279830e-01,3.597594755572846581e-01,2.221865218637715522e-01,3.111463418458242924e-01,3.534938827338719447e-01,2.997732427787608289e-01,3.817466314444423747e-01,2.181475758821828093e-01,3.880860351580005529e-01,2.791697715347465913e-01,1.675289418611646819e-01,1.347206986382097071e-01,-6.170011000234598003e-02,2.207427402673263137e-02,-9.397291063922694199e-02,-8.186936418971933749e-02,-1.059550083298496786e-01,9.708818543086618347e-04,-4.604804723560354529e-02,4.879774997873438658e-02,-1.000871994566381873e-01,-3.200290519917484838e-02,4.980470687007589742e-02,9.632837437005607739e-02,9.467279389510725729e-02,8.109923295008113209e-02,-2.730049404044952721e-02,-7.634542645338875111e-02,-6.752275953544746578e-02,4.912827790527737881e-02,-2.525452747101015194e-01,-2.271478019408187943e-01,-1.258109477694412115e-01,-2.089080529724721136e-01,-2.399864046405197904e-02,4.085953262200250208e-02,-1.419131576089712188e-01,-5.492104845918149847e-02,5.375291125824196992e-02,6.831870734785371047e-02,1.550338185151587667e-01,1.474536634203487961e-01,5.217308305611802199e-02,1.413792743369828020e-01,2.276689293933701619e-01,1.521516648318070944e-02,-6.057367031623074084e-03,-3.181082471200158968e-01,-1.392089412287131067e-01,-2.616961556143988510e-01,-1.139828559302510369e-01,2.405236697375833232e-01,-5.830984172395047710e-02,1.070582209488092282e-02,5.421784568792005488e-02,-2.194940188301685302e-01,-1.733981608052865553e-01,-2.928993601754317777e-01,-1.301430874937627713e-01,-2.307723044324065942e-01,-1.927678173673472994e-01,-9.388013052119521806e-02,-5.328725160340630831e-03,1.465338504160670907e-02,2.431288988891064928e-01,2.633487397409532971e-01,2.725049838160136795e-01,1.557477945635288019e-01,2.991461353277052315e-01,2.515005936400098174e-01,1.835067114695994872e-01,2.994380144968912805e-01,-5.389958330356546534e-02,1.084087346107016070e-01,-2.406919275568515926e-01,-6.995964521722805932e-03,-1.372963450534177010e-01,-2.346572047848851372e-01,-1.157093824072607663e-01,-7.402139988111251095e-03,-2.183963762042191725e-01,-2.140605995684460028e-01,-3.276533453646536809e-01,-2.301014883322609339e-01,-3.011434510165062473e-01,-3.029003094190837464e-01,-2.605272653004127581e-01,-2.291399136551376670e-01,-1.858580978067497502e-01,-3.026079931946494272e-01,-6.779155899671981955e-02,-1.182910119402784399e-02,-2.332741390997399855e-01,-1.456362658786277409e-01,-2.375415441483568479e-01,-9.410573136665827121e-02,-1.615033865252860357e-01
8.911905953876507469e-02,1.559446962361660249e-01,2.409672705580907792e-01,3.434539155444986669e-01,4.130341490518761871e-01,4.338142892382572113e-01,6.480755002439356760e-01,5.737409049960811025e-01,1.000000000000000000e+00,-2.911731871297033522e-02,-3.820383999897480898e-01,-5.027194782854332855e-01,-4.539726130747498423e-01,-4.003236753212400800e-01,-4.114980441992510118e-01,-3.336066616943995089e-01,-2.954913071900706623e-01,-2.905490712638033046e-01,-4.478107074929889991e-02,-6.529169525470888968e-02,7.511122515937068526e-03,9.282660381845006525e-02,-1.189518371846992745e-01,-4.109314306207898643e-02,1.431817708018236213e-01,-7.976725235775394829e-02,6.422016400898987454e-02,1.499180687934469902e-01,1.345159622545976652e-01,8.126300153986455721e-02,1.684031195195987707e-01,2.085113090225694243e-01,1.576838488843928555e-03,-1.591100367896940426e-01,-5.467113299336546876e-03,4.135630642013203850e-01,1.013829485869519043e-01,5.242724465925975297e-01,3.683701473785668673e-02,4.507721766950603670e-01,2.368801783835523256e-01,1.488839168345981456e-01,3.456099114163977970e-01,3.125625990839041024e-01,2.957518072644650386e-01,2.948195169171000107e-01,3.724089502395636631e-01,1.485878771986113844e-01,3.197501961058508146e-01,3.259401014609779046e-01,3.001592896952572365e-01,3.525493500437615335e-01,8.435274622119183496e-02,9.776692385198985924e-02,-9.992533233105818646e-02,-1.768516128346526647e-02,-1.029155199830473488e-01,-1.053961404511677136e-01,-9.141600958535651966e-02,-7.246558523839026489e-02,-3.619078919466053174e-02,-7.568334508064909934e-03,-8.281065689423856846e-02,-2.300272859637828363e-02,3.648915099156557762e-02,5.369856361647925430e-02,4.350585925173330176e-02,5.131924715739797499e-02,1.646920893424030571e-02,-1.043775693502223684e-01,-1.637069886346432385e-02,2.217376511995638663e-03,-1.704943938863699715e-01,-2.444119692667040822e-01,3.942679662487041936e-02,-2.100210142339672681e-01,6.394288051280622165e-02,2.112696907937858526e-01,-3.585995254962397183e-02,1.007628328531850158e-02,9.952374341323033669e-02,1.590550200519524615e-01,1.336635810179964412e-01,3.524470301992086579e-02,-5.241423017776294935e-02,5.426262880331100130e-02,2.334326601744736995e-01,-4.370218456122113015e-02,-1.494937808567255444e-01,-3.371452571771070272e-01,-2.637054657547241443e-01,-3.497486137416542240e-01,-2.881283212929784399e-01,7.714309712215731973e-02,-2.285954899933362594e-01,-1.461479103593764373e-01,-1.408265552333193560e-01,-2.434195675176955009e-01,-2.420539949639679000e-01,-2.443380221987766221e-01,-1.200321008043254561e-01,-1.513203192233040784e-01,-6.691197222794688371e-02,5.340138967723396385e-02,1.696051116617562915e-01,1.926681063495325752e-01,3.046806282796273302e-01,7.982381065824563360e-02,3.164285873187120401e-01,3.042683274796939563e-01,2.371719799355720693e-01,1.127741174260493695e-01,2.951189353364650284e-02,3.168210882540287709e-01,1.121584840510292252e-01,1.130161348394475712e-01,-2.026872351601698152e-01,8.183424170068098746e-02,-1.598785516679654961e-01,-5.980363835998892680e-02,-1.435355521594060824e-01,-1.715688225673804579e-01,-1.174157212920747956e-01,-4.888864656062241049e-02,-3.103014293084724873e-01,-1.047427647377513066e-01,-1.533461497054441069e-01,-3.234813214571100604e-01,-4.268422070286821690e-02,-3.994555297376949088e-02,-4.936094078847071825e-02,-1.657181122646731175e-01,6.936588025054137019e-02,1.408530083654118414e-01,-2.028970654518212902e-01,-7.195464260776225640e-02,-1.386299663947156147e-01,3.843082480014334279e-02,-8.611127332405721369e-02
1.924528540008945687e-01,8.431581371246850420e-02,2.094126366566866904e-01,-1.495949843155638392e-01,9.662211728012798026e-03,-2.940253761976576174e-01,-1.526046565002886213e-01,7.923028625035280492e-02,-2.911731871297033522e-02,1.000000000000000000e+00,3.449816114992548255e-01,-2.040370208478532038e-02,-2.445072886607528931e-02,-3.173932424449622813e-02,-2.794705999168098365e-01,-8.558433570197830631e-02,-2.322485804186680269e-01,-2.010558388663483131e-01,-2.590440736627316332e-01,-1.031263554210143235e-01,-4.110241184045959062e-01,-2.009199971258524842e-01,-1.006921080008219005e-01,-6.894247433658429181e-02,-5.462045781869900862e-02,-1.142301759308427811e-01,-1.658663562443016271e-01,-4.487967471889532656e-02,4.762561909130192533e-02,-2.506895039782587598e-02,-5.943293930713203221e-02,1.733347526697185670e-01,9.486753243020161486e-02,1.810885780225240382e-01,2.904844725339090772e-01,1.739187187176081117e-01,8.362544630489038289e-02,3.196742669506637963e-02,3.099036904505562129e-01,4.499120203212959856e-02,1.743623716666249657e-01,3.870389903708038037e-02,1.764722514796197017e-01,-1.409505874851346707e-01,2.166887329195817460e-02,-2.051417667871631434e-01,-4.895589053425368486e-02,2.114889971408261404e-01,-6.250980720488764908e-02,1.973986164090137385e-01,9.442461370263537102e-02,1.347903110144830219e-01,3.503843046837679109e-01,1.720745033218458175e-01,1.688683283694285830e-01,2.833016324119150831e-01,1.080682356000240429e-01,1.561110327802723574e-01,5.701456600388985635e-02,4.052615162294739143e-02,-8.854371748359317340e-02,-1.322926115172375636e-03,-7.270262796654264337e-02,5.359134585109141813e-02,3.739518059629879428e-04,8.172366353851583110e-02,7.434557806635397337e-02,-6.523668402185600623e-02,-2.384110599551954035e-01,-2.249394567779274268e-01,-2.364115595533818337e-01,-2.231548730935534186e-01,-8.878645906606477678e-02,1.264199774748801797e-01,1.365448076542669087e-01,4.793856676019898205e-02,-6.348382659837878417e-02,5.704408565974540546e-02,3.043344951592200781e-02,4.004234316016466212e-03,1.227285113714186686e-02,3.883084382824270042e-02,-3.547532449217431771e-02,-2.530305551325115129e-02,-1.053312981909618889e-01,-2.718697224954712555e-01,-3.332511450886101873e-02,-3.196974671303830506e-01,-2.485528743653792338e-01,-2.064962844937952291e-01,-2.131324013886264357e-01,1.253705704687443079e-01,1.126143571440124669e-01,1.805766964528421059e-01,1.232245254160965614e-01,-1.774399508061926256e-01,-5.298150916571855995e-02,-1.128440390926901959e-01,6.898896478203254967e-02,2.636933033148830888e-02,1.946435128126590142e-01,1.592094469160496295e-01,2.005400192966260708e-01,8.096162868690662262e-02,6.409112405923744760e-02,3.806337129071916958e-02,2.989532039391112894e-02,1.084743474818208597e-01,7.167544021451197067e-02,-1.130323248187064950e-01,-3.807206728081501818e-02,1.470057432458146962e-01,-1.526396505756140443e-01,3.712254969222102824e-02,-2.637286448625113522e-01,-3.368858559299698352e-01,-3.387393644659799641e-01,-3.593817295844341508e-01,-4.085953315114367879e-01,-7.882544206990314828e-02,3.530952450404406529e-01,-1.360801864636017600e-01,-3.762728277366057528e-01,1.247314738079628726e-01,-3.728808087182110959e-02,1.760680516734124956e-01,-2.355534394777334117e-01,-8.437569454573752570e-03,-8.426919965542438440e-02,2.889136710382462364e-02,-2.529580756077370179e-02,1.018815536769102949e-02,-2.115842684835014254e-01,1.767455479529067217e-02,1.349631349989417750e-01,-1.779517772908672801e-01,-7.953574375644818784e-02,-1.746595661814989153e-01,-1.169574269276389411e-01
1.784594893611639033e-01,6.863665918737900384e-02,6.878402501161411109e-02,-1.792988058546714780e-01,-1.621670048607363190e-01,-4.716217082883764067e-01,-3.191306580747699240e-01,-4.765406419662712723e-01,-3.820383999897480898e-01,3.449816114992548255e-01,1.000000000000000000e+00,3.099959738204667858e-01,6.247468855360201884e-02,-8.969940228139683391e-02,-1.478375522550931798e-01,-1.458705474652021161e-01,-8.513009676845782747e-02,-4.569994736776176320e-02,-1.304869139987130389e-01,5.460336075645437492e-03,-2.148817131601075126e-01,-1.430384792279743855e-01,-2.006471128735353576e-02,-1.526807944287815466e-02,8.563973722260247168e-02,6.242321251199437621e-02,-5.096696940104210143e-03,7.127830190527248422e-02,9.250496617821510337e-02,-1.758510738011159064e-02,-1.192251223311163559e-02,1.281407702753990796e-01,1.994852815867592388e-01,2.636087245744566654e-01,1.129435300649620361e-01,-1.989528054724205575e-01,-1.882061883962726501e-01,-4.469445729631062458e-01,-1.728935299327874486e-01,-4.563203117491664851e-01,-1.595269999145270956e-01,-1.966914813042974497e-01,-9.097616470468936067e-02,-2.986483922962352988e-01,-7.228332931694374242e-02,-3.563678105528434448e-01,-3.130421103837873198e-01,-1.663004973423432842e-01,-3.396494781278383557e-01,-4.309830253580429482e-02,-2.273510292857565673e-01,-8.673929103860321399e-02,3.878641011615033968e-02,6.530452933575160712e-03,9.011979638442015050e-02,1.279465246419563829e-01,1.224866031845377456e-01,6.678187773606787669e-02,8.814132663375950916e-02,-3.016985914226659807e-02,-5.067694214199509190e-02,-5.338475207075663032e-02,1.432393161693358390e-02,4.164901654439834289e-02,-9.171155622939487382e-04,2.806811981605958697e-02,1.875932253114301340e-02,-1.472995381758493254e-02,-2.802481012958604398e-02,-3.545252229355685264e-02,-4.353136666317145020e-02,-1.674976491032978132e-01,1.379417924225525560e-01,2.309362546757743051e-01,2.284812267826443755e-01,1.399772905901019160e-01,-5.004914144198464865e-02,6.972706915922995130e-02,1.332483635855134518e-01,3.548296739384232401e-02,-5.043354724969868058e-02,4.260939555033527865e-03,-1.129444863894377427e-01,-1.253888233832202992e-01,-1.124078723551154152e-01,-2.397286229615589737e-01,-2.003270743476857352e-01,-1.572107051372975406e-01,-1.433696165964250258e-01,1.118929192285149782e-01,-4.072115301027798978e-02,2.364612651786113517e-01,7.621829725663457900e-02,-1.224787771626895810e-01,5.039133886614523966e-02,-1.829642448385188080e-01,-1.502163591034515466e-01,2.689443934943331824e-02,1.223013102599751489e-01,1.789213950082950144e-01,1.998177445255380213e-01,2.540340831681069389e-01,3.135455840269817385e-01,1.559527229575573548e-01,9.549790018103911093e-02,6.676039720183413184e-02,-1.246378127914969380e-01,-1.369815337112457176e-01,-1.050270227737266499e-01,-1.338979754070107886e-01,-2.197781532818742223e-01,-1.271501226809903795e-01,-2.549014698497689690e-01,-1.992073764698128191e-01,-8.218530946386146119e-02,-2.835365524701313200e-01,-4.124951447447849917e-02,-2.033628689156025404e-01,-1.675516612097165681e-01,1.547860420839634044e-01,2.899251839762127525e-01,-1.302804558534329804e-01,-6.109161682963908796e-02,2.723901667967779106e-01,2.048939514928163896e-01,3.171485547220398438e-01,1.150014235663509715e-01,2.214154450253894568e-01,2.115275624921181541e-01,2.089139922671278404e-01,1.902920025224236478e-01,2.346950978455636938e-01,-7.329497784533105242e-02,9.049636279440104181e-02,2.229219638995844355e-01,1.875356226411021079e-02,1.145756789329401421e-01,2.598062539125613191e-02,4.191694561441339228e-02
