1.000000000000000000e+00,4.341892319878203343e-01,4.969810376567402876e-01,2.739400637146581219e-01,2.166806657599232855e-01,2.585970170640501942e-01,2.243451906155926601e-01,1.558205798663341857e-01,1.652502794091373628e-01,1.772061479371143111e-01,1.152993547970952576e-01,1.067558259575807356e-01,1.124297660805601423e-01,9.149560736656824067e-02,7.729160813701635435e-02,-4.301205481891771237e-02,-2.329292069548031391e-02,3.202244450082439298e-02,3.809015496934801959e-02,3.948636179602133672e-02,-2.049596295390820541e-02,4.101081093589923482e-02,2.974353275940085084e-02,2.207454661931487414e-02,-1.285251957579582049e-02,1.549095760758387869e-02,2.625702303721280315e-02,8.059694543084154963e-03,1.833312145337206989e-02,2.649054159712599388e-02,6.284890572187310995e-03,1.623184233289106868e-02,3.274643119368940425e-02,5.547691521076664883e-03,8.109119411867820801e-03,1.799916614552713985e-03,6.116534208453652637e-03,5.169773970734228147e-03,4.863998795198545594e-04,2.319849090944852907e-02,1.761998975133552067e-02,-1.263840302356273801e-02,-8.172018769561684853e-03,-2.374416936967374200e-02,-2.038049482951766536e-02,-1.487084016824107187e-02,-1.884353484589774974e-02,-1.922293980873981262e-02,-3.821289225990226468e-02,-1.375962367529565480e-02,-2.784115374207624810e-02,-2.001720148246314765e-02,-8.656731391000620527e-04,-7.362713151006697494e-03,7.147294895530988124e-03,1.085847948213069028e-02,-5.021646820250937754e-03,2.510970651161356995e-02,2.165222564939668290e-02,1.846918326490595494e-02,-1.581450015512486998e-03,8.804566458550181982e-03,9.933344170823643626e-03,9.312423434639831299e-03,-3.701527550009293781e-03,2.493811480988631854e-02
4.341892319878203343e-01,1.000000000000000000e+00,3.401998694863695993e-01,2.454826192334855772e-01,2.758179879330176498e-01,2.050973439717469482e-01,2.355297236783488180e-01,1.390401409268063881e-01,1.149177014114329404e-01,1.917432695305758550e-01,1.138902722403715151e-01,1.012282190617695560e-01,1.286592931376690230e-01,8.995084734677361027e-02,7.008636501860818213e-02,-6.519666436572188473e-02,-2.641630753464756926e-02,3.366496626861928410e-02,3.280094867456327667e-02,2.817495998370602925e-02,-2.466579177719527977e-02,3.817586671972791890e-02,4.002237511766430084e-02,1.720805773472876624e-02,-2.339038801160248440e-02,1.672635076778923938e-02,1.157366700668008459e-02,5.895502301169309491e-03,9.387506350570449729e-03,2.017080678990552239e-02,2.554310949572794268e-03,6.197762660208726120e-03,4.458722603489492786e-02,1.322726641689503380e-02,6.159677970841759970e-03,1.506284544908107967e-02,1.136323538778538644e-02,-4.336024595797881472e-03,-3.689264138754809116e-03,-2.946801289982223324e-03,5.517488368617906244e-03,-7.345927883216134269e-03,-4.714010498296251732e-03,-1.974150658121138699e-02,-2.177571478338174646e-02,-1.640500516752776972e-02,-2.337076345345918526e-03,-2.523463904446798800e-02,-4.671613248211979597e-02,-1.406507420842161016e-02,-2.663325279787628203e-02,-3.294342284574161561e-02,-5.192670786846580872e-03,-1.184267921286761248e-02,-2.375589152605473830e-03,2.486421015360862699e-02,-7.531789210600815972e-03,2.474726329593432070e-02,1.524519855117264198e-02,1.575342168355969505e-02,1.819359870061647982e-02,7.052653051546630553e-03,1.810244520397107093e-02,1.801465707372207001e-02,7.932143281111778826e-03,2.978195136293682391e-02
4.969810376567402876e-01,3.401998694863695993e-01,1.000000000000000000e+00,3.585984848241455247e-01,3.662951353657843967e-01,3.822587747507512068e-01,3.313484102709043921e-01,2.339795068724882243e-01,2.273463454344805956e-01,2.640258318274621985e-01,1.801911399460959240e-01,1.520581920111178376e-01,1.667557071169646354e-01,1.342105276552470194e-01,1.078963955784862927e-01,-4.774957100785625491e-02,-2.000892145756524507e-02,6.773472876650980801e-02,4.506603781725808389e-02,4.254975427583217173e-02,1.171020732760372565e-02,5.122544908867007751e-02,1.880836930166000093e-02,1.733244361340827502e-02,-1.157801281332765386e-02,1.191675826545987013e-04,2.709144420546637580e-02,1.171052925225156806e-03,9.811544931790625729e-03,2.894347768273045768e-02,-2.357193793043957809e-03,6.500820019038984834e-03,5.255480325965290050e-02,7.040795171348466532e-03,7.237621567863751319e-03,7.392293233863218155e-03,-4.322045133353208737e-03,-4.708913858893007398e-03,-9.184858681028697583e-03,1.609042127948828380e-02,1.856979987967675300e-02,-5.045880047172019746e-03,-1.066716677049511439e-02,-1.954757200567069572e-02,-2.505034524518013825e-02,-3.376778965575460284e-02,-1.443843660624065904e-02,-2.410863571507170303e-02,-3.386661938812236122e-02,-1.159702519791882408e-02,-3.233342570820380013e-02,-2.017079748943143708e-02,-4.708519056400907801e-03,-8.316382691365019255e-04,5.378900763847563153e-03,2.580391987936837134e-02,1.240408446491345551e-03,3.303678072312334069e-02,3.236485158239922610e-02,2.268971931432410549e-02,4.741728585852299574e-03,1.138957352644915516e-02,1.201200909670564060e-02,2.344547364682866494e-02,-5.375094834091811644e-03,2.639788595370363977e-02
2.739400637146581219e-01,2.454826192334855772e-01,3.585984848241455247e-01,1.000000000000000000e+00,3.929990401948486589e-01,4.600656503991878976e-01,5.619899607859121238e-01,1.852351534250126774e-01,3.461758797665218101e-01,4.901347239873675710e-01,2.498398998822820016e-01,2.724857996327701426e-01,2.919493043738851101e-01,2.048844518072506504e-01,1.947748263076084507e-01,-5.293265635938351060e-02,-2.452898074174223592e-02,1.150826010259088095e-01,7.786051190914555775e-02,7.989333478370541641e-02,-1.774142631677005227e-02,6.944736464520936958e-02,5.626273043320897949e-02,5.610602007801279711e-02,9.081728731215307771e-03,4.038462158078220260e-02,5.766360340314753002e-02,-9.694989325625177207e-03,4.016011746864862897e-02,4.444015303409917794e-02,2.727370890917747356e-02,3.742912394448896091e-02,7.947232923741660848e-02,4.383429552090572362e-03,7.242821945821806273e-03,-1.427746601517221152e-03,-1.467310010619012062e-03,-4.867227260717007890e-03,2.722610462043935017e-02,1.083463845058568395e-02,2.660754302672765914e-02,9.321838009251912430e-03,-1.039858698690038913e-02,-3.399642697716372813e-02,-2.815131807702292432e-02,-2.158436040995029281e-02,-2.780098269217370563e-03,-1.224681838110975619e-02,-9.268231459959313948e-04,-1.549618831423969605e-03,-9.526460317898785904e-03,-9.130724214722073240e-03,1.390134367251916279e-03,-7.794403367099075192e-04,5.808073413688875225e-03,4.069933676787301086e-02,-3.603041913751727898e-03,4.401234059856770631e-02,4.586984979684263775e-02,2.217054642994103694e-02,1.770241832811524432e-02,2.982229199965909239e-02,2.511358020903058791e-02,2.490236888420238257e-02,6.267617176032261317e-03,1.942944890505592798e-02
2.166806657599232855e-01,2.758179879330176498e-01,3.662951353657843967e-01,3.929990401948486589e-01,1.000000000000000000e+00,4.203019438014306552e-01,5.322231601069884466e-01,4.121537958179281591e-01,1.839423691041845998e-01,4.271517282268372240e-01,3.142490147013090040e-01,1.895111681995340636e-01,3.179710617888488189e-01,2.554582010326545971e-01,1.538927416842853779e-01,-1.248204790485778204e-01,-1.721781554345573617e-02,1.025116686123097726e-01,1.558311658783889490e-02,2.714723758256360614e-02,-3.252126293594196499e-02,4.622388237390877980e-02,5.090384724240801934e-02,5.145070117188440401e-02,-5.034785860741306310e-03,3.780077449649684590e-02,4.910943607942875461e-02,1.862897078480156045e-03,3.248026852898305838e-02,3.157663708072058067e-02,1.531774602108738025e-02,2.032700756443458351e-02,3.711266948469407051e-02,4.051169063058981945e-02,2.334527322490972251e-02,-1.246778639740751468e-02,-2.368244635422385794e-02,-1.365623894257180816e-02,-8.208799838389036277e-03,8.211488775344060950e-03,6.540912706026765335e-04,-1.537030503344332701e-02,-2.472202195942575439e-02,-3.357299508157397805e-02,-4.122389363204595480e-02,-3.602892612903905306e-02,-3.249115033750975962e-02,-4.182931625989379232e-02,-3.050726228570208379e-02,-1.824872019647395816e-02,-2.930735300287108311e-02,-2.141171005634348243e-02,-1.399143419958719624e-02,1.298682197652869727e-02,3.810783254993971129e-03,2.698581383890439125e-02,-6.529927727403805199e-03,3.987595945047007345e-02,3.868267919474004807e-02,3.205239086791309561e-02,3.176693681625331056e-02,4.503928093964474494e-02,4.749601352565694518e-02,4.145897964906056915e-02,2.188740367285925068e-02,3.256106619168640942e-02
2.585970170640501942e-01,2.050973439717469482e-01,3.822587747507512068e-01,4.600656503991878976e-01,4.203019438014306552e-01,1.000000000000000000e+00,4.617533187723346644e-01,4.666013499405207710e-01,5.274540828300570139e-01,3.503206137255177044e-01,3.291335136088046620e-01,2.812418820838847866e-01,2.171757552746931275e-01,2.661436491243674984e-01,1.690720086825960589e-01,-7.003354805029694818e-02,1.686871475210844143e-02,1.336981468919743454e-01,6.727136187594813521e-02,6.502496965930695816e-02,-1.185110315363868162e-02,5.176467034182347104e-02,-1.191008400867020652e-02,-3.144482458812382711e-03,4.382759294532578842e-03,-3.425908780851919661e-03,2.449288183211485725e-02,-8.768929121208255198e-03,-2.409433996112503133e-03,3.022963082568133272e-02,1.233286054828039262e-02,6.521121501766900114e-03,5.164915981563390768e-02,-4.715196342767577833e-03,-2.759763314125678740e-03,-1.940391602079553218e-02,-3.105876853612165363e-03,9.330697443046103920e-03,1.128494845744026226e-02,1.848121204917787912e-03,1.087295327853453689e-02,-2.046486704883923504e-03,-1.250086179375813587e-02,-2.005239159846831237e-02,-2.534951149662498238e-02,-2.128706735531556843e-02,-2.635334126822956244e-02,-2.274161051750040949e-02,-2.938923008141717738e-02,-3.528451460387396765e-02,-2.188073902207144164e-02,-2.696134618568880523e-02,-1.722192038366191988e-02,-6.982994032096489004e-05,1.461572579928714123e-02,3.627668232662897840e-02,3.761471602534438748e-03,3.322946690378628803e-02,5.370508972582793694e-02,4.401674517618307803e-02,3.567066858317957667e-02,4.466744093715897118e-02,4.077895539757850352e-02,6.163183338467363021e-02,2.470623917561935723e-02,3.592234302807330998e-02
2.243451906155926601e-01,2.355297236783488180e-01,3.313484102709043921e-01,5.619899607859121238e-01,5.322231601069884466e-01,4.617533187723346644e-01,1.000000000000000000e+00,4.411816948353595724e-01,4.076202310335901857e-01,7.338519944453943955e-01,4.292046579716184973e-01,3.421735293821940860e-01,4.930321819640643977e-01,3.503995493933266814e-01,2.751042763675464742e-01,-1.458439064851066447e-01,-2.940650271997174298e-02,1.611224038565444716e-01,5.651646582383958867e-02,6.467001572010361299e-02,-3.700863320040491400e-02,7.947024137656512333e-02,8.888411502345415494e-02,8.335741457624051831e-02,6.209640067164763980e-03,7.380644969330445171e-02,6.309404230012995163e-02,1.952751641873394853e-02,6.264598789612896290e-02,4.474507096279089352e-02,5.601571027070471886e-02,4.224181260272001637e-02,7.357745083102583405e-02,2.168245021239093018e-02,1.376272005276821600e-02,-1.875944861418582868e-02,-1.653362658807089672e-02,-5.439870069395115817e-03,9.314865455202539155e-03,4.070774838595564611e-03,1.767275646690377386e-02,-7.748371525329740203e-03,-1.671812728204988968e-02,-3.585905259319744492e-02,-2.381322538242603912e-02,-2.498749522503428480e-02,-1.580805224222835495e-02,-2.607658994495733532e-02,-9.243567905196065082e-03,-1.152403003552544651e-02,-1.798205005164641226e-02,-1.046992614715737922e-02,-9.035870376913206908e-03,1.041797211015445430e-02,6.433508665916390715e-03,4.557106713145110677e-02,8.451745311366137825e-03,4.415986223064455318e-02,5.534281975261085007e-02,3.372813158386243210e-02,3.663245479827471202e-02,4.964369816681791364e-02,4.267538985096036575e-02,3.624239367236853360e-02,6.453617609052942662e-03,1.736099542978294594e-02
1.558205798663341857e-01,1.390401409268063881e-01,2.339795068724882243e-01,1.852351534250126774e-01,4.121537958179281591e-01,4.666013499405207710e-01,4.411816948353595724e-01,1.000000000000000000e+00,3.991697869219712480e-01,2.944917795963455376e-01,4.853056489405843665e-01,1.970153049343754126e-01,2.449607456998219301e-01,3.974540087987861181e-01,9.441284815666031727e-02,-1.532994539995172489e-01,7.196402278267759189e-02,1.323267610984536491e-01,-1.305384128797854905e-02,-1.277265258269198386e-02,-6.256883216572302342e-02,4.564252358062153257e-03,4.413515257128121545e-03,2.753835869916652912e-02,2.632943222799481384e-02,3.324948690460136774e-02,3.863245322065447795e-02,1.392237429610537064e-02,1.809051660886420651e-02,2.933406387430915682e-02,1.286370153125001789e-02,1.402959897820676115e-02,2.809834175636076806e-02,-1.377896098418220430e-02,1.410252981370111770e-02,-7.380070184184332792e-04,2.991056202494024249e-02,2.074307280212314697e-02,1.950820863140004593e-02,6.208278975487336107e-03,1.558963015991824200e-03,-2.894687715364931482e-02,-9.703112983900840857e-03,-2.705679159147007795e-02,-1.684897238281876305e-02,-2.149452276034190257e-02,-2.717619305958981352e-02,-1.681886016917594553e-02,-1.712124352629218471e-02,-2.800506713381761825e-02,-1.292396533138435999e-02,-1.164266086096157372e-02,-5.920259508856503573e-03,3.033536711743333586e-02,1.712446779887444662e-02,3.871047005141273201e-02,1.649644206738724167e-02,4.315230857941779186e-02,5.849951427564308720e-02,5.777374636442532407e-02,5.154273792481062905e-02,4.675614940352185167e-02,5.134003283397971240e-02,5.650054153348772062e-02,3.342421778629801887e-02,3.109643217303538834e-02
1.652502794091373628e-01,1.149177014114329404e-01,2.273463454344805956e-01,3.461758797665218101e-01,1.839423691041845998e-01,5.274540828300570139e-01,4.076202310335901857e-01,3.991697869219712480e-01,1.000000000000000000e+00,3.815053992175674313e-01,3.490076306566640696e-01,3.780867203510241970e-01,1.871078472185333241e-01,2.757310989422345759e-01,2.146302450947723539e-01,-3.930532948534403576e-02,4.638311129255810045e-02,1.587706510438302299e-01,1.085533126677144244e-01,1.006083328778161340e-01,-7.492857869732233618e-03,5.418611376911648680e-02,-9.146353952140497817e-03,-1.124034068826239470e-02,7.109817691583676658e-03,3.672940768927515642e-02,6.945358269440793895e-03,-2.292768903044921022e-02,6.284689464261833391e-03,3.479532917403969222e-02,1.570425829126506287e-02,2.611005240202599401e-02,6.085820856382481020e-02,-4.655840081291850313e-02,7.190265525212107683e-03,3.234739839284997225e-04,3.010874869319943303e-02,2.052216910341009629e-02,3.342340342708415013e-02,1.515607220602161950e-02,1.662521116582746025e-02,-3.963402772683863491e-03,-6.394160152948976696e-03,-2.538402645932607768e-02,-1.123997644610713782e-02,-2.154680638187582431e-02,-1.341326668493921480e-02,-1.192905579901244739e-02,-1.013097980625178411e-02,-2.733927710895874691e-02,-8.534109928155573024e-03,-1.113983216221890206e-02,-9.363103271244963346e-03,6.481566163661812638e-03,1.034107889538627041e-02,4.141479550529325593e-02,6.840561913389260271e-03,3.447499502050328790e-02,6.490284143324356880e-02,5.420374205905947179e-02,5.178489162395648326e-02,4.127038581705745612e-02,3.674404856010047432e-02,5.966169009728250483e-02,2.302339755485416709e-02,2.776612633521899701e-02
1.772061479371143111e-01,1.917432695305758550e-01,2.640258318274621985e-01,4.901347239873675710e-01,4.271517282268372240e-01,3.503206137255177044e-01,7.338519944453943955e-01,2.944917795963455376e-01,3.815053992175674313e-01,1.000000000000000000e+00,4.104287800449230583e-01,4.353536001225064012e-01,5.426985954205785223e-01,3.403776515338686193e-01,3.473412067571527428e-01,-1.287571202312789709e-01,-3.808766021019799330e-02,1.885472155029970787e-01,1.055155981901118728e-01,1.094056915677412284e-01,-1.964341259321581226e-02,1.067731415573666826e-01,1.059574688777190909e-01,8.005117797813526836e-02,-1.335012707199976709e-02,8.255480542441263891e-02,5.389527676308292214e-02,2.242926661180545331e-02,6.623721260923100262e-02,5.013754338058743626e-02,6.364295019288679356e-02,5.034268748330830018e-02,7.488835135773244667e-02,3.015087383673302479e-02,2.053851998859804184e-02,-1.708177520739615277e-02,-3.098141701249343752e-02,-2.125816907900701658e-02,-7.075312406872375469e-03,-2.316078120389833146e-03,1.742793165795916005e-02,-1.003143423507131711e-02,-1.479043726628984957e-02,-3.864864254622314699e-02,-2.706037610767227097e-02,-3.160793259027906005e-02,-1.289998066028663105e-02,-3.562365180559240452e-02,-1.423584445009689822e-02,-1.602547473984842000e-02,-1.692293875659935457e-02,-1.999303647346491880e-02,-8.370117551110927562e-03,6.088401763054504361e-03,6.796217876580875825e-03,4.536863807637849660e-02,-9.316348889606739035e-05,4.130628908093900847e-02,5.126136004898570325e-02,3.391513052821323870e-02,3.518877507118643722e-02,4.004737774531730993e-02,3.001543027353869436e-02,1.982334298651683424e-02,-8.726753955519391329e-03,-8.215996618793609818e-03
1.152993547970952576e-01,1.138902722403715151e-01,1.801911399460959240e-01,2.498398998822820016e-01,3.142490147013090040e-01,3.291335136088046620e-01,4.292046579716184973e-01,4.853056489405843665e-01,3.490076306566640696e-01,4.104287800449230583e-01,1.000000000000000000e+00,3.851784688710848115e-01,3.942969249762088846e-01,6.448450816051589651e-01,1.835023695271447153e-01,-2.196066893708255030e-01,1.315028770986887696e-01,2.647984016634252202e-01,4.603497844678139383e-02,4.060924515578922395e-02,-8.170302975329696293e-02,2.657877059397537739e-02,3.452162836608325958e-02,4.895123228837163637e-02,4.789666292914591950e-02,9.357587454821898743e-02,8.060368550759772210e-02,6.222569069015228271e-02,7.454566326380758501e-02,7.366083710496255932e-02,6.331296489132004490e-02,5.651182997833439220e-02,7.148856243212044215e-02,2.744337173347993417e-03,1.943446349150880839e-02,1.341952289966159666e-02,2.466273162303299349e-02,2.255849520248565023e-03,2.974591596494840715e-02,-2.045696781345929856e-03,1.292585385699822342e-02,-1.267350792805392069e-02,-9.707005834448324127e-03,-3.598837704613547933e-02,-9.677175780790164827e-03,-8.326887176788562786e-03,-1.530502979676297629e-02,-1.628277098382234153e-02,-1.372985595749828466e-02,-3.507442346721921511e-02,-1.963161079667684328e-02,-1.856477200184600274e-02,-2.884461277051023065e-02,1.303565859040107036e-02,8.604984044981417446e-03,3.498250045773291378e-02,2.177201131585377800e-02,1.438761524577098633e-02,4.802762695812735211e-02,3.729809291014606065e-02,4.574699160358262906e-02,3.760168661340426016e-02,3.870682706409230012e-02,4.212943033663529846e-02,1.523646508539897720e-02,3.905302228954515755e-03
1.067558259575807356e-01,1.012282190617695560e-01,1.520581920111178376e-01,2.724857996327701426e-01,1.895111681995340636e-01,2.812418820838847866e-01,3.421735293821940860e-01,1.970153049343754126e-01,3.780867203510241970e-01,4.353536001225064012e-01,3.851784688710848115e-01,1.000000000000000000e+00,4.005788496518792874e-01,3.171831536718020539e-01,5.735489753636586752e-01,2.252719585730263846e-02,-2.279366191252306384e-02,3.211451647298725343e-01,2.951896702338301370e-01,2.912151927914655158e-01,1.649689853142652374e-02,2.050403449256542054e-01,6.921749412349936792e-02,-1.731839179154130715e-02,-8.228550889815948455e-02,5.977449101738038784e-02,-2.020124274028766917e-02,1.055787350329051404e-02,3.120033412745656931e-02,4.434470828916246138e-02,5.902667512462655974e-02,1.532347672442260257e-02,7.114497494844711223e-02,7.989685837435608548e-03,2.896967614220865433e-02,5.173192822258415070e-03,-2.030386321799939817e-02,-3.356956370860138261e-02,-2.180374948668858948e-02,-3.385848223625909093e-02,9.788925972090538677e-03,-2.007964157060704649e-02,-2.278353787948135187e-02,-3.680979893449620732e-02,-2.354470375221844741e-02,-2.897692527981537980e-02,-2.239729388771564966e-02,-3.130204857031373272e-02,-3.117453790631299557e-02,-2.977413959970148100e-02,-2.540718331653945422e-02,-4.933644927823363502e-02,-2.005080784122930185e-02,-7.687751037021568583e-03,2.075526205306245722e-02,4.158887048707563677e-02,1.676113078156877406e-02,3.755161560573756774e-02,4.974859236934599249e-02,4.939201489074696722e-02,5.280385716048838218e-02,2.972567399928737961e-02,2.578976818499396917e-02,3.750874444307230465e-02,1.361142146821609292e-02,1.139157805022270042e-02
1.124297660805601423e-01,1.286592931376690230e-01,1.667557071169646354e-01,2.919493043738851101e-01,3.179710617888488189e-01,2.171757552746931275e-01,4.930321819640643977e-01,2.449607456998219301e-01,1.871078472185333241e-01,5.426985954205785223e-01,3.942969249762088846e-01,4.005788496518792874e-01,1.000000000000000000e+00,3.525030788072447407e-01,4.692571999318433384e-01,-2.612513393207845369e-01,-1.758664319123865449e-01,2.382827261362030213e-01,7.007526100344797781e-02,8.879064952552520595e-02,-4.760798157429863703e-02,1.230641951655218752e-01,1.525026740418224669e-01,1.077428035446967303e-01,-3.194095990862300116e-02,1.015910780159971910e-01,6.832072572495029306e-02,2.875777955910880160e-02,9.644602666076387831e-02,4.278301358101897073e-02,8.954118349647810504e-02,5.745714164423546683e-02,6.189470279085404480e-02,4.419079955621822015e-02,4.766870336661467242e-03,-2.144793060781175105e-03,-3.401092652373095826e-02,-2.733175459577760757e-02,-4.712366073954681045e-02,-2.077311577715985902e-02,-9.163925787137065446e-03,-3.674404159309842266e-02,1.595952594881284460e-04,-3.891932647945618023e-02,-2.453191476364155119e-02,-1.694758251078779671e-02,-1.331116721763256003e-02,-3.432212469208464206e-02,-1.422359644504602415e-02,-1.457435326677481704e-03,-2.579700055576573600e-02,-7.972050951647279698e-03,1.439449727697383018e-03,1.447933222918719454e-02,3.022109890837693102e-02,6.377491033654443531e-02,3.544312605096455043e-02,6.166077640460917303e-02,3.920374116786485424e-02,6.093921036389279844e-02,6.177456013842052424e-02,5.240900383315257732e-02,4.867029219191279510e-02,3.046555003616340310e-02,1.918111315180634838e-02,-2.407286397796892016e-03
9.149560736656824067e-02,8.995084734677361027e-02,1.342105276552470194e-01,2.048844518072506504e-01,2.554582010326545971e-01,2.661436491243674984e-01,3.503995493933266814e-01,3.974540087987861181e-01,2.757310989422345759e-01,3.403776515338686193e-01,6.448450816051589651e-01,3.171831536718020539e-01,3.525030788072447407e-01,1.000000000000000000e+00,1.185100331321877754e-01,-2.396536300932910479e-01,2.597196228848442368e-01,3.285120830180786600e-01,4.690573235094482041e-02,2.841903680712691907e-02,-9.810494703393959903e-02,-1.296170078332403372e-02,2.325601527264876348e-03,2.315486094431256844e-02,6.249438192693557159e-02,9.969910839151198412e-02,4.162389403171033730e-02,5.986656279480521287e-02,5.352280440667303574e-02,4.473797612036287813e-02,4.442032847338512475e-02,3.173895077509025775e-02,6.338933438856717006e-02,-1.302975543288197903e-02,1.731226147236126708e-03,-1.660184079491166783e-03,1.243361793784464146e-02,4.635194965781761454e-03,1.404392138391483483e-02,-5.014984551503608515e-03,1.671368395584763630e-04,-1.896107112410650927e-02,-8.688978194123810322e-04,-3.376647712291768605e-02,-1.254694770341963257e-02,8.585234436730032094e-04,-1.630076785264108694e-02,-2.742807108016408202e-02,-2.217705571535079356e-02,-3.617706557613147023e-02,-3.683472519679841656e-02,-2.342251813227544388e-02,-2.738278196899784217e-02,4.188795665897288197e-03,9.732653153256666870e-03,2.328452788733716486e-02,4.619720222504212874e-03,1.740343139005693165e-02,5.125685047635879232e-02,3.960348103796521024e-02,3.162808177354939354e-02,3.387662528290293767e-02,3.737317313855254702e-02,3.651114026615010638e-02,6.408127336507219232e-03,-3.380198509344222238e-03
7.729160813701635435e-02,7.008636501860818213e-02,1.078963955784862927e-01,1.947748263076084507e-01,1.538927416842853779e-01,1.690720086825960589e-01,2.751042763675464742e-01,9.441284815666031727e-02,2.146302450947723539e-01,3.473412067571527428e-01,1.835023695271447153e-01,5.735489753636586752e-01,4.692571999318433384e-01,1.185100331321877754e-01,1.000000000000000000e+00,4.832653231739725275e-02,-2.932751729382948591e-01,3.102177748740084784e-01,3.758584543525624322e-01,3.817004522041250181e-01,5.660921270989227594e-02,2.855398665227362742e-01,1.014993749629562875e-01,-4.253171175789548925e-02,-1.789160903424480420e-01,3.785988752606787161e-02,-6.706631256612176351e-02,-5.564523099009317103e-02,1.581199226352399817e-02,-1.697216793994464450e-03,3.998034887965249556e-02,1.718826202852897014e-02,3.125058197057838799e-02,1.215887841392697746e-02,3.745735034549658202e-04,-1.937481588172546010e-02,-5.443958610138893012e-02,-3.143426352094085691e-02,-4.619617606990988889e-02,-2.434674942455325453e-02,-1.020479043734309928e-02,-3.186039091361039799e-02,-1.098878230059058964e-02,-4.072596760162103952e-02,-3.133198617967800775e-02,-4.077372983038451970e-02,-1.269328381535405649e-02,-3.062997049242360131e-02,-2.781579966843495885e-02,-5.738891370160356664e-03,-1.425927919065009611e-02,-3.074911013576138441e-02,7.223942539841868814e-03,-1.727477352611505798e-02,2.591585919695554505e-02,3.757522984911183112e-02,3.714310853394253709e-02,5.919282776395228679e-02,2.673859897071688072e-02,5.421612695804269022e-02,6.341182984755044938e-02,4.533274839489936925e-02,3.337961555249096407e-02,2.822556278550323455e-02,1.241154301388216682e-02,-1.100454637290947937e-03
-4.301205481891771237e-02,-6.519666436572188473e-02,-4.774957100785625491e-02,-5.293265635938351060e-02,-1.248204790485778204e-01,-7.003354805029694818e-02,-1.458439064851066447e-01,-1.532994539995172489e-01,-3.930532948534403576e-02,-1.287571202312789709e-01,-2.196066893708255030e-01,2.252719585730263846e-02,-2.612513393207845369e-01,-2.396536300932910479e-01,4.832653231739725275e-02,1.000000000000000000e+00,7.707530521854971672e-02,-1.675707978700304024e-01,2.521500457377539028e-01,2.314782089718127600e-01,1.256721791294526935e-01,1.506765854786465686e-01,-2.092850088411745205e-02,-9.068237796050603039e-02,-1.111241655596791195e-01,-7.558000381284121771e-02,-5.270490002896448950e-02,-4.879906370248934637e-03,-6.650573578583364454e-02,-5.579692072384385623e-03,-4.112126066139711739e-02,-5.535461131761391235e-02,-9.397796946472194990e-02,-1.499102600024058811e-02,2.603986804001297371e-03,-1.656471127570020158e-02,6.016893159777438396e-03,2.783296207773990755e-02,4.779259285899151166e-02,4.063791834877034798e-02,4.714849886300146592e-02,1.131392258048637134e-02,-2.101829986646498033e-02,1.103431203316553900e-02,-1.035140603254108491e-02,-1.590812809244248130e-02,2.059666696520403781e-02,4.614528949740816059e-03,-1.514451267245607927e-02,6.198445668073850924e-03,9.595189719957983266e-04,-1.691236910062009907e-02,-7.825120713223173742e-04,-2.490199868513473178e-02,-2.395711408532593539e-02,-1.191795351507680088e-02,-3.451607964665279193e-02,-1.035695800371195033e-02,-3.986416213672144652e-03,-8.727245976542535866e-03,-1.442123400735787278e-02,3.067065841576331955e-03,-1.545589495815538617e-02,-1.583292672736715326e-03,-1.190645613906365051e-02,1.200999667622398154e-02
-2.329292069548031391e-02,-2.641630753464756926e-02,-2.000892145756524507e-02,-2.452898074174223592e-02,-1.721781554345573617e-02,1.686871475210844143e-02,-2.940650271997174298e-02,7.196402278267759189e-02,4.638311129255810045e-02,-3.808766021019799330e-02,1.315028770986887696e-01,-2.279366191252306384e-02,-1.758664319123865449e-01,2.597196228848442368e-01,-2.932751729382948591e-01,7.707530521854971672e-02,1.000000000000000000e+00,1.567990714577840172e-01,3.028786489110885105e-02,4.572574636500004869e-03,-1.847957377197791563e-03,-4.418521307383868613e-02,-1.258542118407700305e-01,-7.884456655872587594e-02,2.825179515478444536e-02,-9.012562782376755399e-02,-5.341909994187479804e-02,5.077839455758034054e-02,-3.894918575352467743e-02,-6.423760771079580108e-03,-2.835699679229162010e-02,-5.363637419550909557e-02,9.850821805721245855e-03,-5.699284200951268420e-03,-1.044247134283778425e-02,-1.294220757484320673e-02,1.360447210989655827e-02,1.208408435458319281e-02,3.829116325557827688e-02,2.453495398694145822e-03,3.137454030212627476e-02,2.488378033844389908e-02,2.230170497419514328e-02,3.168618870713581226e-02,1.458115547072136482e-02,-2.726563658920217858e-03,8.498618769642798812e-04,5.151446445757743714e-03,-2.588263997765746435e-02,-2.960312471364388159e-02,-2.401856069093567803e-02,-1.128288305287892569e-02,-3.175242906993967079e-02,-8.718873337649992632e-04,-3.251975429989226174e-02,-1.943567376655589568e-02,-2.933561699704181555e-02,-4.564459116532697952e-02,4.512594412305262828e-03,-3.014564894200322254e-02,-4.768682190454732323e-02,-3.580514907264643193e-02,-4.558323853025107730e-02,-2.149249568924340922e-02,-9.420012132586904740e-04,8.947979791514389840e-05
3.202244450082439298e-02,3.366496626861928410e-02,6.773472876650980801e-02,1.150826010259088095e-01,1.025116686123097726e-01,1.336981468919743454e-01,1.611224038565444716e-01,1.323267610984536491e-01,1.587706510438302299e-01,1.885472155029970787e-01,2.647984016634252202e-01,3.211451647298725343e-01,2.382827261362030213e-01,3.285120830180786600e-01,3.102177748740084784e-01,-1.675707978700304024e-01,1.567990714577840172e-01,1.000000000000000000e+00,3.081014980679402382e-01,2.791787718121237494e-01,1.214930500124995344e-01,1.540452326000821548e-01,-1.287218386425606764e-01,-1.767117607321021799e-01,-1.302083204791559812e-01,-1.805785457976055441e-01,-1.709865523458537762e-01,-1.618428756794413892e-01,-1.501778143703727808e-01,-8.865933764388661542e-02,-1.031244694362957459e-01,-1.206880339833271282e-01,2.976760195707656501e-02,-4.016721398252315681e-03,-6.657774847638893434e-02,-5.072822117521275098e-02,-8.153936501908873313e-02,-1.704957720839598082e-02,-5.591391467738911908e-02,-2.901799666000792408e-02,-3.320390359086914517e-02,-4.071631925900203591e-02,8.095499115871110374e-03,-1.473831130231968191e-02,-1.483749759258254190e-02,-1.722325621214176525e-02,-3.099577567586647361e-02,-1.013663421614338644e-02,-3.680345498794515557e-02,-1.861136190448749866e-02,-3.019553343651177127e-02,-8.100512832078420739e-03,-1.736260648519035929e-02,-3.401719153479736135e-02,-1.563986551285134145e-03,1.215452240778326296e-02,3.077000704710234832e-02,1.222369049082066943e-02,2.477461041149252308e-02,3.469398479132088792e-02,3.185437458943591454e-02,-1.820682324564663890e-03,-1.830433337740230981e-02,5.345255468597062340e-03,2.192260771931552055e-02,-5.449895170067885729e-03
3.809015496934801959e-02,3.280094867456327667e-02,4.506603781725808389e-02,7.786051190914555775e-02,1.558311658783889490e-02,6.727136187594813521e-02,5.651646582383958867e-02,-1.305384128797854905e-02,1.085533126677144244e-01,1.055155981901118728e-01,4.603497844678139383e-02,2.951896702338301370e-01,7.007526100344797781e-02,4.690573235094482041e-02,3.758584543525624322e-01,2.521500457377539028e-01,3.028786489110885105e-02,3.081014980679402382e-01,1.000000000000000000e+00,7.550416837301472395e-01,9.891529368370290121e-02,5.033065214129275322e-01,4.099675660576118652e-02,-1.987635414871951334e-01,-3.134724894095234360e-01,-7.074238601197516130e-02,-1.501207124565223094e-01,-8.958979537424126283e-02,-7.380362086366369645e-02,-1.190851213348989059e-02,-3.598655417373355925e-02,-5.209655689695595615e-02,4.060259103477652752e-03,4.336641754904804746e-02,1.695020784375703138e-02,-1.947360889373186271e-02,-5.848464082584044904e-02,-5.669856512430842405e-02,-2.210653098505102609e-02,-8.946935822999711393e-03,-2.620735155742638309e-03,-8.025988315159739844e-03,1.208740708795105409e-02,-2.411422494076232922e-02,-1.128268184836367372e-02,-2.319967158150081782e-02,-4.297785784348660820e-02,-8.481089661560517121e-03,-4.969308372106220895e-02,-1.499906625741469733e-02,-1.222935443560008032e-03,-6.001743367559018993e-02,-3.862987124711308572e-03,-2.900063701023021870e-02,-1.793336589172184973e-03,-7.710097164340157759e-03,2.708360431686777611e-06,1.901135004302370243e-02,-7.617055468010103941e-04,2.101402958810025950e-02,5.491904776583007679e-03,-2.525126586229788170e-03,-1.094864611138717143e-02,-1.314538324508857797e-02,1.175490970380694417e-02,-1.149283573565507664e-02
3.948636179602133672e-02,2.817495998370602925e-02,4.254975427583217173e-02,7.989333478370541641e-02,2.714723758256360614e-02,6.502496965930695816e-02,6.467001572010361299e-02,-1.277265258269198386e-02,1.006083328778161340e-01,1.094056915677412284e-01,4.060924515578922395e-02,2.912151927914655158e-01,8.879064952552520595e-02,2.841903680712691907e-02,3.817004522041250181e-01,2.314782089718127600e-01,4.572574636500004869e-03,2.791787718121237494e-01,7.550416837301472395e-01,1.000000000000000000e+00,6.494607887763760579e-02,6.511720674650470775e-01,1.126320149833531792e-01,-1.804015328598159995e-01,-3.817389271485152613e-01,-7.696811472877450322e-02,-1.253887688577673964e-01,-8.889250710256917098e-02,-4.273529671728153873e-02,-3.838851900425637592e-03,-1.493189355878118962e-02,-2.616324767271242455e-02,-3.787528337056437523e-03,4.854904578811924942e-02,2.563324007438798346e-02,-1.481969256235327742e-02,-5.570702947545193989e-02,-7.059310317125015721e-02,-2.662270236341555962e-02,-7.920396909544959868e-03,-2.743213481579231776e-03,-1.222980408285407813e-02,1.384320339120522977e-02,-2.683439074520511947e-02,-1.441182432718638405e-02,-2.535112386903839651e-02,-4.432146556245154106e-02,-6.094302203001718959e-03,-4.996211166228889389e-02,-1.017664194050176864e-02,-3.200164021374551134e-03,-4.959645417134094653e-02,3.095897084335675828e-03,-1.763631720178598927e-02,8.206431617944053708e-03,-4.206381465496718784e-03,7.742251685648939008e-03,2.385664737322988962e-02,-1.354935588475714592e-03,2.485784567390907779e-02,9.268137347046593796e-03,-1.504648411231931243e-03,-8.389321219143283312e-03,-1.056801972127776809e-02,1.271135924353193787e-02,-9.646756343013171073e-03
-2.049596295390820541e-02,-2.466579177719527977e-02,1.171020732760372565e-02,-1.774142631677005227e-02,-3.252126293594196499e-02,-1.185110315363868162e-02,-3.700863320040491400e-02,-6.256883216572302342e-02,-7.492857869732233618e-03,-1.964341259321581226e-02,-8.170302975329696293e-02,1.649689853142652374e-02,-4.760798157429863703e-02,-9.810494703393959903e-02,5.660921270989227594e-02,1.256721791294526935e-01,-1.847957377197791563e-03,1.214930500124995344e-01,9.891529368370290121e-02,6.494607887763760579e-02,1.000000000000000000e+00,1.367470802317100054e-01,-1.605929903883129839e-01,-1.427125108027637590e-01,-9.539685490352391162e-02,-2.395954593243554143e-01,-1.348805413313651780e-01,-1.352555803070388252e-01,-1.745815227840515904e-01,-1.025390714231045053e-01,-1.012931894914215203e-01,-1.145516180840389225e-01,-1.537247840747570267e-02,2.095925548267695004e-02,-7.026490317888452186e-02,-2.341663139607733091e-02,-7.216153862351176729e-02,1.029805763386721631e-03,-5.267275610425053989e-02,-2.495617753682529555e-02,-2.068961603254433970e-02,7.399467459251050233e-03,4.047738682262929516e-02,3.965535840399932177e-02,1.666085016313448644e-02,1.533323254763494826e-02,7.774954044382782758e-03,1.736079351989807534e-02,1.200680978151828435e-02,2.822670649731132131e-02,1.891560748024904287e-02,4.383778384436105152e-02,1.339680312270770043e-02,5.061612963000041744e-03,3.995884085749514675e-02,1.290356817767608633e-02,2.515658416923506613e-02,7.411398672965181442e-03,2.291792673807412431e-02,4.285462993725489694e-02,2.902221252226313067e-02,-4.754823914898937028e-03,-4.641994557241939205e-03,-4.548695089573286457e-03,-4.322212391360130690e-03,5.770454774900271068e-03
4.101081093589923482e-02,3.817586671972791890e-02,5.122544908867007751e-02,6.944736464520936958e-02,4.622388237390877980e-02,5.176467034182347104e-02,7.947024137656512333e-02,4.564252358062153257e-03,5.418611376911648680e-02,1.067731415573666826e-01,2.657877059397537739e-02,2.050403449256542054e-01,1.230641951655218752e-01,-1.296170078332403372e-02,2.855398665227362742e-01,1.506765854786465686e-01,-4.418521307383868613e-02,1.540452326000821548e-01,5.033065214129275322e-01,6.511720674650470775e-01,1.367470802317100054e-01,1.000000000000000000e+00,3.101260927507505927e-01,3.568287579070920229e-02,-3.722475966959996607e-01,-1.800952170255186099e-02,1.023969435459552713e-02,-3.219553077225312254e-02,5.507523361683976798e-02,4.067820208631815759e-02,4.007780573337282881e-02,3.535121650825972378e-02,3.448292370963057518e-03,5.787377400519099629e-02,5.722826009822327281e-02,1.823270387107726528e-02,-3.282604493762918130e-02,-8.926376568728808247e-02,-2.814139834853678426e-02,-6.845110463493521945e-03,3.871359400346346350e-03,-2.497082982127651202e-02,-9.479541569679771421e-03,-3.274945544694887051e-02,-3.052136922963092150e-02,-1.520358232559517776e-02,-4.499940737778260202e-02,-2.007176058655102055e-02,-3.734224541344893789e-02,-4.716930686550721910e-03,-7.315299606022927954e-03,-2.958325502363240087e-02,-1.374449564798531321e-03,6.357179452382725159e-03,1.907667975051248119e-02,-2.741700253505321028e-03,3.040184623129804642e-02,2.709295208626118223e-02,-2.463280573566888846e-03,2.803616185545500933e-02,2.028708251082260092e-02,-8.758037780683384024e-03,-1.137675344823334614e-02,-1.573798247562207056e-02,7.638504560211274892e-03,-9.021378077803482443e-03
2.974353275940085084e-02,4.002237511766430084e-02,1.880836930166000093e-02,5.626273043320897949e-02,5.090384724240801934e-02,-1.191008400867020652e-02,8.888411502345415494e-02,4.413515257128121545e-03,-9.146353952140497817e-03,1.059574688777190909e-01,3.452162836608325958e-02,6.921749412349936792e-02,1.525026740418224669e-01,2.325601527264876348e-03,1.014993749629562875e-01,-2.092850088411745205e-02,-1.258542118407700305e-01,-1.287218386425606764e-01,4.099675660576118652e-02,1.126320149833531792e-01,-1.605929903883129839e-01,3.101260927507505927e-01,1.000000000000000000e+00,5.319938416015740357e-01,-9.350222194436165479e-02,3.991046436313721579e-01,1.701145229887702226e-01,1.303425024193936299e-01,2.478732697893822334e-01,8.075441996220016072e-02,1.365311657556482206e-01,1.306118804761602081e-01,1.980940583484803660e-02,6.156209528906905759e-02,8.636172692989586841e-02,5.070381382493577282e-02,1.500196962850418661e-02,-6.020228483301913458e-02,-1.050414148110201569e-02,-2.531909276767327355e-02,1.486267924048627342e-02,-1.337263096962973061e-02,-3.327112838521088800e-02,-5.178932568831746963e-02,-2.747594575750906404e-02,-3.617159314476948388e-03,-2.123278632968440133e-02,-2.195958979800246777e-02,-1.466841049930444306e-02,4.805391622690227509e-03,-3.143174038341082360e-02,-3.334005539213122371e-02,-1.818736931897755801e-02,3.727362851166239610e-03,6.634286929268943568e-03,-5.528830786176506910e-03,2.469080939523070686e-03,2.502533597073885660e-02,-1.848371216591405746e-03,1.606589817775205473e-02,2.148507464009956694e-02,1.412932115954944334e-02,2.665030160267521306e-02,1.629630301235744649e-02,4.977045488547300091e-03,-2.251533138204440607e-02
