1.000000000000000000e+00,4.807000254011188911e-01,2.927894544793558929e-01,4.996852270867047641e-01,1.831481794594857770e-01,1.442279213954847650e-01,1.916133625889304970e-01,2.041271973150872165e-01,8.431679864152828718e-02,-1.565777652352026983e-01,9.018464281522799164e-02,1.469161940454350168e-01,9.616788673803290319e-03,8.348951686989701526e-03,1.285871593857701722e-01,9.810394109923438466e-02,-1.899219989641697318e-02,4.790759731848645564e-02,1.509535340875539644e-01,4.199573805159852874e-02,2.880935005662661405e-02,1.609858897617278961e-01,5.404947737972796984e-02,1.072458658098541379e-01,1.537027642481878231e-01,1.532431550334695768e-02,1.547036366230868099e-01,-1.571138975780095037e-01,-4.738625963484713322e-02,1.368001347811989843e-01,6.470512884404874820e-02,5.932964924460156636e-02,2.907131113533585609e-02,4.921602464256624732e-02,5.339471722237718043e-02,2.711602748402799218e-02,-2.520052088001177235e-02,2.991450685223144904e-02,8.845130275582176183e-02,8.045440832915848328e-02,1.372074593782671506e-02,-3.101622452880576503e-02,-3.634168786645994298e-02,-2.234190192096548525e-02,-2.379028275070115342e-02,-4.920350846745760731e-02,-5.587764071229517349e-02,-8.150809432970539115e-02,-6.855047907638428528e-02,-1.067781424921199623e-01,-4.065620072957509129e-02,-6.646172896830522536e-02,-6.361835460709046319e-02,-6.185247745011336618e-02,-2.488151358257958100e-04,7.797079125095592034e-02,1.123590864409935823e-02,1.292160305075989446e-01,-3.780536619974613627e-02,1.681017198950584060e-02,-1.026273588349188998e-01,3.413986746787661675e-02,-1.558881116335452122e-01,-5.382161669170595908e-02,7.351679559500425010e-02,-8.236262280499516419e-02,1.559528759614287052e-01,-6.562488474914079939e-02,-1.191069532717730084e-01,-4.802867964463121420e-02,-2.836605587725249400e-02,-9.000984260349011168e-02,-9.943903897156486371e-02,-2.838798526770132391e-02,-4.975181837694360454e-02,-1.091226396213173244e-01,-6.666492942152112133e-02,-3.907407825019541814e-02,-6.037555492681306174e-02,-1.444212632005093498e-02,1.553010269390382898e-02,1.197516303490999412e-01,-6.858982706129949231e-03,1.303696375010753583e-01,6.724677704734458028e-02,3.325621068776091552e-03,7.054332899344821495e-02,1.308168746297711238e-01,3.110681393387114066e-02,-3.376760281148289463e-03,1.161100061374121667e-01,1.121687714465071373e-01,-1.654119529242956826e-02,3.003321830455058308e-02,1.239418741041955069e-01,-1.012537764971113557e-01,-6.736147104566296562e-02,-1.702681442358723873e-01,-3.424425456332191864e-02,5.866746445754815464e-02,-1.094042009999495052e-01,-1.323078226147471892e-01,2.814393718002976275e-02,-1.555155953145898329e-01,1.543594899319085112e-01,1.545416218319319024e-01,-1.554208959723288042e-01,-5.496693549167250281e-02,-1.639160844411650664e-01,-4.140053942919894731e-02,-8.012839547907368853e-02,3.670435978927909237e-02,-7.987119855088076203e-02,5.101101001090901053e-03,2.125852935026053409e-02,-3.288131226287787506e-02
4.807000254011188911e-01,1.000000000000000000e+00,4.042356473422266117e-01,5.041100743103306137e-01,4.603871663898181366e-01,2.916154060323101205e-01,2.229833985787387229e-01,2.375510792765041790e-01,1.647117827379534216e-01,-2.151085864314426777e-01,5.656414157078136495e-02,1.517438587142829476e-01,1.007227124561547310e-01,3.188430529209353853e-02,7.602649048491075257e-02,1.396415396508735585e-01,6.381878420401010388e-02,2.574843928668505907e-02,1.235794124615620521e-01,1.159254116548131264e-01,5.751791388244237302e-02,1.070326095042569009e-01,-5.098540980273706669e-02,9.056700173142895327e-02,1.259952818656552287e-01,-6.393467389771081977e-02,2.124667199626955605e-01,-2.171913977094226400e-01,-3.475536307388649160e-02,1.579248582434235326e-01,1.024630262498489597e-01,1.202820323318051499e-01,1.102604609800356961e-01,3.756034367752119491e-02,5.311781543804165728e-02,1.133398137959256563e-01,-6.019440443311930428e-02,-7.651032484854551619e-02,2.059691085368886218e-02,-4.268628815328723985e-02,-5.661050513861137778e-02,-8.140476120471736021e-02,2.279826284499605199e-02,7.794628026073839588e-02,3.913853826940133507e-02,3.497871020589386759e-02,-2.614379089731046213e-02,5.192590887113828629e-02,2.337983624583948872e-02,-1.264245847518956911e-01,-7.665160751554956145e-03,-8.020173486365261839e-02,-8.136231978208241511e-02,2.884330798685005859e-02,-6.662127076149074179e-02,1.082042133380056205e-02,-5.136898512135187889e-02,1.139418447729852180e-01,-1.026619779500249213e-01,4.359035007557781477e-02,-9.816678464693708028e-02,1.320829905996099077e-02,-2.127111192977372556e-01,-4.745144032998550865e-02,1.139089898318896982e-01,-2.754766383907279043e-02,2.150262822198878987e-01,-1.268284848637750706e-01,-6.471902354896336140e-02,-2.097164866475048975e-02,-1.109144878362644249e-01,-1.088156598561527549e-01,-2.695540939675994049e-02,-5.071496604335790082e-02,-1.328184764956093222e-01,-7.464287742419271898e-02,-8.974432514892820290e-03,-1.111353922961381135e-01,-1.081355274896608903e-01,2.212672681011138703e-03,-7.402980637973829992e-02,6.096098636992459963e-02,-9.687680869865061828e-02,6.432746874315153907e-02,5.755413700008456951e-02,8.751013158067039166e-02,8.478284129921441481e-02,7.588290697470456703e-02,6.288558857184216311e-02,8.163077676101027080e-02,9.463201002557304620e-02,7.950767227942581727e-02,5.331675413074840608e-02,9.591129458396011054e-02,8.247322243477665793e-02,-1.036692835317580136e-01,-1.341424602890150253e-01,-1.964919216429230620e-01,-7.686010626050040866e-03,1.440265570278264073e-01,-1.045755294848323552e-01,-1.682342640479049245e-01,8.681303763175615695e-02,-2.124528775218257337e-01,2.140310385137486060e-01,2.130245602462765842e-01,-2.130069399137824449e-01,-1.885315355570994431e-02,-1.985671191456206963e-01,2.336523064284318912e-02,-5.553972515256259262e-02,1.055546768525994217e-01,-7.775961118626921464e-02,5.762497559942864750e-02,2.407610817000486320e-02,-1.341404387520664723e-02
2.927894544793558929e-01,4.042356473422266117e-01,1.000000000000000000e+00,4.332809642727652455e-01,5.434390236075860026e-01,2.561487979375397517e-01,2.014575475546223349e-01,3.236143862165219431e-01,1.949038313235317843e-01,-1.948869964640363162e-01,6.015220807660939806e-02,2.279187461819999760e-01,7.322549495141150722e-02,-3.252840054599275693e-02,1.304601149449730879e-01,1.785457930518369318e-01,-1.464915294258811772e-03,2.974451465578662347e-03,1.997865955808965921e-01,1.182522532138026161e-01,6.440634636256570289e-02,1.961379846937857663e-01,-9.574244370853380107e-03,9.982332799805440637e-02,1.940283221940323488e-01,-2.520063444179450676e-02,1.918703783296034637e-01,-1.963384531174553471e-01,-8.008538806733074555e-02,2.012508657129207235e-01,8.740645240117871084e-02,5.761123628522626938e-02,1.500764830285173934e-01,8.394462382231131226e-02,4.307676695614298668e-02,1.647211220259930942e-01,-3.612531957473996691e-02,-1.002859149048221654e-01,6.127146055289390408e-02,3.385591482520235174e-02,-9.547440253692922318e-02,-1.316376028399955656e-02,2.424864723894173610e-02,-1.892366452286656621e-03,6.081325569536500525e-02,-1.478388207882051081e-02,-2.765864359276548265e-02,2.448317677131875772e-02,-6.980170256337117629e-02,-1.478285158970401858e-01,-9.599365606241894167e-02,-1.062158960925159573e-01,-9.661965234953198700e-02,-3.778442874896815323e-02,-8.000152577140773325e-02,4.613893364408529207e-02,-2.421610136930361229e-02,1.563222030186222911e-01,-5.890009831763418774e-02,6.629079774231046163e-02,-1.051170890071648212e-01,5.227232656189551019e-02,-1.929080910060615717e-01,-6.292320559534764213e-02,1.320627144639158757e-01,-6.747085096757610145e-02,1.937164709006926056e-01,-1.295309342706856548e-01,-1.354872537090746343e-01,-2.465350755687353151e-02,-7.009567869233995774e-02,-1.448561790089301915e-01,-8.843475959500267380e-02,-2.323704744727941168e-02,-1.139768246175612149e-01,-1.382211756078697285e-01,-3.958997936558584368e-02,-7.382103206419507457e-02,-1.219539306098441356e-01,-3.061626438163427694e-02,-2.832910542382760868e-02,1.256382683054212968e-01,-4.197063279582114587e-02,1.326506710913001597e-01,1.107825310439783523e-01,4.077924465574672697e-02,7.260184362860575003e-02,1.554191415404525545e-01,7.719911533451150054e-02,2.256459497824721619e-02,1.200544702933301483e-01,1.485874065429591273e-01,3.027989059541367350e-02,4.890776398606871966e-02,1.281467266211124278e-01,-1.569704088626809602e-01,-1.487771137908828756e-01,-2.298459021852975737e-01,-5.197850109159776744e-02,1.265025131279544635e-01,-1.157521306441370024e-01,-2.001105407248351120e-01,4.927682958059710627e-02,-1.925820270714926619e-01,1.917127994222495024e-01,1.922418726979300274e-01,-1.922385237591968943e-01,-3.125197538326090346e-02,-2.267460086358380200e-01,-1.421852747657290257e-02,-5.338788097650116332e-02,1.364044669648629138e-01,-7.856430276719410244e-02,5.970800931336647799e-02,4.760163214235931667e-02,-3.756728009448583039e-02
4.996852270867047641e-01,5.041100743103306137e-01,4.332809642727652455e-01,1.000000000000000000e+00,3.309268255608208142e-01,3.626195019816011444e-01,2.871532961749397872e-01,3.360350994810341052e-01,1.356232939064989929e-01,-2.031103146601436760e-01,9.751100261851451678e-02,2.043916086360555717e-01,2.498219498737951766e-02,5.333969668659353618e-03,1.602309000513752746e-01,1.466687437592545107e-01,-1.682382053644837158e-02,4.804141715515740374e-02,1.984403458826691502e-01,6.423758353937411569e-02,3.929205135095203971e-02,2.140371387618179022e-01,7.885229070384025540e-02,1.475947398059590521e-01,2.148852225788962234e-01,1.563445450999324457e-02,1.999138369681398297e-01,-2.044923555796064052e-01,-4.867170484685059278e-02,1.763096228360959139e-01,6.739234317342469860e-02,6.060058319918097680e-02,3.288312764354206497e-02,5.107258671184119331e-02,6.583600961442380439e-02,3.724121800823271267e-02,-1.771225786194810525e-02,4.151178230722980811e-02,1.254621710643204213e-01,6.381967636818143552e-02,9.639139795822820531e-03,-8.798660085266543640e-02,-9.034218858316156453e-02,-3.213860841711960875e-02,5.281571850837393257e-03,-1.250603172373050166e-02,-8.262954711781911321e-02,-3.186767763232999789e-02,-4.892478462240280879e-02,-1.434307293434770869e-01,-7.103108856839886187e-02,-7.747020995881187533e-02,-1.039169451358482321e-01,-9.254359843489601278e-02,-1.053342069582615011e-02,7.510165537529732427e-02,1.279917450259765964e-02,2.297286246570937329e-01,-6.073643739934943969e-02,2.488760975736133488e-02,-1.405538200447585540e-01,4.480424348718924088e-02,-2.014475503029272141e-01,-6.424166727469535210e-02,1.136011440576430165e-01,-9.793471245619624066e-02,2.023117810437694564e-01,-1.020859385693413668e-01,-1.623400933019082948e-01,-5.035033700931821482e-02,-4.119742483314282888e-02,-1.338814834234315909e-01,-1.262205636551788357e-01,-2.823573018005532190e-02,-7.709539871023016189e-02,-1.515202394784408158e-01,-7.707522810221760501e-02,-5.369527236672928111e-02,-9.254858209835364891e-02,-3.030492944830489449e-02,1.303513012537398791e-02,1.667290316179769194e-01,-1.453093675049949192e-02,1.556866385303758704e-01,1.047344325017501715e-01,1.787498103621115025e-02,7.947857357226378872e-02,1.696785141273380593e-01,5.959697907422885355e-02,1.797734495234464761e-04,1.396756419417591599e-01,1.570581321749268677e-01,-2.876113956507183808e-03,3.715636698895330436e-02,1.542155605088314230e-01,-1.438164540357729226e-01,-1.060832162825794678e-01,-2.313717144131074710e-01,-5.541625956265068542e-02,9.122866813208689585e-02,-1.378720784061574500e-01,-1.903533620810878568e-01,3.470603645088584516e-02,-2.008872916931097874e-01,1.997889448094089804e-01,1.997356731860837620e-01,-2.009684450592328364e-01,-6.114687680028629835e-02,-2.248636942949908679e-01,-6.308757935277219120e-02,-9.806277923833515986e-02,5.406062340829689145e-02,-1.194498098495433286e-01,2.976078254681068392e-03,4.269709996509064159e-02,-6.552873973529543816e-02
1.831481794594857770e-01,4.603871663898181366e-01,5.434390236075860026e-01,3.309268255608208142e-01,1.000000000000000000e+00,4.169705285993737798e-01,3.791623036007456538e-01,3.427172548779395256e-01,2.538260971509337938e-01,-2.629803459545302369e-01,7.519252513064865473e-02,1.296829966568661952e-01,1.962079216016667516e-01,1.369696453712039297e-01,4.428499549323338530e-02,1.368279517269151979e-01,1.849247752199804640e-01,8.243700997261631247e-02,8.943347370151726039e-02,1.584623003915781592e-01,-3.496323523826081608e-02,7.075421244863040748e-02,-1.569429924634823392e-01,1.530439865262883670e-01,7.545091738063453013e-02,-7.121383482924556474e-02,2.626839090871190274e-01,-2.654303526837330507e-01,-9.218137431279463390e-02,1.753813972329590076e-01,2.214709688108694452e-01,1.512105561438868706e-01,2.933992067287147232e-01,9.766372258741901069e-02,9.191697193046795278e-02,2.999910777583068566e-01,-4.869884289526037364e-03,-1.472481694692636955e-01,8.487279520942273003e-02,-2.819290863513257764e-02,-9.015659928315528093e-02,2.316116478869200378e-03,1.378013094575920305e-01,1.118256476788451609e-01,1.686630231957932102e-01,7.415067586732405902e-02,3.576955894888834975e-02,1.193443266161367117e-01,1.006959285852125283e-02,-1.812866202487412315e-01,-1.040909338201654460e-01,-2.212558427652264181e-01,-1.374494566172689558e-01,-8.358158555522181288e-02,-2.082302716065717874e-01,-9.166541837917914146e-03,-1.762707331100122621e-01,8.807431191060922926e-02,-2.608983523204889687e-01,-2.029922204398007177e-02,-1.978991936928602424e-01,-1.343054260037003511e-01,-2.628401188738904715e-01,-1.506008762359435094e-01,9.827964839967355537e-02,-9.591107970262848989e-03,2.624885330095184099e-01,-1.571966282361779155e-01,3.369384349419204949e-02,-8.122835943459379149e-02,-2.543243228241980347e-01,-5.829131722947464289e-02,4.221796239542725121e-02,-1.828533239226728668e-01,-2.235121591279294884e-01,3.155862385598555420e-02,-1.366704816715282392e-02,-2.703941892617708898e-01,-9.761197059370943507e-02,1.264276261470674567e-01,-1.674926344860654670e-01,-3.627471672168578604e-02,-2.223031811188787843e-01,4.914917621280936316e-02,-3.650839472846399009e-02,1.685198458924425657e-01,2.020995784066283718e-01,7.254337572965401278e-03,1.459124338958501903e-02,2.149424158790170791e-01,1.561760153052325906e-01,-1.416701767026140590e-02,7.439713990539086053e-02,2.474987932965650450e-01,9.758760559114897093e-02,-4.022071238397001425e-02,-1.764774839578516219e-01,-2.510420346717620044e-01,1.249999277189927233e-01,2.455149559102897394e-01,-1.962022047621830301e-01,-1.655805090163375848e-01,2.477806329315531964e-01,-2.626889243677263397e-01,2.632606333773200302e-01,2.654414504476758641e-01,-2.609409555986974549e-01,-7.320126352453731888e-02,-2.440353624939818888e-01,2.008575062600204408e-01,5.412410183216879306e-02,2.730198925454657699e-01,4.929941755833559813e-02,1.771104386815230691e-01,1.255192545532087256e-01,5.787275632241783291e-02
1.442279213954847650e-01,2.916154060323101205e-01,2.561487979375397517e-01,3.626195019816011444e-01,4.169705285993737798e-01,1.000000000000000000e+00,3.346408162281718224e-01,2.211789118488491357e-01,2.077025736980553927e-01,-1.025361696789060251e-01,-2.886454507208651918e-02,2.183013338202738005e-02,2.096923611081237537e-01,1.295227671297309868e-01,-6.175140125186322909e-02,9.631407679380594999e-02,2.152796639767833309e-01,3.278638379431547678e-02,-2.678264065737744407e-02,1.318269439535050547e-01,-6.773241638959590083e-02,-3.794000553367263967e-02,-1.156254639559947811e-01,1.227950912208997658e-01,-1.620668996291461939e-02,-5.078470462451577933e-02,1.027188787291970357e-01,-1.044130012733142099e-01,-9.362429539968753975e-03,5.557570848942659097e-02,1.618890110999213205e-01,4.622530216204231990e-02,1.412611177315414024e-01,1.057764991720263649e-02,7.267653784907901482e-02,1.978780979401500439e-01,1.232964759906368252e-01,-1.236495130416237487e-02,7.762084243715822174e-02,-1.822505379294999880e-02,7.015099883469920472e-02,-7.021855441582906983e-03,2.505038087465942184e-02,7.229427355903300656e-02,1.943409897231776207e-01,1.563580508375109202e-01,6.187451142657104247e-02,1.606183639892750648e-01,5.081875812206925608e-02,-9.935962453402505390e-02,-1.387022291659002760e-01,-1.402197253589224368e-01,-2.240410666173598131e-01,-2.130142501778880537e-01,-1.147196004294453314e-01,-2.508134892074630889e-02,-1.288789211858536177e-01,1.727111895367033911e-01,-2.649318149539789946e-01,-5.776906525941680887e-02,-1.721606158872194814e-01,-1.701700152222007378e-01,-1.020781395106207384e-01,-1.104841026527127318e-01,6.991974421711093235e-02,3.962241089863193649e-02,1.029684134788353966e-01,-1.221136342090093779e-01,9.200648824223019162e-02,-4.940319203965119754e-02,-2.288264760604208636e-01,-8.609720047087331823e-03,9.324744241003052325e-02,-1.618001484979588733e-01,-1.837506961197349076e-01,8.751346845398860763e-02,1.558319082074012367e-02,-2.411094257786153550e-01,-5.141556575911975652e-02,1.323848382514393462e-01,-1.585582755179138492e-01,-9.868705948341624512e-02,-1.932365985073625503e-01,-2.712572548137351380e-02,-6.450553959411059468e-02,1.591038270455055748e-01,1.353707244489309180e-01,-6.924275560309893496e-02,1.045062898236485613e-02,2.006423331061040760e-01,7.208470262613764223e-02,-6.824094870741487240e-02,8.338666772886083045e-02,2.095692089722005214e-01,1.743617378800142725e-02,3.043673940691599827e-02,-1.121495179572858519e-01,-1.549324041391607898e-01,1.311362905408569313e-01,2.071434328969939953e-01,-1.333763306703784901e-01,-9.233724115417797640e-02,2.222984588721212129e-01,-1.012433826872564530e-01,1.035721036854685834e-01,1.035962010371190151e-01,-1.010155457116287681e-01,-4.520467737817079890e-02,-1.477364389581163340e-01,1.984681762190899090e-01,8.420333038739312437e-02,2.169145862026667371e-01,5.205192683849203805e-02,1.858079272208218446e-01,9.410251565217396530e-02,3.300115655984827562e-02
1.916133625889304970e-01,2.229833985787387229e-01,2.014575475546223349e-01,2.871532961749397872e-01,3.791623036007456538e-01,3.346408162281718224e-01,1.000000000000000000e+00,2.923693234722228307e-01,3.581089484522144428e-02,-3.236610428428856046e-01,3.926549421506564386e-01,-8.841454120590563903e-02,1.053378035597151013e-01,5.395762954853854376e-01,1.421609772233743130e-01,-1.359238109749912882e-01,3.249580713751324401e-01,4.726177045594002757e-01,1.159771908167455713e-03,-3.322976004954038276e-02,-3.433450106997779638e-01,1.231206452884281016e-01,-3.923712079380799883e-02,3.864278662614714088e-01,2.687007354750313784e-02,1.299983077813389454e-01,3.299319342099079622e-01,-3.263833036777786800e-01,-7.219570118106580225e-02,1.053924803582081265e-01,4.294539923636674361e-01,1.315695738804718296e-01,1.920934158585403673e-01,7.888576717532760907e-02,7.031530305837790928e-02,1.182459912480573472e-01,3.920186689833409649e-02,6.269034991239002923e-03,1.212337614136354685e-01,7.431731039789160609e-02,-2.821762942474612471e-02,-1.388674381623832554e-01,2.658913730606447465e-03,1.054643408564328033e-01,2.017694944492363640e-01,1.721339416662031885e-01,1.218518888670723638e-01,1.427811288643979493e-01,1.771177724940117548e-01,-1.849935868447179499e-01,2.459710730894307945e-02,-2.843050426471580017e-01,-1.447359849678918897e-01,-1.080353914931623388e-01,-1.547349392898831610e-01,-2.350977836916251784e-01,-2.811786386761807588e-01,1.707775032705982354e-01,-5.062762249752027488e-01,-3.211867028819722636e-01,-4.674253073298184069e-01,-4.425877043108995545e-01,-3.332417286402071244e-01,-5.098162243078409039e-01,-1.615479503836738662e-01,-2.330896630918076751e-01,3.229927822287967376e-01,3.955347806822075846e-02,1.421216487606692669e-01,-4.314521630624870707e-01,-3.762947615098911069e-01,2.137808463670593517e-01,-3.559188174061329868e-02,-5.422022247211876200e-01,-1.508815935456937762e-01,2.464935920857080076e-01,-2.787824009599814690e-01,-4.908917159649253126e-01,1.454425844603722540e-01,4.762249825794207525e-01,-9.232669566523192539e-02,-7.319030612272056646e-02,-3.223548228000435167e-01,1.942046071157648990e-01,-3.495499940970143715e-01,1.228777736284571154e-01,5.699834356855048023e-01,-3.380264365991337422e-02,-3.063042116135286652e-01,3.544198750434491840e-01,4.631588706805800371e-01,-2.341713962277899574e-01,-1.530195781768366459e-01,5.285517596923624550e-01,3.227822358940172776e-01,2.161432301317092464e-01,3.059717925348399634e-02,-3.314156345423913685e-01,4.540198696183738725e-01,2.010048269713791969e-01,-5.140220373212792682e-01,-1.809222698596132592e-02,5.319669947486757033e-01,-3.328735589561961916e-01,3.248453216558830903e-01,3.359683721252126332e-01,-3.250821455060027843e-01,-4.111226521989109761e-01,-2.610139358725803715e-01,4.454627324933965182e-01,1.409793914396399173e-01,3.353696624675079896e-01,2.512541926723335095e-01,2.208766008142479531e-01,3.175369529591334228e-01,9.955078469082714876e-02
2.041271973150872165e-01,2.375510792765041790e-01,3.236143862165219431e-01,3.360350994810341052e-01,3.427172548779395256e-01,2.211789118488491357e-01,2.923693234722228307e-01,1.000000000000000000e+00,2.153902304431836445e-01,-2.801430169476600285e-01,1.868711781385254955e-01,4.416844947574009028e-01,-2.130529520917722255e-02,-9.343399141433055000e-02,3.556270485386153757e-01,2.788059673313157405e-01,-1.508959050957382197e-01,5.083667825281380087e-02,4.380229665557877627e-01,8.087498446483441794e-02,5.461311427777453681e-02,4.312542708429646376e-01,1.469710746267010870e-01,2.809765384105551433e-01,4.051710565171756651e-01,7.213611598598421160e-02,2.719900723493416383e-01,-2.797730492059105623e-01,1.018600122707006422e-01,3.220005708751181306e-01,1.375610637349600207e-01,2.674791099913964229e-02,1.480183669245589695e-01,-9.618074297072899681e-02,5.385979780446752824e-02,1.598401446249561042e-01,3.347293010247728851e-02,8.185296514122870903e-03,1.989422966905483869e-01,1.133890592857762225e-01,-7.567675689541610018e-02,-1.340107867531369241e-02,-5.807507764960966046e-02,-7.781900840643077299e-02,2.270055661588420148e-02,-1.123179303346910074e-01,-1.627916434227489606e-01,-7.541386765729840569e-02,-1.600238808292310799e-01,-2.903981806860262416e-01,-2.420812394846665883e-01,-1.606817312079190929e-01,-2.138379617848019387e-01,-1.790644252292221683e-01,9.604462553011604634e-03,1.162620398567310726e-01,5.770203793739413917e-02,3.553060543375887170e-01,-3.663039711444888991e-02,7.834234642227461132e-02,-2.571946611101956770e-01,9.514707516134446319e-02,-2.752933770297513738e-01,-1.062960072738844686e-01,1.684397649539635666e-01,-2.425606174617029598e-01,2.778395617291261610e-01,-1.242292196480543204e-01,-3.573501304283142055e-01,-1.075155619393415724e-01,2.288034690074133848e-02,-2.339502755687444535e-01,-3.059240377306683412e-01,-1.701644509099118491e-02,-5.352488475316191652e-02,-3.148183827782089494e-01,-1.956288413920212466e-01,-1.118826122146074527e-02,-1.325357168326826984e-01,-7.357553473864622551e-02,1.023698727592545210e-01,3.631304706514806857e-01,4.528671986919336617e-02,3.416955479927256678e-01,2.193682688869292297e-01,-5.159120694190032219e-02,1.274143430392656040e-01,3.739118990419734168e-01,8.048143177648614532e-02,-7.974985635506962045e-02,2.730820541950466085e-01,3.273160725221453404e-01,-6.428023322138352869e-02,2.726499927604088009e-03,3.244332926885299395e-01,-2.752395936550638966e-01,-1.543994586800991053e-01,-4.070238126312095694e-01,-1.349482406030050874e-01,1.025014260114541775e-01,-2.548208072199713015e-01,-3.280070130171710563e-01,-3.271089346697360085e-03,-2.751471924000702396e-01,2.713092337642596941e-01,2.713419969180489999e-01,-2.753650130377703342e-01,-1.296890954407779184e-01,-3.791909322557885376e-01,-1.111245936750982627e-01,-2.088803398628513164e-01,1.260186354631512851e-01,-1.538484608253215258e-01,2.479095017625722341e-04,3.221829200117961450e-02,-6.710484535956827423e-02
8.431679864152828718e-02,1.647117827379534216e-01,1.949038313235317843e-01,1.356232939064989929e-01,2.538260971509337938e-01,2.077025736980553927e-01,3.581089484522144428e-02,2.153902304431836445e-01,1.000000000000000000e+00,-7.116941698956495699e-02,-4.611847658678189243e-01,5.001602866923439139e-01,7.290734543463153194e-01,-3.019021609879225521e-01,-2.055659454577129508e-01,7.903890783685656451e-01,3.663560361089622797e-01,-4.899871008581766496e-01,2.557885166939268817e-01,7.958494279395360582e-01,5.932480586807074019e-01,2.418081019415518063e-01,-4.305191877795440103e-01,-1.183431702558844084e-01,4.281723062905636312e-01,-5.686794993603191406e-01,5.800613595397716843e-02,-8.089366492547850340e-02,-3.270396045975847155e-02,6.865467838471976947e-01,2.704597662488540388e-01,2.566701090263803775e-01,4.062375243716472295e-01,3.678297497561996282e-02,4.981390888108185311e-01,2.769314048163880604e-01,-3.334914705815067437e-01,1.330423803574264270e-02,9.525727428557320686e-02,2.482890247934379790e-01,1.610064138801835243e-01,2.553571448205652628e-01,2.353666579760824995e-01,-9.204472638431120124e-02,6.418080023687004754e-02,-6.195499007208098152e-02,2.569362852517272002e-03,-5.611877526283982898e-02,-1.286045051628905422e-01,-1.062226716459665210e-01,-3.410123712631053516e-01,-2.664779142858579308e-01,-1.844199628107894839e-01,-2.651910467158575258e-01,-3.030379308723893939e-01,-2.194727541067086150e-03,-1.704401630135217172e-01,1.209643545262459735e-01,-7.266585155963906084e-02,6.473505599113755782e-01,5.005286568372505074e-02,3.795856380400036145e-01,-5.822612657381481815e-02,2.752119882443865295e-01,7.799250676491608081e-01,3.949414162289734409e-01,7.204021300092375291e-02,-8.066894267160219512e-01,-1.303896252689774327e-01,4.473481934915216618e-01,-4.321257440711104292e-01,-7.147821907419319443e-01,2.242350740379403518e-01,2.252557558170304730e-01,-7.230935593278797757e-01,-4.095372176966234901e-01,4.405498618261111110e-01,-2.646800283050529945e-01,-7.720464901536245872e-01,-3.692572482630618880e-01,-5.346935821722857973e-01,1.065924709901332340e-01,-4.494867392992831778e-01,-1.648677295418589372e-01,5.061342557391116381e-01,6.127758148818446271e-01,-1.422223966875963697e-01,6.131147627884247359e-02,6.830652770352950709e-01,3.458164256382051938e-01,-1.845560880160352357e-01,3.669193968803519112e-01,6.556960016329763663e-01,1.105075966769572260e-01,-1.765273199267819448e-01,-6.443152604092345914e-01,-8.077635346536562455e-01,-5.458489269251847187e-01,-3.413599417214716047e-01,7.314460987121874647e-01,9.179514353193660159e-02,-7.750492198117509002e-01,9.251075772007674725e-02,-5.699074718203839263e-02,6.747216926415128269e-02,5.859042188642722693e-02,-6.290699461859720898e-02,4.484925244781799436e-01,-6.796606084803480385e-01,-2.080036671460310516e-01,1.005987294368988483e-01,3.362473503234200134e-01,-1.806344647031293826e-01,2.589332100877614895e-01,6.005377474079856559e-02,-2.115080247379081541e-02
-1.565777652352026983e-01,-2.151085864314426777e-01,-1.948869964640363162e-01,-2.031103146601436760e-01,-2.629803459545302369e-01,-1.025361696789060251e-01,-3.236610428428856046e-01,-2.801430169476600285e-01,-7.116941698956495699e-02,1.000000000000000000e+00,-3.319713012814464181e-01,-2.009267203667966240e-01,8.594506074781010918e-02,-1.693194420529205158e-01,-3.245076773012393612e-01,-9.019973430648302315e-03,4.915965361743279693e-02,-2.910973948814605250e-01,-2.574797329794386025e-01,1.092571632347509453e-01,1.971953769558122682e-01,-2.931608539824377413e-01,-1.781148011684172416e-01,-3.816657176239558469e-01,-2.243755595197181041e-01,-2.217774310726485787e-01,-9.995590682531158011e-01,9.997617141431023313e-01,-1.043467728330901671e-02,-1.559294079290733936e-01,-1.869422696498943548e-01,-7.746513925246041599e-02,-2.440303397080287873e-01,-1.126023571477393270e-03,-9.619733505268641960e-02,-1.573069749712511511e-01,-9.126255134463487351e-02,-4.650766444452618387e-02,-1.172541956069485664e-01,-6.666463299301274292e-02,4.939761213187628119e-03,-5.200213987321265774e-02,-4.287961974821999367e-02,9.905010314672266225e-03,1.473694154018392009e-03,6.150222432083242430e-02,2.528603073808296520e-01,1.413767841787088031e-01,6.824086553975085290e-02,3.908165131026718475e-01,2.105646267370227809e-01,2.476200502652192159e-01,2.632066040522986761e-01,5.762274711068437333e-02,4.419668442959148041e-02,-4.700233868773486673e-02,8.848363741847605629e-03,-2.699145572124351800e-01,1.730455007294788572e-01,1.719979163814099321e-01,3.818124377534655167e-01,1.801538501183195251e-01,9.995748333795616558e-01,2.643710860784138084e-01,6.880334585034848793e-02,3.220796430794428122e-01,-9.999206473406623275e-01,-6.367679011100829678e-02,1.886497817845939617e-01,2.963334935223123079e-01,2.859098231151193867e-02,-2.480773173997510850e-02,2.774604800260153659e-01,2.252902050921115062e-01,-4.125037456975418765e-02,8.175476677086188082e-02,3.117373917570330777e-01,1.176023564200965876e-01,-8.809676938903628074e-02,-1.621014107509985147e-01,-1.650903511768749554e-01,-1.992751015928093117e-01,-8.781494098016460331e-03,-3.699527910406401054e-01,5.030703501641840131e-02,1.184209976998566588e-01,-3.076428818187829095e-01,-2.608637325027405862e-01,1.695096345544877536e-01,2.060216243124329133e-02,-3.943823323241956169e-01,-1.029515684412627974e-01,2.332997652831547419e-01,-1.466084495358088158e-01,-3.902672386898597967e-01,2.095384978962294698e-02,-4.847239027311827514e-02,2.961863036815199912e-01,-1.106604797441844701e-01,1.311190160897149869e-02,3.687735145312605600e-01,1.013602573851525024e-01,-1.492628469062876329e-01,9.995738488859862159e-01,-9.996135725829945473e-01,-9.992146603154364870e-01,9.998681934427993134e-01,3.162546034419986274e-01,2.298390967743272617e-01,-1.657618107966690180e-01,1.395809461961084186e-01,-2.374890407450191976e-01,-5.198378604979238607e-03,-1.369892862866808371e-02,-1.326677856111724008e-01,1.427949088645307819e-02
9.018464281522799164e-02,5.656414157078136495e-02,6.015220807660939806e-02,9.751100261851451678e-02,7.519252513064865473e-02,-2.886454507208651918e-02,3.926549421506564386e-01,1.868711781385254955e-01,-4.611847658678189243e-01,-3.319713012814464181e-01,1.000000000000000000e+00,4.535706835346060145e-02,-6.116043627046813258e-01,5.828207627932668888e-01,7.649434868380933228e-01,-4.672910086203725943e-01,-2.685930190484270286e-01,8.940505130767667508e-01,3.144485732836060921e-01,-6.377216609367893918e-01,-7.248113791030986741e-01,4.125775135413244366e-01,5.358121629831643640e-01,8.115222552401279987e-01,1.476857282557056394e-01,7.275590069480537547e-01,3.381357223446305738e-01,-3.232802191531337077e-01,-3.017135152356023586e-02,-1.239195976067745675e-01,2.532178771979955445e-01,-1.392683880542952835e-01,1.150824003547785274e-02,4.051142337121121928e-02,-2.367705075681788771e-02,-1.197570445067878790e-02,2.588540089545603995e-01,1.514463395498749088e-01,2.846104623742473638e-01,-2.553846868031882725e-02,-1.782748140960715641e-02,-1.345907322825987407e-01,-1.038712327941230806e-01,-4.750101191217392937e-02,-2.958845057597079414e-02,-6.918412182329272686e-02,-1.981563693463478659e-01,-9.287982835041733165e-02,-5.103472231259403857e-02,-4.016037945605972492e-01,-4.092897888841180026e-02,-2.396679660406478840e-01,-2.166582430164238071e-01,-2.607774795409018367e-03,1.532353027584815522e-02,7.497674258976574913e-02,-4.841971194562987024e-02,2.904629230731231582e-01,-3.210798073197118629e-01,-6.646486328302263491e-01,-7.829079477325974201e-01,-6.138659612457199044e-01,-3.465888562645366711e-01,-8.095799771929074184e-01,-6.451876761569724783e-01,-8.746480723990442963e-01,3.260862098036217960e-01,6.278646789350187385e-01,-2.228856126801790905e-01,-9.167229001701412416e-01,1.246288089011160505e-01,5.424259180661314961e-01,-6.436504858685122565e-01,-6.738968734445546227e-01,4.882545582139669049e-01,1.679255753574416532e-01,-9.056158452086597865e-01,-1.670422412713203075e-01,6.757805087513417686e-01,6.524720970352930749e-01,5.815717152658055333e-01,3.154617150141303950e-01,2.278314308960465162e-01,7.570168072604083198e-01,-4.583625367896250191e-01,-5.437781065715869833e-01,7.373755297504356321e-01,4.139744955295598938e-01,-7.643867168567466397e-01,-1.593040327504250953e-01,8.892774499824589451e-01,-9.769905278560755968e-02,-8.210086293637699484e-01,3.053737453154235504e-01,8.498990670331894037e-01,4.090282565006013726e-01,5.933323385276981776e-01,-2.790933720007857666e-01,5.164513119232760907e-01,-4.046588960540142832e-01,-8.342802312216204275e-01,2.853708224535137505e-01,3.418907964158616752e-01,-3.475339421733829592e-01,3.227544541707533798e-01,3.426174966716048487e-01,-3.345016559277403934e-01,-9.301832859978633739e-01,-5.038024275359016813e-02,4.645397127287971273e-01,-3.031025616330434991e-01,1.014646718316923463e-01,2.265892428935900038e-01,-1.464117725160676842e-01,2.464743654922636751e-01,1.272919390525885201e-02
1.469161940454350168e-01,1.517438587142829476e-01,2.279187461819999760e-01,2.043916086360555717e-01,1.296829966568661952e-01,2.183013338202738005e-02,-8.841454120590563903e-02,4.416844947574009028e-01,5.001602866923439139e-01,-2.009267203667966240e-01,4.535706835346060145e-02,1.000000000000000000e+00,1.731171322933593160e-02,-5.742838873636915142e-01,5.818826434843907824e-01,7.688459473216179285e-01,-4.404250586294464198e-01,-2.692199258932893580e-01,9.074071560156815597e-01,3.077651531760680625e-01,4.448940291499618449e-01,8.105677143957285002e-01,3.107531431786955678e-01,3.321670944934875802e-01,8.872462521309489869e-01,3.298025597841103274e-02,1.795178071814174381e-01,-2.014049234449298564e-01,-5.272073156212021133e-02,6.631044472101861320e-01,-3.474352034361104929e-02,-4.596964574537604209e-02,9.232637929349755967e-02,6.082033703046126755e-02,3.588237054769553014e-01,8.623582094405791640e-03,-1.646485220070384448e-01,1.788458862621829237e-01,1.817497700951810069e-01,1.405099375610580348e-01,1.114601256892318870e-01,1.168233988223325581e-01,-9.493330515770793954e-02,-3.724539211821353835e-01,-1.985991288787442299e-01,-2.714809795225459621e-01,-4.445477631305647104e-01,-3.008423051879595134e-01,-4.138575747137395733e-01,-4.614688149021409225e-01,-3.970651835761825343e-01,-1.705978126299516895e-01,-3.914353278944517900e-01,-9.653117283290534034e-02,3.484359867281471707e-02,3.715755497582905464e-01,3.182976775856373730e-01,5.710586653581339878e-01,3.320139447706580427e-01,5.504798728776327810e-01,-2.309970800358470133e-01,5.222165477621256713e-01,-1.851974200676506921e-01,1.499634100259247538e-01,5.599175895458935459e-01,-2.764826651936814206e-01,1.968431758383410168e-01,-3.958564342315920581e-01,-8.440044590357363985e-01,1.200725005234681703e-01,2.312787263591731535e-01,-7.229061730220861515e-01,-5.788238513212468073e-01,3.584825636693981243e-01,-1.136286403041257276e-01,-8.791584942105770129e-01,-1.632613012453986434e-01,2.625425688260643597e-01,-4.798227374438903126e-01,-5.098148187820931154e-01,2.324449448041689126e-01,8.256788919702957585e-01,2.464550923469366883e-01,5.371644045485273189e-01,7.613722039697240485e-01,-9.691547964866498166e-02,-1.552274007101068221e-01,8.020105255465758143e-01,4.861356719586877317e-01,-3.628728112519254423e-01,2.133087854597135458e-01,8.864699207991615371e-01,6.188287007835318460e-02,-3.466751709592457709e-01,4.220718923392867694e-01,-8.151072457785784042e-01,-4.374575545651682718e-01,-6.770967024093128561e-01,-6.265818498587650831e-01,1.548849336426594836e-01,-1.609228734781419645e-01,-7.664396219605202898e-01,-3.491465380988774680e-01,-1.846006382946080437e-01,1.807482242665335026e-01,1.736683079192984092e-01,-1.902321882912961226e-01,5.477903016634793482e-02,-6.974502290178071773e-01,-5.362591870981646691e-01,-5.632221669191206370e-01,1.825066137456503659e-02,-5.143710716585107035e-01,-2.283314044005509968e-01,-1.376825069288503678e-01,-2.877037691498564032e-01
9.616788673803290319e-03,1.007227124561547310e-01,7.322549495141150722e-02,2.498219498737951766e-02,1.962079216016667516e-01,2.096923611081237537e-01,1.053378035597151013e-01,-2.130529520917722255e-02,7.290734543463153194e-01,8.594506074781010918e-02,-6.116043627046813258e-01,1.731171322933593160e-02,1.000000000000000000e+00,-8.492496427718657787e-03,-6.428578811754231959e-01,5.729639855727924891e-01,8.004945456643233204e-01,-4.638916762273637140e-01,-2.257047144112118431e-01,8.884015101099301814e-01,5.258925136096402886e-01,-1.910128169339074811e-01,-7.916434323937723283e-01,-3.752514858646558982e-01,9.038343294048175464e-03,-8.124423394312629831e-01,-9.011973345293250448e-02,7.173404301557055607e-02,-4.278509138341388823e-02,5.227559525748693980e-01,4.474798585776628146e-01,3.527518183505158889e-01,4.429895010254175647e-01,4.183754923407936172e-02,3.783046288117002942e-01,2.869207377476187260e-01,-3.602350624555836767e-01,-1.345058225469856483e-01,-7.523508861721227292e-02,1.800046694517137003e-01,8.676410407264448232e-02,1.631603398054829734e-01,3.314890104778993041e-01,1.854092317366888842e-01,2.593003951648909511e-01,1.825056623762969787e-01,3.146285684941757532e-01,1.746504105049545841e-01,1.681067646386104619e-01,1.528363832005167067e-01,-1.282741188695502021e-01,-1.933651708641056788e-01,-1.035537018242105485e-02,-2.248380366279429388e-01,-3.715028641224240036e-01,-2.883551493259149945e-01,-4.124257429478476178e-01,-1.266482206755649431e-01,-3.374884302704571626e-01,5.174631050026503587e-01,2.105490326485393027e-01,1.757479603560908044e-01,9.207199968788998268e-02,2.223603986498862983e-01,6.899516749821956729e-01,7.148559460638352903e-01,-8.240978866741607844e-02,-8.492796769886812314e-01,3.867141978204781116e-01,5.064495795119934307e-01,-7.805670081288939022e-01,-4.951852289115563632e-01,6.941291893662964174e-01,3.427419077322571561e-02,-9.385943530074660757e-01,3.238670752726326152e-02,6.997380830087747139e-01,-5.745741253496948753e-01,-7.443219027013934230e-01,-1.404646374337644443e-01,-9.032296440790831271e-01,-3.957137359167678392e-01,-8.192536441052108431e-01,-5.843832913821623842e-01,1.654732404709517990e-01,9.314382058241927886e-01,-4.576063771664352214e-02,-4.592231955639572427e-01,6.011333101717679650e-01,7.546233298106431731e-01,-3.646049880102231189e-01,-1.042852740495388980e-01,8.613630630757677098e-01,4.287290073746145569e-01,-5.077967602885530285e-01,-3.334543390607221935e-01,-8.308015638711282458e-01,-3.248133186155264251e-01,-2.747136159342141587e-02,9.184941562325731335e-01,2.069484289965944912e-01,-5.623071791605309677e-01,3.929637539707626637e-01,9.386115868477906687e-02,-7.879973836653371422e-02,-8.442932278579413918e-02,9.075081053462770442e-02,5.590305480536996718e-01,-5.012134492217117376e-01,8.570641724546022855e-02,5.394598830923260646e-01,4.609281203516112368e-01,1.299861271911317562e-01,5.214827928085911113e-01,2.003911368186981068e-01,1.731582778164978131e-01
