1.000000000000000000e+00,3.380249236360355902e-01,5.013946760654229839e-01,2.280865514576500830e-01,3.206952136959616007e-01,3.480550792501005963e-01,1.538894058449174346e-02,3.771864527314624377e-02,-1.376058576570459990e-01,1.334252244397382825e-01,-2.326106240772724820e-01,9.817723605781436547e-02,-1.101811756941186438e-01,-3.349527508341201831e-02,1.735438932585796623e-01,-1.440297884478697887e-01,-2.212768485740653490e-01,-1.583748145951427155e-01,-7.622501042091948953e-02,-1.440856526663744364e-01,-3.608804553910626156e-01,-2.529411442239544727e-01,-1.459019796607706199e-01,-3.038116032333352812e-01,-1.783857317085580096e-01,-3.266943640424959522e-02,9.337698808758598465e-03,-3.328163655072646776e-02,7.876628404662754102e-02,1.568653665514837814e-01,2.553075756451936851e-01,2.389503291203162738e-01,2.496800687692891096e-01,2.766818081497706139e-01,1.997694910327427742e-01,1.416437475851473615e-01,-1.953054927393191587e-01,4.434824299348445742e-02,-3.018167952329802242e-02,-1.089995850320020776e-01,-1.430091490093083340e-01,-2.573170011207028818e-01,-1.902431562557859723e-01,-1.912383222994361309e-01,-2.676019670982832110e-01,-1.577493642302345567e-01,6.241863793265006038e-02,-1.070926718226942465e-01,4.615687099093108287e-02,-7.643697771923693707e-02,-1.086612098711148416e-01,5.694147151628829728e-02,8.946516653398496610e-02,9.410122982342229714e-02,1.058676127238341175e-01,1.484566653614423914e-01,1.920776471630565863e-01,1.233088782786062321e-01,1.883415148906208980e-01,1.206978772188694593e-01,-2.287264757288459335e-02,1.029044330587419731e-01,1.455717781094791607e-01,5.785496366115851913e-02,-1.099315362851449075e-02,9.067221899873094404e-02,8.445624974405645247e-02,4.424748812522455443e-02,1.865468227884135508e-02,-2.892475816730223637e-02,5.239712571389998352e-02,6.839477438443512802e-02,-2.923415112487936021e-02,-1.036670384251234533e-01,-5.908723567442959214e-03,6.265386930699151646e-02,-5.372600631065137938e-02,-1.189446997513508714e-01,1.185234163856042390e-02,3.901467423770630522e-02,-7.542836517891714221e-02,-9.716733413941877617e-02,-4.427814128512899683e-02,1.340714863532397640e-02,1.931317091440298839e-02,-2.981853672994214197e-03,9.652205979051112217e-02,2.688241963520339797e-02,2.354001964960323462e-02,8.478527196983329239e-02,-4.394066962923583869e-02,-4.294875167537930659e-03,1.560697575454826971e-02,-1.275539838430757855e-01,8.526217746035992529e-03,-8.457734476356200404e-02,-9.305736563233288350e-02,-2.851812445615504142e-03,-1.383080371650713125e-01,-1.122281129633325054e-04,1.041700559727294223e-01,2.286701449003343892e-02,4.486875574180831938e-02,5.832641904769601642e-03,-2.453933802119234731e-02,-2.806710714982824702e-03,-7.765884369940743992e-02,-4.314574872132599702e-04,-3.433474711197516405e-02,-3.417593942554891795e-02,-1.015512458952640279e-01,-8.885827709248987627e-02,1.962386757393879810e-03,-1.176063342639044190e-01,3.944100049320439089e-02,9.873146224062381848e-02,1.015492480154600169e-01,-2.028375032731458485e-02,2.200512416191745257e-01,1.669712583409813100e-01,6.935995434453660902e-02,1.319698146211412404e-01,-1.417755795618598769e-01,1.466739164982857821e-02,-2.027665660849056750e-01,-1.034184332239284354e-01,-9.908194432998599158e-03,-3.195209689474961534e-01,-1.067997644846175181e-01,-1.162278198386392236e-01,1.558769783396816433e-01,2.408966793788865635e-01,1.637889235667427945e-01,2.238744774642640600e-01,2.000179234877145495e-01,1.320802300235603688e-01,2.062000625899643169e-01,7.980114613919676858e-02,1.114094724785410911e-01
3.380249236360355902e-01,1.000000000000000000e+00,2.896618308788188600e-01,2.713491885299540995e-01,2.684909944650110125e-01,3.409509365625809085e-01,2.729551833252459939e-02,6.838001826010356443e-02,-1.189946793071402220e-01,6.400098498085486642e-02,-1.255717627571583672e-01,7.468903333875989703e-02,-7.359779945068251408e-03,3.331109612597051711e-02,8.144831446722490542e-02,-1.351383358398790778e-02,-7.059418217780241700e-02,-3.935458524372671338e-03,-2.132237196775280466e-02,-8.208211773157202129e-02,-1.701992591709129143e-01,-1.946676472553749149e-01,-8.218580056715117654e-02,-1.797672122193907096e-01,-1.764659822645340825e-01,-4.786236295455609246e-02,-1.453694583770792463e-02,-6.905471091021994634e-02,-4.772923551042683801e-03,3.109331254643134257e-02,1.728029683491150159e-01,1.300343674204951505e-01,1.274554962299974670e-01,6.116639197795570304e-02,1.294654055760451894e-01,9.059310101008673233e-02,-5.295351327191611529e-02,1.784958354915652107e-02,2.444804858887855703e-02,-5.573502854354447922e-02,-6.859392022981642377e-03,-8.337484049394706942e-02,-5.493675430602668053e-02,-8.410595172143282838e-02,-1.398651020133843403e-01,4.169268965018554061e-03,8.036516964146843411e-02,1.683693058375031193e-02,7.801386121440509469e-02,-3.835292467818792405e-04,-1.546340860656224628e-02,-1.605672294848481743e-02,7.749101943718389451e-02,7.627916289403832706e-02,1.983758046249180229e-02,1.470079755762005169e-01,9.486318188756684422e-02,1.136505640560692976e-01,1.356900066157029905e-01,1.068391381207310920e-01,-8.683910666212302232e-02,5.842423618184025037e-03,1.133677169709048638e-01,5.022704881690714246e-02,-1.498400119692952503e-02,4.409062736082651479e-02,1.236219029269840231e-02,-3.768671915053887350e-02,-4.963647969814290184e-02,-5.202748776092541022e-02,-3.167684308076818001e-02,-5.176833219895664653e-03,-3.921427087799601169e-02,-3.231380398373208396e-03,7.751166021157836206e-03,-4.802171837907457004e-03,2.913197698548571773e-02,-2.585685423480650960e-02,-5.106621611088331403e-02,5.373208550559283037e-03,5.886621839406202400e-03,-9.045038971061059724e-03,-1.241420499223991683e-02,9.888868465182618431e-03,-3.990318485450588398e-02,5.403993602027085813e-02,7.766673849581404165e-02,5.363159657525186363e-02,2.351621811821132373e-03,4.020193310919194934e-02,-4.732279277092581171e-02,1.108753444681553207e-02,5.866686820603287528e-02,-2.380952236054130824e-02,-5.423384445453666852e-03,1.323339620730661949e-02,-2.853501692089681699e-02,-1.021306814928377715e-01,-1.079318895906750536e-01,-1.459078158763064959e-01,-2.682281130514969220e-02,-8.018271911550026165e-02,-1.096011219856714014e-01,-6.677275453185974041e-02,-4.248119368251385836e-02,2.842641462839452793e-02,-1.269593839334530287e-02,6.241420901539963123e-02,9.933755675179260433e-03,5.004800250029358549e-02,2.968061261369667886e-02,-1.875024769224131532e-03,1.243280485435992316e-01,1.605650125042639223e-02,5.423944620081623536e-02,6.749588636425774002e-02,2.529473092170639661e-02,5.829268286460091188e-03,1.038991882137863393e-01,4.421582381410358448e-02,4.342564568545987345e-03,3.565288409001282632e-02,-1.062615204576210504e-01,-4.073991144040124690e-02,-1.587023589724377293e-01,-8.045648986475729958e-02,-5.951600329946093310e-02,-1.901210963630047823e-01,-7.577816706734510910e-02,-4.634775209062313300e-02,7.258240056552310582e-02,8.424004190682618520e-02,4.872261918784331902e-02,3.112911082642872904e-02,7.214362846737915058e-02,-3.400657126016389670e-02,7.385264212079023505e-02,9.012108125711282974e-03,-4.217055295267900517e-02
5.013946760654229839e-01,2.896618308788188600e-01,1.000000000000000000e+00,3.441248298125881844e-01,3.910316640126983989e-01,4.972118848749080833e-01,1.045691184480871810e-01,1.035687673590811320e-01,-1.611423854933555222e-01,1.962656200964307263e-01,-1.980696918160345377e-01,1.064332259468813990e-01,-1.565192032960929791e-01,-3.348354756831765228e-02,1.571369710825839539e-01,-1.573464121926219095e-01,-2.424546272185084672e-01,-1.610097097529879784e-01,-5.237226160262348218e-02,-1.501205184899149780e-01,-3.622433091614148393e-01,-2.616534047007319508e-01,-1.618054833963719075e-01,-3.215045474631617051e-01,-2.316885424567266261e-01,-1.053774755893293752e-01,-7.000409291643819309e-03,-1.026601970007779002e-01,-1.759074743111839381e-04,1.323981184374757036e-01,2.576982638996533348e-01,2.978200606713339305e-01,2.338539586290496186e-01,2.954990618453782192e-01,2.783695871670578970e-01,2.312097503361159878e-01,-1.599756957454057105e-01,1.368360808669904227e-01,5.482033772802257648e-02,-7.470999787999380026e-02,-9.412694989165139303e-02,-2.921545341410295427e-01,-2.182392843147901162e-01,-2.320132399620311037e-01,-2.449052516329514317e-01,-1.717421623465139324e-01,5.153998818972577167e-02,-1.389209735259212264e-01,5.133607712339546131e-02,-1.050713874512958224e-01,-1.121420820045716388e-01,7.077234290941793182e-02,1.060583455265982494e-01,1.217744506055462306e-01,1.543872747518666988e-01,1.426525512487856473e-01,2.320713003583669554e-01,1.220665233283367290e-01,2.195568714336052218e-01,1.719992142626991516e-01,-4.670736594552366526e-03,1.503761072747547278e-01,1.805899875941789912e-01,6.053317363874988893e-02,-2.656758327049594040e-02,9.689696797750652069e-02,6.318230629170855372e-02,3.438314583369566496e-02,-1.062433653527628495e-02,-2.217417924897851014e-02,6.833010998550613502e-02,3.003785236615413856e-02,-6.703249316526169177e-02,-1.724664382188153267e-01,-5.501165507286018275e-02,4.556878932480799144e-02,2.301078892699971040e-02,-1.251326914595417006e-01,-5.863522262332474672e-02,6.681424405644979803e-02,-6.415886567259582174e-03,-7.794772952978426539e-02,-6.761137680900645985e-02,-4.166048507931367079e-02,5.317928826385253521e-02,5.729997421626242815e-02,9.254670932870662226e-02,-1.515885373436666114e-02,7.622783737118660197e-02,1.119980374543033119e-01,-2.031376376006451337e-03,3.444978476258914873e-02,-2.040207907734573403e-02,-7.577063507717801683e-02,2.617979187763508700e-02,-7.687743436196911584e-02,-7.410003941549005158e-02,2.351581929179589331e-02,-1.054262500903309779e-01,-1.336789468127003687e-02,3.575245983074761685e-02,-3.335162043887811376e-03,4.150339555703504851e-02,5.415439233927912821e-02,-1.622526764373882421e-02,-6.997036484740430662e-02,-1.612455750660370668e-01,-5.446690041550222156e-02,-1.033089819420772992e-01,-7.338212520219160317e-02,-1.300677880596154967e-01,-8.700574221341113301e-02,4.700777688519266334e-02,-9.459169888153928785e-02,5.334933761729673818e-02,7.753102566769913551e-02,1.309530680476100606e-01,-7.567674862522941193e-02,1.640274559851920277e-01,1.370326772433636542e-01,2.980123826294078793e-02,1.489716131333910787e-01,-1.986465469615634194e-01,-3.041346458799444250e-02,-2.539975849434375488e-01,-1.784437889056658677e-01,-5.135416016946241918e-02,-3.409652526693938146e-01,-1.556953546789289211e-01,-1.339432491397075098e-01,1.669743660708013222e-01,2.361371706258866554e-01,2.081924913832416957e-01,2.840085069510290827e-01,2.864317432626929394e-01,1.967477816867703733e-01,2.459165731232377528e-01,1.416915609761767447e-01,1.604562377777032645e-01
2.280865514576500830e-01,2.713491885299540995e-01,3.441248298125881844e-01,1.000000000000000000e+00,3.009624144530637091e-01,5.417978890546627513e-01,2.987902253577716660e-01,2.966801143308790967e-01,-1.723554138666390234e-01,-7.997217218600183308e-02,-1.627450897907034011e-01,8.480387346219601941e-02,-2.459688457698587238e-01,1.174108882454086983e-02,-7.188638649056740444e-03,9.988679965432503693e-02,4.065904808700402523e-02,1.258784599956397632e-01,2.365273115406581195e-01,-5.284133100716517650e-02,-2.064093118847589170e-01,-2.708799110341941763e-01,-1.385396883691595096e-02,-2.517511855356452388e-01,-3.326801330325057093e-01,-2.948911871143565233e-01,-2.005565875986049518e-01,-2.719798132802965229e-01,-1.993679477068198702e-01,-1.367895330383532559e-01,1.099166191616930827e-01,1.394170343417924784e-01,5.985905330344238467e-02,1.041316972735915058e-01,2.966995817101616972e-01,3.409946182973670470e-01,1.790649528835254745e-01,2.491035315339228673e-01,3.241132257368841696e-01,1.688802273286011679e-01,2.295311432799894968e-01,-8.195229255099477361e-02,1.300542165609438749e-01,-1.333903112805303881e-01,-2.060808304509966493e-01,1.276155633391683752e-01,2.770782707457394300e-01,1.448501432225549890e-01,2.345717551254299649e-01,1.366295737290552370e-01,6.561288942076964892e-02,5.232446525197655129e-02,1.210072083137491150e-01,6.396387442578586879e-02,9.626567372771989428e-02,1.383212539642117711e-01,1.975072118365293894e-01,1.522017874404847648e-01,1.168742758222185568e-01,2.184827216156490781e-01,-2.103309122755934318e-02,-2.693030808997270639e-02,6.136689268473027870e-02,3.865344634853300904e-02,2.774830214205091863e-02,1.109017674563963184e-03,-4.352216176202641784e-02,2.132916897506843910e-03,3.056449817376806141e-02,4.703103036223742900e-02,5.969890331426215557e-02,-4.676027093411703854e-03,-1.215394937261585380e-02,-9.229692279577246528e-02,3.503469704132280288e-02,-4.532145297926752398e-04,-1.589073160244211871e-02,-2.065886384469564283e-02,-5.373377061871393787e-03,-1.036638085063462450e-03,-5.354513014405884452e-03,-8.976906891921547504e-02,-8.722787243247287492e-02,-5.632432352418935417e-02,-1.381695649453771289e-02,5.812402415376608650e-02,2.597349358166619812e-02,-6.831913654010665637e-02,-4.205693899461985380e-02,3.778877524437838920e-02,-7.765107235339460678e-02,-8.477970867617205114e-03,3.050451518780856672e-02,-8.942178949416740297e-02,-7.013863695909974827e-02,-8.175599268992020385e-02,-6.900575190750182775e-02,-1.003932516433621996e-01,-5.313464053612473176e-02,-9.757315219735760762e-06,1.264162007625052944e-02,5.369810843696337654e-02,5.706848674199242744e-02,3.494202170438272942e-02,-4.077174074979423093e-03,4.471054265425264407e-02,-6.182493519376406482e-02,1.019238468921731568e-02,1.619779937136239800e-02,6.304142492342490120e-03,-3.387675976632755631e-02,-1.002216786074362903e-01,5.479549930982646061e-02,-2.731785485393276383e-02,-1.278307305121471615e-01,2.206224780327191784e-02,-2.798387072282306279e-02,-2.135781446757390456e-01,5.043846521479292827e-02,-1.354690756038265942e-01,-1.937751454537897100e-01,-1.200330388673356008e-01,-3.936904755550434953e-01,-3.773083338002694020e-01,-3.519698630473191980e-01,-3.942724617443826296e-01,-2.923803933322950965e-01,-3.413050049879196579e-01,-3.113991270101452158e-01,-5.983301567460137110e-02,2.207589605694223744e-01,1.031370608405226402e-01,1.184838950123338758e-01,-5.884576983704711134e-02,2.298016703107451653e-01,-5.337432035937455729e-03,2.472667748056488757e-01,9.998774676871312328e-02,-7.572705163695939157e-02
3.206952136959616007e-01,2.684909944650110125e-01,3.910316640126983989e-01,3.009624144530637091e-01,1.000000000000000000e+00,3.739415382934514476e-01,-2.949850265387855552e-01,1.120814453395540811e-01,-2.680388756277998774e-01,-6.126195413681780749e-02,-2.896050043184209000e-01,-2.798107620013675495e-02,-1.613409537241174418e-01,-1.775335617270897004e-01,-1.631182128003393766e-02,-3.136479069062108049e-01,-2.412104479694210657e-01,-2.962424405954017792e-01,-3.915822456895767106e-02,2.681432574004500094e-02,-2.592717671013430869e-01,-1.198619073461975881e-01,7.027139672286018476e-03,-1.855422813633359203e-01,-1.343422309395278513e-01,-7.595081098143746656e-02,1.336246467347161626e-02,-3.857415268946814968e-02,1.851498821940892811e-02,1.470634422208876024e-01,2.465448848832703932e-01,1.924013507354311592e-01,2.886243714403245453e-01,2.162931754323223765e-01,2.625722049804747327e-01,1.276989179643054084e-01,-2.344056715664014079e-01,1.634095223235549621e-01,-5.761209111826083584e-02,-3.311204838377460047e-02,-1.271025184036826960e-01,-2.180052614342114781e-01,-2.546594839370671659e-01,-3.189695202467679458e-01,-2.215097872849009497e-01,-2.139458589008196576e-01,-9.828809534312416343e-03,-6.948692841746427484e-02,3.257582053759181667e-02,-1.372695386791696059e-01,-8.556543821973115749e-02,3.519844225413542443e-02,5.437121585928808565e-02,1.207068596017452644e-01,1.316573156486452179e-01,1.574348895256533765e-01,2.033886909323424641e-01,1.675351185168995338e-01,2.474536843643888318e-01,1.889373917262049951e-01,-2.379060830574709559e-02,1.240165457834557644e-01,1.954512404047125396e-01,7.162729996132795318e-02,5.652236636442813100e-02,9.721709290870915454e-02,3.374453512861717852e-02,2.506903996811022067e-04,8.225093520104527489e-02,-5.957843255859860201e-03,1.652907253687482814e-02,9.100945199148016695e-03,8.914574382610075329e-03,-9.025520590507260521e-02,-4.821045567886027283e-02,8.870954506502289061e-02,-1.337856097871197372e-02,-1.674593564086689634e-01,-1.805732077205773889e-02,8.513979284444159190e-02,-3.262893226410434888e-02,-2.205960085391859768e-02,-5.257111721444978486e-02,-6.591247428122809504e-02,-5.693743863800625887e-02,-1.255862520820217633e-03,1.081768620064947201e-01,-7.478549415635532549e-02,-4.440395842650109864e-02,7.719206685780777288e-02,-5.983592651521996153e-02,-7.409062030318734615e-03,-6.236146050351683984e-02,-1.056278439171479261e-01,-6.736097993151048124e-02,-8.445475282615055868e-02,-1.445156755493219314e-01,-3.288886611084568257e-02,-1.318725781855401014e-01,-7.690744319759565406e-02,-3.406299722143260340e-03,-6.033912476771375460e-02,4.356068764630158241e-02,4.245056587846841173e-02,3.132141153666692657e-02,-2.897685672153175324e-02,-8.535551631837738629e-02,3.045051598191497386e-02,-1.825959163173580466e-02,-1.064294333777089478e-02,-1.066989635154907134e-01,-1.282449306948647838e-01,1.221150980494932758e-01,-1.043290909613997092e-01,7.591877585181350252e-02,8.862500954415018783e-02,1.766012097964120009e-01,-3.440652200273545242e-04,7.517514511637107821e-02,3.002095915230266754e-01,4.191601507201244553e-02,2.218100435941108561e-01,-8.072838831239528834e-02,1.350723033387789540e-01,-6.342282918597257069e-02,-3.515090579976846985e-02,1.786240942930394648e-01,-1.224610458920692840e-01,7.661065131859520760e-02,4.004854433178432760e-02,1.112595342126524167e-01,1.308980957750992824e-01,2.669708266675325792e-01,2.325047564598743677e-01,2.755367512217196668e-01,3.141557097821078282e-01,2.553234249336934769e-01,2.487430988391545472e-01,2.085402381079840550e-01
3.480550792501005963e-01,3.409509365625809085e-01,4.972118848749080833e-01,5.417978890546627513e-01,3.739415382934514476e-01,1.000000000000000000e+00,3.075170735502130159e-01,2.625860540981034830e-01,-1.047166558153760918e-01,1.640028025385537602e-01,-1.556591799563422918e-01,2.040312510679908875e-01,-1.620224089471504203e-01,1.092238314699675028e-01,1.479965436685279079e-01,3.945689273071719544e-02,-3.332601713588040360e-02,8.652839092439970625e-02,1.176699826858676606e-01,-1.450697259161702335e-01,-2.501422331362960216e-01,-2.647635115483611412e-01,-2.249072064551727729e-02,-2.602742021725965582e-01,-3.332401347381656609e-01,-2.619560483615597790e-01,-1.762170339524411489e-01,-2.392720625344883223e-01,-1.586526153073468115e-01,-6.860383707996464686e-02,1.677299755504960965e-01,1.782630881721668226e-01,7.903296883541791051e-02,1.701140092338535303e-01,3.072779859298398475e-01,3.453107299872510416e-01,1.106286912392963201e-01,1.846466599505695583e-01,2.925306655978299197e-01,5.461832565115695010e-02,1.421957319823738963e-01,-1.569454395176115014e-01,-3.692334089892098520e-02,-1.320296533536545747e-01,-2.214786902396823354e-01,-2.626884368147735030e-02,1.393057669023374245e-01,-3.260191521210653587e-02,1.294969125770651930e-01,-2.186607037805398182e-02,-4.161182295498794953e-02,9.790903195583607055e-02,1.235140851523066075e-01,1.074203302051547487e-01,1.493497366394576087e-01,1.713590638730450033e-01,2.072525397441813133e-01,1.778423140672909519e-01,1.936727129887741705e-01,1.867673403279163369e-01,-6.204875415869907235e-02,6.877367889208631235e-02,1.239428353987565568e-01,1.622594661813528752e-02,4.518910566730519399e-03,3.488576581772254159e-02,-1.702568702076198703e-02,5.280712650448272406e-03,1.592710883021894452e-02,3.786991900630490293e-03,4.338972822068887236e-02,1.802237532834366496e-02,-1.730941981225731256e-03,-1.663795334992931030e-01,1.386208980131764003e-02,5.029929025212278443e-02,3.116013674682963433e-02,-5.350877268237261980e-02,-3.950433272809999140e-03,5.721167626238553294e-02,1.700977596547289042e-02,-5.594362574633711394e-02,-4.816799190496713623e-02,2.093350523789735008e-03,2.442941158187119516e-02,4.854902287590347892e-02,7.821657942628547355e-02,-1.517148846383838123e-02,-1.818899461233736137e-02,6.226655912383927821e-02,-9.257087311151404596e-02,-2.380323838221217597e-02,4.486718293552845876e-02,-7.818085973819703660e-02,-6.672192311033360058e-03,-5.728118073872576904e-02,-2.633369238889100503e-02,-7.432422246120538867e-02,-7.797609443345844549e-02,-4.180374510342647204e-03,1.253687534216137850e-02,2.291227049606380049e-03,6.472792604466526094e-03,4.038732761388193204e-02,-3.050411135934284756e-02,-2.212362180673707948e-02,-1.087504617216889513e-01,1.882915913280071123e-03,-2.804481887728930284e-02,-5.064571077448416087e-02,-9.369073471982244938e-02,-1.180739227236902306e-01,1.743589696797970962e-02,-9.061001524892099701e-02,-6.221363373426554849e-02,2.875168900218993615e-02,-2.640402228140032240e-02,-1.607158852862960452e-01,1.123150821295515189e-01,-6.359234403077276832e-02,-8.096859651055494933e-02,-4.746469720121380270e-02,-3.242588835752581722e-01,-2.727674261922163890e-01,-4.061236717312628475e-01,-3.605621757949856176e-01,-2.615103064635890817e-01,-4.211213328413203616e-01,-3.239008699886027909e-01,-1.340384939167780232e-01,1.513373311856553438e-01,1.496519194522946961e-01,1.399661724785517258e-01,9.396970687215461249e-02,1.989214864339302058e-01,1.458235214985732428e-02,2.830600525510139076e-01,6.446810771349165137e-02,-2.660369528195105637e-02
1.538894058449174346e-02,2.729551833252459939e-02,1.045691184480871810e-01,2.987902253577716660e-01,-2.949850265387855552e-01,3.075170735502130159e-01,1.000000000000000000e+00,2.692690032292120450e-01,2.912480689858989447e-01,2.017745077828236866e-01,2.431783271931027557e-01,3.007477660118079155e-01,-4.608630885560893037e-02,3.437472732367261585e-01,1.516619478648852104e-01,3.606947787421003748e-01,1.786670952421476888e-01,4.296184053322806840e-01,1.832135015594628935e-01,-1.754545682634939541e-01,1.906491324200447479e-03,-1.722038668118014981e-01,-2.195173030223221758e-02,-6.748495361370243639e-02,-1.668709310478028451e-01,-1.973256536107661496e-01,-2.431657665174242478e-01,-2.051601712507693243e-01,-1.694388981597145794e-01,-2.259821760049185446e-01,-1.070298207387920530e-01,-5.044953807943363712e-03,-2.814825071894180297e-01,-9.792865988217715201e-02,7.719490604114680188e-02,2.932431841867617073e-01,4.315076728395910166e-01,8.238016247982435369e-02,4.661244342894083070e-01,1.451531894301037739e-01,3.566673124347786161e-01,6.901293451262051348e-02,2.101654759587334442e-01,1.837457230000193731e-01,2.853297617874774213e-03,2.615421947793139523e-01,2.043938205053060231e-01,2.334437981550099850e-02,6.889072118984133908e-02,1.164737620448202116e-01,9.354351001560108278e-03,4.553704842986476542e-02,8.339496662567730256e-02,-1.812472868628719688e-02,9.907689130329781768e-02,2.986516258640350280e-02,5.026712679307764053e-02,5.124193426962548453e-02,-3.003399578170649550e-02,5.210772856711846923e-02,-2.524039689646678450e-02,-5.834005446432762726e-02,-2.467324543837275466e-02,-4.559892644029117648e-02,2.331388232670274317e-03,-2.817876830896345886e-02,-1.245045742837014024e-01,-5.697595623410633969e-02,-1.226849007646190065e-01,-2.172441860499572247e-02,-8.741333274867216230e-03,-5.284609522550408334e-02,-2.964133129305006331e-02,-9.911919120524395610e-02,1.004133526034502039e-01,-6.457054319765553885e-02,3.794274261981549125e-03,1.040893243909470217e-01,1.316850622027219975e-02,-6.596614659639071787e-02,4.256282761856914482e-02,2.650983104696073844e-02,2.190092311412924000e-02,2.659187002963824334e-02,1.265573409850538900e-01,1.110237044942157525e-01,3.171451606222328717e-02,-3.335146760354899126e-02,3.477672457829464325e-02,1.109161348362180423e-02,-1.696371873045295423e-02,4.534915407566448425e-02,8.249788770095570212e-02,8.067975563291513927e-03,5.908779739204892550e-02,-3.260869121618656125e-03,9.840607862034830844e-02,-3.290608967922081102e-02,5.189388976030419320e-02,5.326762364393838184e-02,-2.362717623611060649e-02,4.392999872179218640e-02,-3.852469564373738053e-02,3.688752642900867528e-03,-7.522617264963558925e-02,-3.646745317800152708e-02,-4.058765648441887974e-02,-3.694830759204322662e-02,-1.928021045374065431e-03,-6.746109928128636579e-02,-1.359955599209533225e-02,-3.058919580562548951e-02,-8.034268574917113881e-02,7.576983614515418394e-03,-1.577396768396045201e-01,-5.871344456001020840e-02,-1.894935692290108942e-01,-1.831570379836938989e-01,3.513258233190444391e-02,-3.707936595107229061e-01,-1.247142889773917851e-01,-2.752153912867608132e-01,-3.320799978999652291e-01,-4.418771487436981560e-01,-3.950727647456868663e-01,-3.798087596755323481e-01,-4.796965652515091660e-01,-3.431734526863239321e-01,-4.903839209825751611e-01,-2.433448791381358500e-01,2.362552097942895168e-02,4.195829481513452947e-02,-1.480374291922504359e-01,-1.364205969347036251e-01,-7.585224090843747935e-02,-3.128694084920699559e-01,6.443229720979323782e-02,-2.593837444266248182e-01,-2.349040469796061792e-01
3.771864527314624377e-02,6.838001826010356443e-02,1.035687673590811320e-01,2.966801143308790967e-01,1.120814453395540811e-01,2.625860540981034830e-01,2.692690032292120450e-01,1.000000000000000000e+00,1.836966334417389490e-01,2.602828376100492936e-03,9.578622259175476050e-02,1.352162566474828242e-01,-1.942465018896793738e-01,7.628768952546263749e-02,-1.074522710583750706e-01,4.719841019854861125e-02,1.061129112564519195e-01,1.163584701957709050e-01,2.285739962587248209e-01,3.116526072695158939e-02,2.620578349309394747e-02,-5.584771132834662200e-02,2.344896225985270699e-01,-4.769137501442944488e-02,-2.070691886031841566e-01,-1.172681821939197122e-01,-3.417144761738363790e-01,-2.848162723362082094e-01,-1.455532189192003389e-01,-2.540799374003293587e-01,-2.989037893270738919e-02,2.326041833183721888e-02,-9.710656128466410575e-02,-4.220267489381350490e-02,3.103307403008265797e-01,2.684102288771867961e-01,2.467943751178213740e-01,1.972762704429516512e-01,2.896607976932424888e-01,1.516755072420666317e-01,2.637187643917544566e-01,1.821612771214168799e-02,1.270211198260015328e-01,8.867871358134384388e-03,-3.015847606241852524e-02,8.392177154615343415e-02,1.537686621307239043e-01,3.014771596480467220e-02,1.574916558138383382e-01,1.476315900605416620e-01,1.516658385267578291e-01,1.870478046790951254e-01,1.058942536195681405e-01,1.615484466147454889e-01,1.453768676911177116e-01,1.494609398091097108e-01,9.739254466282146194e-02,9.963842899853515844e-02,9.512159765117636501e-02,5.336700754280338660e-02,9.401720224818888028e-03,-2.098339607188316053e-02,-5.065765761408542317e-02,-8.181542596491726826e-02,-2.915726727901567922e-02,-5.138341819264938964e-02,-7.931891433571505723e-02,-1.755715779973832449e-02,-9.620730951174995618e-03,5.446036710274149845e-03,-4.447321583033519987e-02,-1.108062019230507955e-01,-8.938861638192291403e-02,-1.619871326369511644e-01,-7.131143673865493297e-03,-2.746310784480227724e-02,-1.239723949606049216e-02,3.123866500314710637e-02,1.036523841130230009e-02,1.194292771592274371e-02,-4.335723866623939805e-03,-4.114006393610328272e-02,1.516692732873400895e-02,1.252972599818485619e-02,-7.405829737728793216e-02,-5.072616985458297534e-02,-1.277724176809387491e-01,-1.717797016035023661e-01,-9.569942197398388639e-02,4.010849727633416378e-02,-1.294690441996415586e-02,2.565754738309571764e-02,1.052636177865789863e-01,1.027964564642865064e-02,6.665988119239681792e-03,4.669743818004924024e-02,6.298904600440267953e-02,-1.056275956304261604e-01,4.373278661609383139e-02,6.303218777537600293e-02,-2.622820704615253309e-02,4.474524284592569512e-02,8.051048013997999520e-02,2.214265690635853698e-02,-1.004541471242047374e-01,-4.222538215469585909e-02,-1.984767288024546703e-02,-1.932181233943459919e-02,-1.255756720536891496e-02,-3.858372664552565251e-02,-2.789253436701514752e-02,-2.855486837689355517e-02,-1.831472704717322653e-02,-2.836934518149106590e-02,-8.234074330482681059e-02,-7.061086240928027280e-02,-1.273703196712543395e-01,-1.233883992536195379e-01,-4.407083489217750172e-02,-2.008610482360600191e-01,-1.650944126396304279e-01,-1.209877129717744776e-01,-2.057131426437215360e-01,-3.668428909515110137e-01,-2.315619876944484956e-01,-2.961793677093849109e-01,-2.406555174966873156e-01,-1.570255187638720240e-01,-2.591994693104577863e-01,5.868380896714819189e-02,-4.664749911935564108e-04,-1.012603244484117093e-01,1.240256381770699426e-02,-1.602376970030978121e-01,7.503539448737531203e-02,-5.181365182754011506e-02,1.407407226899166086e-01,9.104265885245202417e-02,-1.167178165069972379e-01
-1.376058576570459990e-01,-1.189946793071402220e-01,-1.611423854933555222e-01,-1.723554138666390234e-01,-2.680388756277998774e-01,-1.047166558153760918e-01,2.912480689858989447e-01,1.836966334417389490e-01,1.000000000000000000e+00,3.172382425402162087e-01,3.602944523868318316e-01,2.349348331352239805e-01,2.390295371058017981e-01,3.447889483895366092e-01,1.052696323526673972e-01,2.498701210287754271e-01,2.847071348974912763e-01,2.073421907028341060e-01,-8.800631284226992368e-02,-4.060626069128244614e-02,2.444066382846574736e-01,1.198907787239738287e-01,1.229945469947429926e-01,2.217844667275521153e-01,1.905545418946697211e-01,1.623752461534778979e-01,-7.516417364099205189e-02,5.232415116765035817e-02,6.480140886096887043e-02,-1.624093253734753550e-01,-3.067246401599614813e-01,-2.694178339103724951e-01,-4.178641770102562436e-01,-2.620717227265443316e-01,-2.125869745040987746e-01,-7.745218851757061651e-02,2.648356170634049711e-01,-1.408691079686343328e-01,1.457144003478897665e-01,-5.118338749886106737e-02,1.536388984833439442e-01,1.928712284638798291e-01,3.547324391808891891e-02,2.822869925747386044e-01,2.513985566947434247e-01,1.487329795680196742e-01,-3.430361120861581681e-02,-5.104678159593111636e-02,-1.253519401534259059e-01,-3.717592474656740420e-02,-6.957987880146002113e-02,-4.626555105345266095e-02,-7.729283797403697920e-02,-2.771207324589538765e-02,2.301444468029403140e-02,-7.819599594108574137e-02,-3.021390800587536729e-02,2.866307819640597377e-03,-2.246445341908601123e-02,-1.057328508337583434e-01,-8.496585884804881694e-02,-1.023605812715681213e-01,1.384775659406279474e-02,-6.698952035920754944e-02,-9.551572838865933501e-02,-4.172623773548340964e-02,-1.026580026605840162e-01,-1.187001040140859692e-01,-1.514016622388915101e-01,-5.591451584751745002e-02,-1.630100628685920150e-01,-1.001733134563257549e-01,-5.098851341934677352e-03,3.330785126438301491e-02,1.377088549120199235e-01,-6.971811100328138833e-02,7.199295331872201942e-02,1.822785653563259722e-01,1.860875836500615332e-02,-6.219745549011170688e-02,1.251074531328501549e-01,1.980040972497023599e-01,1.530448013812660268e-01,-6.057586350313156308e-03,2.592744969433132679e-02,1.293075231367084854e-01,3.582749957908104577e-02,-2.866113304906556594e-02,2.877192000142567499e-02,3.091689257672887090e-02,6.000049225178866186e-02,4.473499563214217850e-02,6.228698081983657237e-02,1.371983032180976447e-01,2.342175533066466753e-01,9.477710368410342812e-02,2.521862266580043310e-01,1.080855626813216896e-01,1.781814827483169106e-01,3.241692700624008300e-02,-7.285739631700503816e-02,-7.904349948055558461e-02,-1.311870184280332918e-01,-3.624861324494609710e-02,-5.744295846227032154e-02,-1.405607492238613587e-01,-8.182773222283233616e-02,-1.792620951116008776e-01,-1.253475170387101656e-01,-1.877748881432741157e-01,-8.409651910722118484e-02,9.555940191858704191e-02,-1.401586622366727819e-01,-2.680523821355245556e-02,5.255379711125566546e-03,-6.016673026598625545e-02,-5.459807915636005760e-02,8.142152432345060864e-02,-5.112247255078432653e-03,-1.827107354714498366e-01,5.063617504389494178e-02,-1.448443939577891693e-01,6.977892858616369098e-02,-6.832239937712274169e-02,-7.353674047973893235e-02,-2.310420300919372588e-02,-2.804749917282753913e-01,4.721827574190048753e-04,-1.637159399351687528e-01,-2.529278763676661712e-01,-3.335919852314379042e-01,-1.529796660623809479e-01,-3.166614960951300017e-01,-1.605311855894705209e-01,-3.499029304791688721e-01,-2.110991392076932427e-01,-2.207225880235799964e-01,-3.597237870522823622e-01,-1.300388829803474089e-01
1.334252244397382825e-01,6.400098498085486642e-02,1.962656200964307263e-01,-7.997217218600183308e-02,-6.126195413681780749e-02,1.640028025385537602e-01,2.017745077828236866e-01,2.602828376100492936e-03,3.172382425402162087e-01,1.000000000000000000e+00,3.465325242968797514e-01,4.978444473635054712e-01,3.874664159743193004e-01,3.930101567532662821e-01,3.693298872553224532e-01,1.118133411493230089e-01,-2.550259560947313806e-02,1.136802978551801763e-01,-1.815403465649551018e-01,-3.487510666465523657e-01,-7.807095174421652128e-02,-1.303811379785804747e-01,-2.022474024218964550e-01,-4.962757803820697783e-02,-2.051700575632365783e-02,1.767102276921199977e-01,1.343757413810677814e-01,9.680255721922388645e-02,1.648209910898811859e-01,1.074059783942583890e-01,-4.795074063523974139e-02,6.266731990407405084e-02,-1.578453833830128772e-01,6.628463044466714749e-02,-1.277171485078305302e-01,-9.192390020071213030e-02,-5.472807095060337745e-02,-3.312731260109509912e-01,-6.255829818272272413e-02,-2.986924957269900816e-01,-1.457079309581241489e-01,-1.114978813574058758e-01,-2.037002266324757782e-01,1.742785011991524469e-01,-1.139010800562777377e-02,-1.559922227401005501e-01,-1.892164936711516199e-01,-2.551698343301089245e-01,-2.337421233572985757e-01,-1.522567995118649375e-01,-2.125641019999717773e-01,-7.319991957280456985e-02,-1.297172531700299392e-01,-1.019304939650652886e-01,-1.166021457558918534e-01,-8.140860288032616965e-02,-6.532190593874617757e-02,-4.004290360858371589e-02,1.976548325669573447e-02,-5.704244953507574267e-02,-1.308636335383343147e-02,7.965889288026581361e-02,2.974777989344764076e-02,-7.550381378035614377e-02,-1.541322332252023641e-01,-1.656222470694882322e-03,-4.779005628586067977e-03,-8.014072006902787926e-02,-1.418835921243020159e-01,-4.969121887581162689e-02,-9.791210528517549361e-02,-7.496077823777305693e-02,-1.020663518161450400e-01,-8.784376978713048789e-02,8.879830549962752784e-02,-4.501380523916014009e-02,-5.283269299590305501e-02,6.844827026455960195e-02,4.189988917110422373e-02,-6.697121154443937130e-02,-1.948740734653542708e-02,1.158826101219603555e-01,1.268390660528974367e-01,7.092518168005831902e-02,1.005714364312080694e-01,9.994483426281715321e-02,1.225964613163036399e-01,1.117302205707597536e-02,4.321734216352200730e-02,9.525601073201067637e-02,7.945672174072986038e-02,1.585751366985461708e-01,1.240473629061430161e-01,1.534582519175789472e-01,2.188124531367381109e-01,1.768124898046156968e-01,1.635312940950438276e-01,7.617421329964500776e-02,7.405697947148542903e-02,3.943966397598284990e-02,-3.256579620137090882e-03,-1.295987858403206405e-01,-1.262642235991288941e-01,2.457728813226428208e-02,-1.712287677566453892e-01,-2.075265121456961459e-01,-9.219851013768930181e-02,-8.044603411532397219e-02,-2.311864911782648135e-01,-5.997077843962176497e-02,3.873108535671004188e-02,1.396760425446098020e-01,-1.831410888810905413e-02,-1.253600099021474033e-02,2.076327452137046725e-01,2.045790943809023266e-01,1.186984057855554192e-01,2.333545290666462213e-01,2.598856042870995031e-01,6.022982128997408230e-02,2.219968971227262999e-01,1.750582257187703883e-01,1.846465932608457317e-01,7.818584403878406364e-02,-2.372766326933062053e-01,1.217573457330123204e-01,-2.622188731575384457e-01,-2.808315692747653802e-01,-1.206596252868624708e-01,-4.625384384314671915e-01,-2.141463217881679482e-01,5.128275518523319615e-02,-2.938374826277780349e-01,1.099293502431680919e-01,-2.356337448290212466e-01,-1.878369256331868242e-01,-1.281484237374489743e-01,-3.756450958947863406e-01,-7.454110227320001614e-02
-2.326106240772724820e-01,-1.255717627571583672e-01,-1.980696918160345377e-01,-1.627450897907034011e-01,-2.896050043184209000e-01,-1.556591799563422918e-01,2.431783271931027557e-01,9.578622259175476050e-02,3.602944523868318316e-01,3.465325242968797514e-01,1.000000000000000000e+00,4.334256846515274764e-01,4.379058230628503634e-01,4.707917208777275264e-01,3.538696283566031275e-02,2.750864602893745570e-01,1.153020092312592865e-01,3.302025982101611801e-01,6.410072814965006582e-02,-1.729958031228757964e-01,3.045286231009695643e-01,9.873519624936774597e-02,3.751243039284598429e-02,2.340869407992517970e-01,9.854568188364981607e-02,8.971169436189475876e-02,-5.683634463047787522e-02,-8.712982754465607715e-02,-1.066005791648492462e-01,-2.124834594544103838e-01,-3.244816773049353231e-01,-1.023050276815010290e-01,-4.100293270890121300e-01,-1.960064698722314147e-01,-1.408296213192442581e-01,-2.298151140189124211e-02,3.216237785699803675e-01,-2.624918445300906678e-01,1.794071894297256387e-01,-5.937077315787520765e-02,1.485386051791931783e-01,9.136572354475414048e-02,3.700010507742830523e-02,3.623135523043167217e-01,1.789656910956070879e-01,1.563562443754349177e-02,-1.469887531658310154e-01,-1.289428745336165805e-01,-2.757612705301606404e-01,-2.414554262596905337e-02,-2.369043909572669457e-02,2.764979905362501336e-02,-1.234656415476456381e-01,-9.218848288639021338e-02,-1.290920997813355953e-01,-1.802224712186215605e-01,-2.395246941350073211e-01,-1.399884591165105330e-01,-1.438116740974977326e-01,-2.306516159552291778e-01,1.711818407046175605e-02,1.277852537453334769e-02,-1.692827885765998686e-01,-2.110757134726133077e-01,-1.437787453188572040e-01,-1.914344905154965470e-01,-1.797706614404969150e-01,-2.120594577857077834e-01,-1.649847394576299531e-01,-4.924679662998050073e-02,-1.648413792509753895e-01,-1.172244565755122120e-01,-3.870338318329061972e-02,1.204663418978236047e-02,1.490192255700938939e-01,-4.212044550109481089e-02,-4.729120369024654436e-02,8.613703102565156700e-02,6.795812541990470246e-02,-4.998301066643242446e-02,2.490271590641326624e-02,3.003425437235182072e-01,1.792235441393847939e-01,3.448607408598648033e-02,7.276494764928156944e-02,1.168510422316263869e-01,4.103685485218874773e-03,-5.703204293836536959e-02,9.804759428863007303e-03,-4.572250286806110731e-02,9.020588003575864822e-02,1.170446648050226524e-01,1.130030707660770045e-01,3.226171039452117584e-01,1.548520886171633471e-01,2.136520573151733104e-01,2.726863636192418117e-01,1.086789080285789216e-01,2.534473369988500258e-01,5.215114680581188489e-02,-1.704078732285554676e-01,-1.523910866758338700e-01,-1.268316014364654076e-01,9.956045696805387868e-02,-1.442258331097600599e-01,-2.005633089405668423e-01,-1.522374426208338884e-02,-8.576580491420486563e-02,-1.540156199507088097e-01,-6.134142289452565455e-02,9.299429628791613944e-02,1.202882045801069444e-01,1.266627253148335137e-02,1.018411131744173109e-01,8.435149653796369940e-02,2.598030088181064318e-02,2.024294853388018678e-02,1.730441388751149667e-01,6.169855481621488308e-02,-1.556359669760848941e-01,1.022026395044953045e-01,-8.754917836001847864e-02,1.754682530362694504e-01,-7.747901922578798173e-02,-1.693284121237252360e-01,8.047858422908772680e-02,-3.161585472517066675e-01,3.367489559190552789e-02,-1.384503025410989407e-01,-1.439030962225277821e-01,-2.444839636486654533e-01,-2.234686037760590938e-01,-3.540223322979739740e-01,-1.668300126959868512e-01,-3.531405257711088819e-01,-3.498782253687600652e-01,-2.812323117741010181e-01,-3.727236117099378965e-01,-2.196733877231908938e-01
