1.000000000000000000e+00,2.970546545472136368e-01,3.311607335083743275e-01,3.109880678823012667e-01,4.265405973776575932e-02,-3.123711606957607287e-02,7.378803362795252618e-02,-1.667151727639653858e-01,-3.972097921958183536e-02,-6.005793725558065260e-02,-7.723028777324125738e-02,-1.437884419981273476e-01,-1.000851028202456583e-01,-1.520619316281759670e-01,-1.249682099181183420e-01,-9.410534922951238612e-02,8.038316567817831160e-02,-1.826364136424287257e-02,7.767471828582052373e-02,6.177873990117521696e-02,2.356540318014098065e-02,5.178453984769792323e-02,-1.486657400770683909e-02,6.844275772736252428e-02,7.376571197475947916e-02,1.353757266565817907e-02,3.966291898837528106e-03,9.235822026594167275e-03,2.386675460292250403e-02,1.799755282560445285e-02,2.251820822567222533e-02,-2.435468713889984288e-02,6.507405367083899696e-03,2.895462691143277714e-03,-8.722027024712046897e-03,-5.505794190779256247e-02,-4.971476938289085684e-02,-2.830072747112447051e-02,-2.856114882730246066e-02,-8.149740471935036992e-03,1.260404650496300440e-02,-5.576138431593878272e-03,4.823277085389666291e-02,-1.505249785358430152e-03,-1.293867606876970833e-02,-1.409774478916425433e-01,4.110937329868397626e-03,-1.147655316169314543e-01,-1.330063941468904824e-02,-1.026275989821915785e-01,-1.011910971613694810e-01,-6.361904549383762264e-02,-7.268537448919232258e-02,-5.728847946391019824e-02,2.611725918087745915e-02,-2.262888570572723409e-03,1.213486011327044242e-02,-4.228900587540052915e-03,3.318450473509517579e-02,6.136922167877579409e-02,2.937280117307402086e-02,2.010543934628171436e-02,1.754360807518393767e-02,1.947454990736267877e-02,1.624333336984912788e-03,-1.838541688253522363e-02,8.291150944780360799e-02,5.867970048431787183e-02,1.949662548136365733e-02,-1.788278022352673014e-03,-7.885600858296995530e-02,7.568331515539506241e-03,-3.361436614121225686e-02,-5.203214901964679090e-02,-1.556820827007831393e-02,-3.258200740537921247e-02,-1.019169395690869631e-02,2.490081964138274664e-02,-5.898548886240887607e-02,5.670502753920891002e-03,1.391782968996567171e-01,4.348290127440482961e-02,1.353510015938682032e-01,1.205050765357008197e-01,5.217521410359461827e-03,4.544730847148909653e-02,2.961056800775593856e-02,-4.690130858221382149e-02,5.034454730436953990e-02,8.232685996850964971e-02,8.751302149336315228e-02,-3.772964673276994751e-02,2.796022621607883313e-02,2.009607076837965564e-02,-2.141742816578752484e-02,7.149995973671682825e-02,1.182449529897282303e-02,4.162276405176017907e-02,2.325979971031369095e-02
2.970546545472136368e-01,1.000000000000000000e+00,2.363306640234494604e-01,4.649062649994692986e-01,5.710685666081464218e-01,1.811597844861829454e-01,3.318142633574521216e-01,-6.040095939926649893e-02,1.658545154211598371e-01,2.486859380637132244e-01,5.839230570561509265e-02,-2.926070479320366444e-02,1.847873232608812089e-01,9.129365877996675760e-02,-1.532988262074956032e-01,1.843966506582351561e-01,1.500540459432972706e-01,7.215212669638847165e-02,3.855613963637056357e-02,7.484954540149789393e-02,6.682213719722199241e-02,7.777137785974212736e-02,-1.002514988282456471e-01,-2.269250323789286788e-02,-8.459487812845911670e-02,-9.738661480927744696e-02,-6.497527479237752424e-02,-1.394662450107752583e-01,-7.730228104086120378e-02,-1.006672151038584540e-01,-1.484175150435445845e-01,-1.693353121361387270e-01,-1.281724471906372786e-01,-1.285389944241364657e-01,-1.634534890668559726e-01,-1.140650436738412377e-01,-4.399628201974840891e-02,-4.712203796880838624e-02,-3.767294251370759128e-02,1.716873810362449723e-03,3.959464084487433061e-02,3.202779904080583356e-02,1.842215438491383306e-01,1.255136536153869387e-01,1.209663020241277392e-01,8.394970270683174696e-02,9.687652274048622059e-02,7.973920000330235458e-02,-6.058141670182690813e-02,-1.073100214351992328e-03,-1.453929126827503138e-01,-1.011482878799303542e-01,4.811740180663062055e-02,-4.876464680949839370e-02,8.501161758048542127e-02,1.102726677746846268e-01,1.248283465236542378e-01,1.298092357427693688e-01,1.936256442173121262e-01,1.088420751488625576e-01,1.547729463961896590e-01,1.496458916949139351e-01,1.015670195258877168e-01,1.470851293060293774e-01,1.057877172616189798e-01,9.179867822714617154e-02,1.482771742188480624e-01,6.474090114152836195e-02,7.234868319289952318e-03,3.854852539585766451e-03,-1.129418226916005241e-01,-5.724721312782015022e-03,-8.885435824492969592e-02,-9.918856801467444695e-02,-3.009389367703186116e-02,-1.284722940392631352e-01,-1.327631266736384041e-01,-1.924153762585385230e-01,-2.106344368810390277e-01,-2.441816814466615804e-01,-6.902387536292266257e-02,-2.295245123050867753e-01,1.023009453594614197e-02,-7.420695839889196455e-02,-1.685607807520567158e-01,-1.423107362900622175e-01,-1.077349565288107519e-01,4.181822296745270340e-02,2.933296276128983041e-02,-3.829262320809969245e-03,8.447990802192392734e-02,-4.335614225803482991e-02,-6.727853617523398000e-02,5.226233122774428044e-03,-1.112929699136721989e-01,2.361761828262429197e-02,-2.763980477158443222e-02,-2.105681503903444537e-02,4.847162150032295613e-02
3.311607335083743275e-01,2.363306640234494604e-01,1.000000000000000000e+00,4.931079587592008817e-01,-2.038219721166941445e-01,-1.891197291832437399e-01,5.116976366465043891e-02,-2.034775094608289037e-01,-1.703884182258741664e-01,-8.619181841133956301e-02,-2.144417891130959986e-01,-8.451583216070514271e-02,-1.049966970443603070e-01,-1.338138233436325375e-01,-7.754394800042638258e-02,-1.340703838177572937e-01,2.088178542349952704e-02,-6.837659350799192570e-02,7.547185592887922789e-02,-4.599034160271317506e-02,1.989036513313700502e-02,6.477484032373150014e-02,-2.874760914221273847e-02,1.112585287751358676e-01,3.649120729317129747e-02,4.160112029139713397e-02,9.898059594507277459e-02,4.673483679128774548e-02,1.392329145588223072e-01,8.641773028938161405e-02,1.202442841247753635e-01,6.005774054083578423e-02,8.182976455660899429e-02,4.099654431078744027e-02,4.432051867789291166e-02,-4.719367442225439607e-02,-7.801538554047868224e-02,1.077124593798410232e-02,-5.779839774805533431e-02,1.309333404516854066e-02,-2.676195177013517001e-02,-4.010434569973966162e-02,2.685907949921915658e-02,-1.000848950923117070e-01,-9.918510403854670365e-02,-2.440273459865344441e-01,-1.220018251228038170e-01,-1.549037265389071605e-01,-1.049325867776217391e-01,3.237214424084764591e-02,-8.878101326186625675e-03,-8.025859450306151166e-02,2.212940804774771522e-02,5.272703641229122690e-02,4.959493376577812918e-02,1.207144959953327691e-02,-3.347177214186590130e-03,3.776942514266939943e-02,-6.048745793650309871e-02,8.126603993919096153e-04,-1.405872255779480086e-02,-3.518291373672428196e-02,-1.886614470797556495e-02,-1.658200077144133394e-02,-5.555318704916502315e-02,-4.828872332279783575e-02,6.313557557706200862e-02,3.443130017776506457e-02,-4.317128853312608011e-02,3.151691703353066282e-02,-4.534039818855163662e-02,3.266087941163556274e-02,-4.580743454804313969e-02,-6.631842096913376228e-02,3.431802506472263897e-02,-5.987455968602069939e-02,3.137212760988459387e-02,8.948649164905246936e-03,-3.439476786211508041e-02,3.072543521558639829e-02,8.261550952008651916e-02,4.429166657936636081e-02,8.530504902459926098e-02,1.678177768655344376e-02,4.070131317992969032e-03,-6.852482524731244584e-02,7.149987057996808060e-02,-6.703088776518825211e-03,6.383728650373199365e-02,5.089361143833463774e-02,1.579518222675385664e-01,1.288975362375325596e-02,3.490318039716100440e-02,4.402192138428071694e-02,-5.566966400690634420e-02,9.918783336879206936e-02,6.717097568965862964e-02,6.099983563982877555e-02,1.088807154183214082e-02
3.109880678823012667e-01,4.649062649994692986e-01,4.931079587592008817e-01,1.000000000000000000e+00,2.023116220556652189e-01,-8.114869841162468400e-02,7.463926533195244968e-03,-2.454193931068796297e-01,-6.546142997975626376e-02,4.559284500705586274e-02,-9.866168530914727619e-02,-1.357873148490091608e-01,-4.126262567041958512e-02,-7.266490074166616353e-02,-1.217975018249069230e-01,-5.906928752020016576e-02,9.851199054792200011e-03,-6.258133817919271646e-02,2.258834999702923757e-02,-8.559264427195331648e-02,1.514845462209753191e-02,3.143211095815255651e-02,-2.914069392689122226e-02,2.103475581293388214e-02,-9.294296091781753056e-05,3.710994646059880692e-02,9.233851986147710578e-02,2.565500870017102530e-02,8.627596004058032952e-02,3.848723840998773821e-02,1.993498216975233411e-02,3.120652432101781240e-02,2.917464448685910816e-02,-3.740061994150262886e-02,-5.684643461538979418e-03,-4.158492173080105547e-02,-4.617710545857280080e-02,2.514415819450506115e-02,9.058417501697325208e-03,2.480763817337934291e-03,8.764679516309070717e-02,-5.510569724404397463e-02,6.357336134492272417e-02,1.422080062488675044e-02,-1.084980724254925449e-01,-1.120049223851035392e-01,-1.132493617286990661e-01,-1.034317760129254415e-01,-1.316375701773506435e-01,-8.424369602552561620e-02,-1.608991529718705182e-01,-1.113525823963028849e-01,-3.828718479102261041e-02,1.183363042984279107e-02,9.058797740873143767e-02,8.243879373023534074e-02,5.580739365785968714e-02,9.424525562270058554e-02,1.044671854891098539e-01,3.758594225504163777e-02,3.765758240218466946e-02,1.513041177149237158e-02,-1.366555763080227505e-02,-9.054894286622039434e-03,3.165926124177295686e-02,-3.015556168068521045e-02,7.180653183805657536e-02,4.482298943221665194e-02,-3.050790930574542176e-02,1.617957748258405659e-02,-5.504516436862812168e-02,3.453992976124572317e-02,-3.790970069932369374e-02,-3.645042042187939674e-02,1.742675540133151874e-02,-4.601609332799352914e-02,-4.631539615654398610e-03,-4.332298737949327044e-02,-6.403844797441263226e-02,-2.135641368511565288e-02,7.525915001832955697e-02,-1.876625810805693240e-02,1.070293947351425856e-01,1.599356969018997029e-02,-3.940559995626911893e-02,-8.552990703602558753e-02,-5.091365627363948071e-02,-5.877104596644232293e-02,-2.979954536587221640e-03,2.384833789662505615e-02,5.657777994724318138e-02,-1.296786893514549899e-01,-6.267297236743835098e-02,-7.696002238581368948e-02,-1.292830972478595242e-01,2.373835882470363978e-02,-5.320910528205635009e-02,-2.268835587845977747e-02,-1.063451526270326429e-02
4.265405973776575932e-02,5.710685666081464218e-01,-2.038219721166941445e-01,2.023116220556652189e-01,1.000000000000000000e+00,1.651092290749147651e-01,3.775207550974088999e-01,4.063356000037462307e-02,1.501756202587720135e-01,2.531557626598175958e-01,1.421297307370812113e-01,9.785928454353018044e-03,1.773455198208808981e-01,1.350398445735220276e-01,-1.091445533230310794e-01,1.823814249628054052e-01,5.051489578533868707e-02,3.247361109322083328e-02,-4.077656330627937170e-02,1.410142194634319592e-02,1.344424852724007691e-02,-9.499218896762622738e-03,-5.745667670733956706e-02,-4.669225250714679337e-02,-9.616727396793421645e-02,-9.096912114591963749e-02,-9.283373461084744316e-02,-1.214273470847056641e-01,-1.229284629312097782e-01,-1.086580172192677801e-01,-1.770081941945310100e-01,-1.898611226933610563e-01,-1.593245100870264719e-01,-1.732974815899845922e-01,-1.800487160537637688e-01,-6.544777874588224298e-02,3.068447170620551296e-03,-3.854210126267267750e-02,3.328096187081469592e-02,8.586563452879204805e-03,1.089521639490699939e-01,7.349544148735781546e-02,1.841027597340907651e-01,1.939226453500891012e-01,1.536546008616423709e-01,1.940103007532144874e-01,9.371409561045151992e-02,1.358898059764224453e-01,-2.556025903515511677e-02,-4.212709255709617961e-02,-1.320304919687727285e-01,-7.245080260707108255e-02,8.960538677629829515e-03,-8.889060113738715685e-02,4.574849334408358226e-02,1.036851456397465954e-01,1.060405715451356035e-01,9.254831561542282981e-02,1.963272671721545681e-01,3.951981782619865685e-02,1.176584075359405762e-01,1.046800946748361882e-01,5.845059483895233277e-02,1.254090740270036586e-01,1.118050665094380419e-01,9.341862532758804516e-02,1.159607986111106104e-01,5.040413840097636433e-02,5.068512360809124956e-02,1.061552853563905996e-02,-4.285076279894627083e-02,-2.162405925764912876e-02,-1.109060588492815497e-02,-4.982276896525307530e-02,-3.065681126419964389e-02,-3.325442012756246041e-02,-9.260134360600692782e-02,-1.408424970912049157e-01,-1.234378902566598962e-01,-1.825378353448530444e-01,-1.008698618291592047e-01,-1.899591720553283902e-01,4.053977484427675332e-03,-6.876683295629158754e-02,-1.037942496586878594e-01,-7.878232547234242933e-02,-1.702648122018649846e-01,-2.478267413903097530e-02,-6.136251359739786776e-02,-5.295673791735146935e-02,-1.563972135465579311e-02,-9.061359601159990618e-02,-8.698981072938440084e-02,-6.227928608403704436e-02,-1.097361122810399936e-01,-2.044239221204756027e-02,-9.768991073793542590e-02,-8.587209328781914008e-02,1.982459191959363553e-03
-3.123711606957607287e-02,1.811597844861829454e-01,-1.891197291832437399e-01,-8.114869841162468400e-02,1.651092290749147651e-01,1.000000000000000000e+00,2.662984879689048179e-01,3.175884092593128094e-01,5.070234676106660787e-01,1.197989032023733802e-01,1.503068235057443414e-01,-3.662631590285378436e-02,1.699869629574083940e-01,8.775579313044221119e-02,-1.317519075522020910e-01,1.852165474639247134e-01,1.467202820955470222e-01,8.109724056903652722e-02,1.725552839627357213e-02,9.614280036898292803e-02,9.700089829094993288e-02,5.775543813219128492e-02,7.332136908302061551e-02,-7.048992152709970815e-02,-4.486031268118342158e-02,-1.320393632932037042e-01,-8.792396106044061965e-02,-1.195477625888575618e-01,-9.516716682667658578e-02,-1.067731211979132677e-01,-1.122170157733191204e-01,-1.487018159420684660e-01,-1.329597809184266954e-01,-4.277611770502220967e-02,-1.226408791541115234e-01,-9.518260836629356680e-02,-3.224090204216530087e-02,1.727235105156489561e-03,-7.180035596950005983e-02,2.222630197309543795e-02,1.906447739160716318e-02,-4.884549858172080455e-02,2.693326444935327871e-02,9.208689375022546808e-02,6.801424801136880804e-02,6.080787514127615478e-02,9.934246748935625371e-02,6.975516496869757499e-02,-4.768448617008141238e-02,1.341436838934311621e-02,-1.187721902495934428e-01,-7.135435678095408685e-02,4.016202689553434457e-02,-2.926261301681825494e-02,7.001519311077435137e-02,2.070571124209051039e-01,1.834448887190514854e-01,1.907171869146873089e-01,1.731292871627017615e-01,1.874062004063176967e-01,1.771647159864667143e-01,1.618991654912382283e-01,2.025220224314654149e-01,1.051274457985625216e-01,1.426249180052533427e-01,7.678049348461539469e-02,2.604272359760986810e-02,-2.150660328713095010e-02,-9.096051013431748211e-02,-9.822088017467153764e-02,-5.154737457597980549e-02,-1.071984772427552746e-01,-1.051113779707663898e-01,-1.974672830913940663e-02,-1.140020995704265905e-01,-8.589800564390791260e-02,-1.263114509053886447e-01,-1.804506806150633635e-01,-2.172131289918020070e-01,-2.203823438105203536e-01,-6.103587973928078364e-02,-1.831026846033097510e-01,-2.220027205021321559e-02,-4.506694370891502210e-02,-7.141959667668600076e-02,-1.200894754492831673e-01,-1.258061842310656542e-01,8.702753488973739848e-02,7.531152405010776985e-02,-1.546653410866622065e-02,5.815635368645950820e-02,7.361945482026729937e-02,4.119404486281744854e-02,6.239535103711416064e-02,-2.467959951334441383e-03,-2.354178111593043573e-03,5.967650159300446873e-04,1.558663776497687566e-02,6.800770983000248293e-02
7.378803362795252618e-02,3.318142633574521216e-01,5.116976366465043891e-02,7.463926533195244968e-03,3.775207550974088999e-01,2.662984879689048179e-01,1.000000000000000000e+00,2.379446292694875065e-01,1.857263807197404304e-01,2.519977079525985778e-02,-5.353292513451433227e-02,-5.677581686680503725e-02,7.193363504422033150e-03,3.950905945280812175e-03,-1.318218763236336799e-01,2.893747535079338115e-02,-8.186172575357026152e-03,-6.538000161456221371e-02,-3.283193343683418058e-02,-1.304833057879037188e-02,-2.378630201565187785e-02,-2.578900500811632732e-02,1.118921081937857259e-03,6.109859382006788131e-02,-4.933361668513221859e-02,-8.152436530549148075e-02,-4.046266727198715579e-02,-6.300704545342951379e-02,-4.290176163318425162e-02,-5.298549813984821527e-02,-6.615235444665924780e-02,-1.634169608725148937e-01,-1.152957489291953769e-01,-1.254361588743339029e-01,-1.453527377823713163e-01,-6.324960154005182522e-02,-2.108166317665792835e-02,-4.558572811041761846e-02,-5.354165913721063708e-02,8.015926332574302426e-02,3.710823471128692208e-02,8.954245170327934655e-02,2.074533674631960367e-01,1.230758638545888517e-01,1.616976769422756033e-01,2.251134424470581027e-02,-5.031611969409719581e-02,2.290446208607338843e-02,-5.085625088469178379e-02,-2.748870103271237181e-02,-8.189815731167650326e-02,-1.071311861801582666e-01,4.245640305861714606e-03,-7.817947897930412060e-02,5.407563962942733143e-02,1.256589403286803852e-01,6.534244973219204000e-02,1.264183268300649032e-01,1.241385833680937328e-01,3.583373170340448111e-02,5.927785891031270987e-02,5.862700661955512482e-02,8.211663865723868583e-02,6.150276530075207693e-02,1.149459606120041381e-02,2.329389091581558768e-02,6.960433947357207163e-02,1.729667433963807607e-02,1.451733590925549568e-03,5.203366680466270378e-02,6.545348416545198819e-03,-1.017687072158502369e-02,1.673056396359491908e-03,-5.797464738027519049e-02,1.633611826793191293e-02,-2.955074382161287927e-02,-1.069679891215546963e-02,-8.339669349772621532e-02,-1.378050049627049800e-01,-7.287138917444484221e-02,-5.540343262482902431e-02,-5.870934647314933474e-02,1.000907053267462848e-01,-2.832639818005476540e-02,2.242693142752126209e-02,-8.333181284012705636e-02,-1.253067307925204710e-01,-4.778490750550460492e-02,-3.483125259071527535e-02,-3.161736469994656101e-02,1.172322190662247882e-01,-8.549212600250020305e-03,-7.049046755559629403e-03,3.467796186904210844e-03,-8.655719739464290408e-02,4.044559727610128053e-02,-3.468363505725705759e-02,-4.871169571430356005e-02,-2.303138033151243616e-02
-1.667151727639653858e-01,-6.040095939926649893e-02,-2.034775094608289037e-01,-2.454193931068796297e-01,4.063356000037462307e-02,3.175884092593128094e-01,2.379446292694875065e-01,1.000000000000000000e+00,3.165132689792555243e-01,4.089317004510428788e-02,1.540307652026687291e-01,6.224886402233044402e-02,4.973455491637637782e-02,1.033022499265001948e-01,7.889510663313399619e-03,9.353088951318852540e-02,-1.007174318574823209e-02,1.363240956042585314e-02,-8.240612942612877967e-02,1.301323546757183862e-02,-3.418791085073181329e-02,-7.787303559191155466e-02,7.558595849253826882e-02,-3.506948818141918806e-02,-7.259516360581447225e-02,-4.037825784607953356e-02,-3.806868717812486591e-02,-2.046155327100299473e-02,-6.647947597903740291e-02,7.295130131191132974e-03,-6.440589567130700077e-02,-3.779341070956130505e-02,-9.903045153996545280e-02,-3.587733891242679551e-02,-6.293725662635293872e-02,2.560808276487920934e-02,4.726342742457107643e-02,-8.304337322058071361e-03,-5.433976089353290129e-02,1.133995818417222884e-01,-8.564040536891043276e-02,9.034047719592547265e-02,4.869720070820666991e-02,1.217428709077653971e-02,8.411335869769848150e-02,5.408277447360812507e-02,3.539525485870731458e-02,5.852827038997141657e-02,4.622487195004111593e-03,3.558481675086385548e-02,4.381543701030223698e-02,-2.874536385791816653e-02,-1.288804942849300014e-02,-1.857395262346442713e-02,-9.968411954984814083e-02,1.532907955752142205e-02,5.835123074953430661e-02,-1.896568437099159163e-02,6.396117784964976127e-02,2.361914463347360854e-02,4.111179966243121500e-03,4.520760987492383060e-02,1.175347000357245819e-01,1.916025560501244396e-02,-2.584634380684838056e-02,4.662229875929888717e-02,-6.824815958947190453e-02,5.925277069400713970e-03,-1.639661888292138353e-02,4.690289803129350787e-02,1.049387606084560276e-01,-1.314190853103634760e-02,4.308255674617088998e-02,3.547304573214646317e-02,7.280667942461932496e-03,5.128732636161206088e-02,-1.442271455641752111e-02,-1.372450346330924068e-02,-2.999589533654199724e-02,-5.513892431727027837e-02,-1.114809187636399829e-01,-5.128700957566909718e-02,-1.331108949083172066e-02,-8.046911411510002110e-02,5.603099513208193577e-02,-1.657686389342948735e-02,-6.411905575933835033e-02,8.430689805039442986e-02,-3.136801481288300358e-02,-8.656855083917176785e-02,8.349089494049706170e-03,4.787534000956977093e-02,1.716678762768894181e-02,3.326834066120705480e-02,1.165378642710532091e-02,-2.280594753143348752e-02,9.557397844541860518e-03,1.540443659801907748e-02,3.913786345710700693e-02
-3.972097921958183536e-02,1.658545154211598371e-01,-1.703884182258741664e-01,-6.546142997975626376e-02,1.501756202587720135e-01,5.070234676106660787e-01,1.857263807197404304e-01,3.165132689792555243e-01,1.000000000000000000e+00,3.063768154799830779e-01,1.961765314747793421e-01,7.618210162781027806e-02,2.516098510738091210e-01,1.264937778673504154e-01,-1.275965510373203715e-01,2.604375038692398614e-01,2.192698063227243310e-01,1.552602903483721042e-01,3.111031141852366524e-02,1.614843152850299057e-01,8.481372554386179541e-02,4.722485897675247207e-02,2.242220468077469123e-02,-1.129183868604157759e-01,-1.190963453265640598e-01,-1.894450872831300314e-01,-1.070950775837691271e-01,-1.608744105035280203e-01,-1.334331103558779319e-01,-1.210761049680058460e-01,-1.593454062861460185e-01,-1.176294707081030622e-01,-1.004554977060921617e-01,1.257486120615405184e-02,-6.787778088240334351e-02,-4.988382548112015730e-02,-2.457729313583734490e-02,-5.624360180451109040e-03,-5.376576726073570983e-02,1.109611785543710392e-02,-4.447032255712839166e-02,-8.878438432111833423e-02,4.313963478577736294e-02,3.062244604147203175e-02,4.608061700971041036e-02,8.016807770569379932e-02,1.381757631029045807e-01,8.302419051010456741e-02,9.482163108722841544e-03,5.126922355233539536e-02,-1.517678788254917532e-01,-1.037994473349650171e-01,9.136872305561910546e-02,-3.592904194942386081e-02,1.873518928596037622e-02,1.612194743445163891e-01,2.112387518161479849e-01,1.588075020547329019e-01,2.169166333464422614e-01,2.299053224684630414e-01,2.004385015559751737e-01,2.005054787656269655e-01,1.966663664561041081e-01,1.332085267019157970e-01,1.173115298281274671e-01,1.138373390596533197e-01,4.989128998580977248e-02,-7.008869045955813410e-04,-1.359725572293331297e-01,-4.496830913374827432e-02,-9.878615249442227603e-03,-8.331129497669864659e-02,-1.205753665888157355e-01,-2.281470909006300118e-02,-8.859772047616831792e-02,-1.127259764425290883e-01,-1.828283671432389401e-01,-2.009534122839602144e-01,-2.552203582018070516e-01,-2.755024031136547036e-01,-8.801408710324266915e-02,-2.719120225222039777e-01,-4.245705749610174246e-02,-7.748649378939798105e-02,-1.978871504945580728e-01,-1.422945178986018688e-01,-1.090159662490757936e-01,8.653593579665445901e-02,8.728246093927488625e-02,1.351087299608620673e-02,1.021388972649878296e-01,7.180066563968627580e-02,1.873161500155386475e-02,8.950763087965708797e-02,-1.095514089824754789e-02,-9.664495565458399232e-03,-1.022648949875086706e-02,-4.327411952043416733e-04,5.179479836468791482e-02
-6.005793725558065260e-02,2.486859380637132244e-01,-8.619181841133956301e-02,4.559284500705586274e-02,2.531557626598175958e-01,1.197989032023733802e-01,2.519977079525985778e-02,4.089317004510428788e-02,3.063768154799830779e-01,1.000000000000000000e+00,4.680847706688550103e-01,3.604150150903753236e-01,5.990007451470584776e-01,4.787953603767053923e-01,2.790017077258162212e-03,5.494521495208951611e-01,2.394381879900731869e-01,3.378177355419216821e-01,-2.866822764861800751e-02,6.197009620200638613e-02,1.133620619432547105e-01,9.900741173350990909e-02,-3.883802481384154848e-02,-1.424620696294147948e-01,-2.284416659331405530e-01,-2.405541914925216074e-01,-1.800132269815836739e-01,-2.159908660733344254e-01,-2.061378434851355856e-01,-1.514645652322317015e-01,-1.164050122903940165e-01,-5.738878047438599611e-02,-5.552801355865921717e-02,1.677086087934281586e-02,-5.029723472619824359e-02,-2.039670195888751425e-02,-2.711328950463020790e-02,-4.393924285182704281e-02,-2.704400776533261511e-02,-8.335788500366603238e-02,-8.385890295548836804e-02,-1.145183033750486468e-01,2.070981216399971764e-02,-2.880207896969810832e-02,-6.254510137999236621e-03,2.406041284632403354e-01,2.332331763804111890e-01,2.831061445793983111e-01,2.481391509489100540e-03,2.521184755310661441e-01,-7.889694005786231090e-02,-3.703143830415340371e-02,2.730014353538708916e-01,9.781181693603586969e-02,3.339454214240219349e-02,1.057000031152871555e-01,1.768485442697537713e-01,1.559569139636911295e-01,1.512549894264158534e-01,9.617855589669462024e-02,2.781547449616209589e-01,1.572878943998993750e-01,1.857467975017643158e-01,2.599144383786212154e-01,1.130808341091483621e-01,2.162602447300990549e-01,1.194585792604349883e-01,-4.308606503540776678e-02,-1.271722592073140645e-01,-5.747190006555207703e-02,-7.436602860907393087e-02,-1.561923412718274097e-02,-1.448138734789451709e-01,5.396943341594789834e-02,-1.360048967762342471e-02,-7.508765780627302266e-02,-2.686447586977427915e-01,-3.823854868513929528e-01,-2.733720423671642807e-01,-4.722513940051278891e-01,-3.587422049361315146e-01,-5.436147970546250097e-01,-2.877172769181031153e-01,-3.414000233933616735e-01,-4.451049530328783366e-01,-2.555642972139006153e-01,-1.025513552455868671e-01,2.139911936044605334e-01,1.122213244550550465e-01,6.300623805041655201e-02,1.148623228027145088e-01,1.239299127253135346e-01,-3.044572961839070793e-02,1.157112267515077592e-01,-2.669678461192164301e-02,1.334835608185367013e-02,4.116099559429314825e-02,4.166373362648113227e-02,1.000579292997937769e-01
-7.723028777324125738e-02,5.839230570561509265e-02,-2.144417891130959986e-01,-9.866168530914727619e-02,1.421297307370812113e-01,1.503068235057443414e-01,-5.353292513451433227e-02,1.540307652026687291e-01,1.961765314747793421e-01,4.680847706688550103e-01,1.000000000000000000e+00,3.831248169175670570e-01,2.617161680457774642e-01,3.798967706339606565e-01,-1.456606039289126131e-01,3.198099120697811548e-01,1.088926596598182167e-01,1.661119609712320422e-01,-2.263053656672002756e-01,1.417205279155761555e-02,-1.759621751486665706e-02,-9.251343674026088482e-02,7.954771597140948558e-02,-1.542107400600373213e-01,-1.642448487214855646e-01,-1.183406781788707285e-01,-2.141699008132581794e-01,-1.266453148805825324e-01,-2.338720701517646716e-01,-1.351376789644470611e-01,-4.657018481248978437e-02,-8.364009975970933264e-02,-8.791245993644589141e-02,-6.253631086257559202e-03,-9.535729281678566316e-02,2.333162092126312911e-02,3.547123929239891227e-02,-4.383208516965709264e-04,-7.814806764851900400e-02,-2.066163842006481233e-02,-6.548103721915028708e-02,-6.176719620082680301e-02,-3.932334414165632175e-02,5.827130143027056675e-02,1.077900277223872195e-02,2.864158206690289865e-01,2.763146149362565307e-01,2.863061776432150318e-01,1.276759692610824337e-01,6.172399714925182190e-02,-6.432577188250188094e-02,-1.435177674930264158e-01,5.857627630882831365e-02,1.007917692349320597e-02,-8.529093742769430775e-02,-1.030643410791400169e-03,1.464396300702187625e-01,1.089848874371228448e-03,1.320994167164595522e-02,5.583762142735945039e-02,2.527957146446047076e-01,1.289001437732614774e-01,2.412120812298312600e-01,1.929889223719523095e-01,1.870980628740492036e-01,2.288106041260360990e-01,3.596294506569053945e-02,4.354451761601686732e-02,1.316746955308299195e-02,-1.076920194154516036e-02,6.925634632251645960e-03,7.515177916314146576e-03,-1.874138221362523990e-02,7.772927973440210692e-02,4.602324510379903616e-02,5.749816371325146454e-03,-8.193094202096276590e-02,-1.751339729600723261e-01,-2.618464075536480751e-01,-2.679012499394531899e-01,-2.556523937438114902e-01,-3.328932321108746262e-01,-4.026201707459099027e-02,-2.128991511338659270e-01,-1.994055766682364672e-01,2.226674648427120692e-02,-1.659970621134089774e-01,1.904710093430134893e-02,-6.378120387125030266e-02,-5.630026934239844121e-03,-2.415529021631531228e-02,4.865888773953754021e-02,5.352133133961181621e-02,7.840041645560535954e-02,6.480924063970840143e-02,6.249711624385877184e-02,2.602378110084007518e-02,6.474508258492128743e-02,1.020274553605157175e-01
-1.437884419981273476e-01,-2.926070479320366444e-02,-8.451583216070514271e-02,-1.357873148490091608e-01,9.785928454353018044e-03,-3.662631590285378436e-02,-5.677581686680503725e-02,6.224886402233044402e-02,7.618210162781027806e-02,3.604150150903753236e-01,3.831248169175670570e-01,1.000000000000000000e+00,2.829292197382503593e-01,5.230707591218901609e-01,1.914824956057048500e-01,2.250572876376944476e-01,-7.577987528448869303e-02,1.616167383523738066e-01,-2.436044120669189350e-01,-9.877879553352936215e-02,-3.783828397669288662e-02,-9.931263624013414448e-02,5.593099958995001453e-02,-9.366487118889799124e-02,-1.421804650771494316e-01,-1.398287560994924406e-01,-1.656552886177105888e-01,-1.061701502277906800e-01,-1.337222193465165132e-01,-5.195623029970771606e-02,2.805177109924525403e-02,2.541022463163515599e-02,2.241031417425510056e-02,8.984275920806673865e-02,3.052200598167383039e-02,9.768205056604373215e-02,2.935656377876026679e-02,-6.099530594794151661e-02,-7.421410703894443413e-03,-7.086836809527496950e-02,-1.600323233882120777e-01,-6.645163561849787293e-02,-8.028535364987403333e-02,-2.121917662984593514e-02,-6.920859659247854956e-02,2.941231858577268432e-01,7.572711207972776526e-02,3.221300200888778109e-01,2.076866433121140054e-01,3.479138555491380069e-01,1.947076246056811677e-01,5.470338964205707921e-02,2.993865981524750919e-01,2.073059197079478722e-01,-4.345032947356228248e-02,-3.498876991684913423e-02,-1.243587202589036544e-01,-4.364520397140988356e-02,-2.027610532208069527e-01,-1.887437205286739972e-01,1.149561836110124108e-01,-1.332874052511166529e-01,1.443400775433529015e-01,4.853402991806345969e-03,-1.022512154045646798e-01,1.370564944615796088e-01,-1.393775404210223223e-01,-4.898964029172447193e-02,-3.558079523819116657e-02,5.695479332180298365e-02,1.034286883603749430e-01,7.553901800185289228e-02,8.244630974645257571e-02,1.563994783090891516e-01,1.061584162573520201e-01,6.824685095111636401e-02,9.662467000085331326e-02,-1.451809724833196535e-01,-1.493155498862956954e-01,-1.351239941576005688e-01,-4.036588772570415817e-01,-2.368348607445885101e-01,-2.141121976677916594e-01,-3.434653703615561104e-01,-2.216780532269420345e-01,-9.823360606279822604e-02,-9.042228942889299348e-02,7.066506149446887333e-03,-8.408119745790766653e-02,8.235782928866654251e-02,4.923928949064008270e-02,1.827908252672375278e-01,9.478652060367606658e-02,1.269304482246111088e-01,9.135356329060745351e-02,1.074833803205654387e-01,1.254883765294146636e-01,6.134573203025660282e-02,4.034054088398125737e-02
-1.000851028202456583e-01,1.847873232608812089e-01,-1.049966970443603070e-01,-4.126262567041958512e-02,1.773455198208808981e-01,1.699869629574083940e-01,7.193363504422033150e-03,4.973455491637637782e-02,2.516098510738091210e-01,5.990007451470584776e-01,2.617161680457774642e-01,2.829292197382503593e-01,1.000000000000000000e+00,4.995126619976732463e-01,1.515727873589165497e-01,6.730118989375458716e-01,3.303295461465460270e-01,4.811379840629735893e-01,1.481431356714933423e-01,1.173605146078154360e-01,2.879435274959065150e-01,2.706308823239031991e-01,-1.613900219338790590e-02,-5.004355584865761292e-02,-2.061669981218432202e-01,-2.683460046090802575e-01,-1.552171164624228106e-01,-2.062653222553462451e-01,-1.486585783504332237e-01,-1.084182529922385618e-01,-1.098178676936002740e-01,-5.904478652789992010e-02,-8.477968139495245525e-02,-3.650675451305662039e-02,-6.643790825420038682e-02,-1.101987261072502194e-01,-1.080233701425596937e-01,-1.312983327551837109e-01,-8.707897659040332583e-02,-1.762054294357995599e-01,-1.527706749384019902e-01,-1.008798025828351597e-01,2.074759294655222075e-02,1.996442756740481397e-02,3.948109306439197969e-02,1.981375087959006409e-01,2.385599519305147409e-01,2.717323648509460954e-01,-1.572874902905317118e-01,3.439505813342837448e-01,-1.762184478644043470e-02,1.423651581625443585e-01,3.560004641330055675e-01,2.514992496322887017e-01,1.417504078041506299e-01,1.500750024011438810e-01,1.192886786437701019e-01,1.822391542754637217e-01,1.699207698356856311e-01,4.184778240088892626e-02,2.706990765924434661e-01,1.272081721155827183e-01,1.444840306925462836e-01,2.903555683668913590e-01,6.617706243807183752e-02,2.056792250759247875e-01,1.384529426744718350e-01,-1.163480296119035473e-01,-1.172251324509082093e-01,-1.404442295525628048e-01,-9.787156053539418366e-02,-1.298261816669243895e-01,-2.130387541459577705e-01,-2.747053430284659981e-02,-1.484013690039375222e-01,-1.279412822261111471e-01,-3.554213703825659376e-01,-4.860777590775521295e-01,-2.178668949880403771e-01,-5.641706432827582329e-01,-3.728385020171674502e-01,-5.563946998586127846e-01,-4.737635318731449052e-01,-3.221054655661534927e-01,-4.554072642218041644e-01,-2.965139794455919908e-01,4.388342230945081052e-02,3.709486270047482326e-01,2.526020912760857384e-01,1.014309322910525168e-01,1.352464008639458204e-01,2.057551744309721320e-01,8.178894841041221614e-04,1.892855364615360914e-01,3.608925616332938485e-02,-9.864764009191699309e-03,1.082715952656130159e-01,9.650123220289306969e-02,1.169421196806422758e-01
-1.520619316281759670e-01,9.129365877996675760e-02,-1.338138233436325375e-01,-7.266490074166616353e-02,1.350398445735220276e-01,8.775579313044221119e-02,3.950905945280812175e-03,1.033022499265001948e-01,1.264937778673504154e-01,4.787953603767053923e-01,3.798967706339606565e-01,5.230707591218901609e-01,4.995126619976732463e-01,1.000000000000000000e+00,3.313713677461421203e-01,5.144135021765656735e-01,-1.238152176022386391e-01,2.205516868452220836e-01,-1.927480173365944405e-01,-2.042814769391182728e-01,4.224069250039680368e-02,1.383809279167651923e-02,1.169025645697938098e-01,-1.140460787519431418e-01,-1.766878112169056603e-01,-1.652225376855454564e-01,-1.635203984886665352e-01,-9.894377750824161211e-02,-1.988669216277709484e-01,-6.443085731625666779e-02,-4.423903761302121207e-02,-3.135050678658193868e-02,-8.229175612604996276e-03,5.482377979469422319e-02,-2.398906154050516049e-02,4.017749348034076878e-02,1.679286187266464808e-02,-7.338070701461277268e-02,-1.939497723875549876e-02,-1.432452895438301489e-02,-1.251965658868737785e-01,4.004585599336091262e-02,3.473712095628316791e-03,-2.808217364716641268e-02,-1.807063637305135776e-03,3.614826379371718912e-01,3.877479954510936605e-02,4.550547740156653531e-01,9.763778466635728015e-02,4.813753194361145571e-01,3.072033239729838328e-01,2.289673306307166700e-01,3.939724534234956832e-01,1.722180723311189932e-01,-2.032485581422368431e-02,2.416756382028006217e-02,-4.847807953183907656e-03,4.509088919169946391e-02,-9.808889459927928878e-02,-1.739289667517709970e-01,1.275455325649669236e-01,-8.768505022267403248e-02,1.263231332439252452e-01,4.750830461741776395e-02,-1.088513915320908909e-01,9.963808818477223883e-02,-1.656196324048343771e-01,-1.698997989943862308e-01,-1.163391082944520566e-01,-2.234782976873088411e-02,1.460940874028489496e-02,2.969819550258665300e-02,3.996935662158916658e-02,2.794556005723060621e-01,5.635954147132302833e-02,1.612956528392504862e-01,4.030273500690828223e-03,-3.602036855844742980e-01,-3.186480882588157981e-02,-2.999663436257153371e-01,-5.934340674512003089e-01,-4.226821375931784086e-01,-4.928532563119499277e-01,-5.379540979211727691e-01,-2.011405510228818638e-01,-3.105104816815304480e-01,-2.386062094129064171e-01,1.773369502213454629e-01,-4.049510133840937554e-02,-3.801301881536683913e-02,-4.437995723488761396e-02,1.213189550208970541e-01,-8.568678852797781409e-02,4.199713704679011728e-02,-1.176449708194544398e-02,-5.846189797166081309e-02,8.522394089599960587e-02,1.809621507220308956e-02,1.207347686806781589e-01
-1.249682099181183420e-01,-1.532988262074956032e-01,-7.754394800042638258e-02,-1.217975018249069230e-01,-1.091445533230310794e-01,-1.317519075522020910e-01,-1.318218763236336799e-01,7.889510663313399619e-03,-1.275965510373203715e-01,2.790017077258162212e-03,-1.456606039289126131e-01,1.914824956057048500e-01,1.515727873589165497e-01,3.313713677461421203e-01,1.000000000000000000e+00,8.818736934335162647e-02,-2.126877812354029118e-01,2.154531017639025048e-01,1.989757047515517963e-01,-1.390197398789196070e-01,1.577710761213398649e-01,1.593385563440479213e-01,2.140147289446261980e-01,1.871754914678465109e-01,1.988922583271660605e-01,7.879370026384402426e-02,8.823706060927564987e-02,8.733081402818940187e-02,3.148466076941391217e-02,9.882788233929575006e-02,1.236145351013446386e-01,1.438803170152557764e-01,9.807685364055521160e-02,8.729513807663782932e-02,7.632509948760866914e-02,5.896385595633155119e-02,-2.065927012224636622e-02,-1.063821054417176531e-01,-7.469992198746878281e-03,-2.759446352941894581e-02,-1.160274593126024850e-01,7.848033798097882319e-02,-1.000892245189266838e-01,-1.559501606064984114e-01,-6.733825292591354150e-02,1.752662561877183986e-02,-1.708511700726176585e-01,4.191784161293411054e-02,3.435211926344280270e-02,3.003297180803147781e-01,3.431884635272328676e-01,5.718383108410889371e-01,1.984436589550425123e-01,2.091085308534115783e-01,9.372020054466186079e-02,-7.242289544475154217e-02,-2.415190705706770635e-01,-7.462274040106958717e-02,-1.740020798464269602e-01,-2.404612109052345348e-01,-1.247192638016795807e-01,-3.020517609274728787e-01,-1.583458737642790548e-01,-2.150470885336493165e-01,-4.013159216011229491e-01,-2.279946747403581997e-01,-2.987890931448453080e-01,-2.845095990216566229e-01,-6.154711983131545827e-02,-1.253719636057514242e-01,-5.369728829306161244e-02,-1.163067622716313088e-01,1.026389478665069299e-01,2.171771182869496608e-01,-1.464579895772570584e-01,2.521463516189390019e-01,1.273931949325062263e-01,-5.741046252652030196e-02,4.419392150041364653e-01,1.622234712075948937e-01,-1.524146775554118260e-01,1.477962199263960497e-01,-4.886057417212597564e-01,-1.053729302274072216e-01,2.438795897741511884e-02,-6.168866193027825601e-02,9.716664279392416004e-02,1.701025720283947107e-01,5.220328139554891722e-02,1.706271640648006696e-02,-1.533436020862002092e-01,3.475567863163978727e-02,-1.024473886705371400e-01,-4.484950320266741647e-02,4.641589363986704797e-02,-1.216609065625301050e-01,7.251981280113771466e-02,-4.259665544471309684e-02,5.528697207151212802e-03
