1.000000000000000000e+00,4.084062314372552960e-01,3.805894350427461714e-01,1.854102096478363881e-01,1.836403616202483546e-01,1.507803952130671588e-01,1.646336971369591617e-01,1.124736062511772910e-01,6.215428536436017060e-02,1.296575165385064621e-01,1.028614033943141270e-01,7.203554648097368340e-02,4.113451915326542946e-02,8.947519920187367581e-02,4.413892446983738727e-02,5.325463596247976411e-02,1.837863557554747854e-02,3.945964745002265850e-02,6.412245228604432357e-02,4.551455050891537596e-02,1.705179804977714070e-02,6.983556289095149694e-02,3.733686649474887015e-02,3.150532199368977215e-02,1.446063479835073187e-03,4.074652353415485206e-02,1.460662825838565833e-02,4.682989111430777701e-02,5.308366288652942994e-02,5.212221088755333853e-02,4.727302783126061114e-02,3.448978242083314272e-02,4.304562879990044000e-02,2.697732754283455395e-02,-4.355346337248188968e-03,3.326674124637588742e-02,4.673015669339088130e-02,2.784998571678556564e-02,7.181098372282894438e-02,5.609945190933119524e-02,3.309004814200015854e-02,4.139457412963485489e-02,4.204929749546990753e-02,3.073665048483359072e-02,3.443566735586911509e-02,4.712066874126130678e-02,3.650205286003874866e-02,3.860433848652974897e-02,4.249760929748139932e-02,3.218886529321089707e-02,3.764981201616850875e-02,1.118692532699134407e-02,2.040273236436469448e-02,5.333926594260541719e-04,2.373300228795546460e-02,2.765456264687941521e-02,-6.408899632477981466e-03,-2.629624793708734004e-02,2.991481976187018374e-02,1.591071663103854963e-02,1.008177035733342532e-02,-1.045035057548150854e-02,-2.895298548027679456e-02,-3.323849382946002934e-02,-1.707430303511172157e-02,-1.129550069682584701e-02
4.084062314372552960e-01,1.000000000000000000e+00,3.139241204782855510e-01,2.174210915020451107e-01,1.847594267007778845e-01,1.204192456409133721e-01,1.652830689411493581e-01,1.014868179903573309e-01,6.539592220627406249e-02,1.446356051550327093e-01,1.128633985879233248e-01,8.921628033880145414e-02,6.613644809533160418e-02,9.736449166254608489e-02,6.068718935937288811e-02,4.825135823103927218e-02,1.936667241267237688e-02,3.185237785269397215e-02,5.155603478385752114e-02,4.237011090140277436e-02,2.448905735538215930e-02,6.824220643140414821e-02,2.420413109722882594e-02,1.978425959918315644e-02,4.143783174187063052e-04,3.654783660842195192e-02,2.374539299984436067e-02,5.242787374199099626e-02,6.036615403781181444e-02,4.882967728352145126e-02,4.330176974543428758e-02,5.265864772865269661e-02,4.165430916701131497e-02,2.441236332844933313e-02,1.170610397850398512e-02,5.421399325824161064e-02,3.623137311122059945e-02,4.002036569059481963e-02,8.034107467074627640e-02,3.743134288289579753e-02,3.199790155064926450e-02,4.860858856140737316e-02,4.945025456669866620e-02,3.907390738507270089e-02,4.511865357239121244e-02,3.929899572877296882e-02,2.385015809528429065e-02,3.735202420049373029e-02,3.799018526747641872e-02,1.998537214254597974e-02,1.827733174762896304e-02,2.185088863480651872e-02,2.536415131148037766e-02,1.641518626140922544e-03,7.414805085006263320e-03,4.579119927345686770e-03,1.430493487996781568e-02,-2.865337948282755190e-02,3.955200510786945588e-03,-1.054406308946504237e-02,-1.456250699172955613e-04,-2.507962677442069840e-02,-3.406882108490598415e-02,-1.601856117006348820e-02,-2.048542395324602292e-02,-1.132719267347751056e-03
3.805894350427461714e-01,3.139241204782855510e-01,1.000000000000000000e+00,3.260566590758317562e-01,3.330717931471954274e-01,2.108791626104396522e-01,2.304916781786603142e-01,1.401315077099258011e-01,7.549519502683572914e-02,1.949129457102889706e-01,1.239833359917562466e-01,9.355290487032148772e-02,7.535598982875754692e-02,1.199638203095754474e-01,5.518878968842600569e-02,6.594831236978626610e-02,1.827472658002624040e-02,4.748310795240879428e-02,6.116386602590732913e-02,4.648751418169368155e-02,1.009706883657905153e-02,5.863120951092511135e-02,2.667942184826855440e-02,4.308085654791806406e-03,-2.919879291862034765e-02,3.200755357901812620e-02,3.303660227347982037e-02,4.556672861337063285e-02,5.334696439940598417e-02,5.373842874705841988e-02,6.160526079342799888e-02,5.743457504257578478e-02,5.459910649314151515e-02,1.742754392851257605e-02,2.289975936043987803e-02,2.013338154964028695e-02,2.892231886322628800e-02,9.961512134919723455e-03,5.780912188091555381e-02,5.741154036036300728e-02,4.475033223450266412e-02,6.189875020904378466e-02,3.029160627318046306e-02,2.826381744306653496e-02,4.033461985004209438e-02,3.967674599056358886e-02,3.552979958726704829e-02,4.671976922719083686e-02,3.506846523933895149e-02,4.427706384299850972e-02,2.778187037330234407e-02,5.876726156404335315e-03,3.237857245742113699e-02,7.497923693221977305e-03,2.377982883071734499e-02,1.453663365003372149e-02,-7.700376048274257083e-03,1.805351287227840865e-03,1.923596341013584718e-02,1.019273026001633539e-02,-1.796565402964033983e-02,-5.570225882846385063e-02,-5.474692217627604579e-02,-2.819038394119607535e-02,-9.651552989328991000e-03,1.914896259953463836e-03
1.854102096478363881e-01,2.174210915020451107e-01,3.260566590758317562e-01,1.000000000000000000e+00,4.359944307280346765e-01,3.772552264500950159e-01,4.308919718505860863e-01,1.617763525807036917e-01,1.212183189663447458e-01,3.744666326185327465e-01,2.033127026332792464e-01,2.109810899666851591e-01,1.339529575996431243e-01,1.980849254082820698e-01,1.583906612966573813e-01,1.180558836783986293e-01,3.034511525655736452e-02,7.564839985639777720e-02,1.055271430351780171e-01,6.885665555267753146e-02,-3.688994576659875707e-02,7.637568631166363753e-02,4.046259170852292003e-02,4.507477700746796018e-02,4.969833908699165803e-02,9.199902360366224441e-02,4.807750351333069105e-02,5.459928195842653209e-02,3.699334711579017193e-02,7.866514115635866999e-02,4.653660285651629175e-02,4.870087211502504426e-02,8.651474809724059301e-02,4.179625780481241448e-02,3.058897154622624778e-02,6.653815780461132257e-02,5.623978016794121959e-02,3.599343482860831167e-02,6.428714799403001390e-02,3.407190259482607148e-02,1.713428409390121282e-02,9.582217509848124301e-03,1.626562431577872848e-03,1.701692078308315176e-02,1.668094655275151675e-02,2.997258802646012021e-02,2.005038434698534766e-02,1.887407623478356070e-02,8.353610961949007457e-03,-5.365605626463695009e-03,-1.368955955998996631e-02,-3.850730939225463501e-02,2.790713379822784557e-03,-2.518835504659179200e-02,-1.900148657831397456e-02,-1.223013050335616976e-02,-3.014781993011586211e-02,-2.787293378471707508e-02,1.972674942381279911e-02,-3.735041126643892651e-02,-1.502196468664925358e-02,-5.083408206800641566e-02,-3.572197723206176762e-02,-1.950817465320889982e-02,4.692833789545138024e-03,-3.450870092377291993e-03
1.836403616202483546e-01,1.847594267007778845e-01,3.330717931471954274e-01,4.359944307280346765e-01,1.000000000000000000e+00,3.660705090129339201e-01,3.707856855309776822e-01,2.391279763449374596e-01,6.288867067324646620e-02,2.884044103727260722e-01,2.286811036969406963e-01,1.318071247436576610e-01,1.233456264843784539e-01,2.123710258967934916e-01,7.158002203798188856e-02,1.434370129072448929e-01,7.712795158766110049e-02,7.355691864058348794e-02,9.567705612752219757e-02,6.096609680133445452e-02,-3.255527085314794539e-02,7.438957258769657299e-02,4.032273965719850028e-02,2.484866627837750003e-02,7.903284258127536710e-03,2.452359199594498010e-02,8.475898273881867645e-03,4.895187870199052549e-02,1.676621590689139976e-02,7.024754253435847029e-02,5.406168497542434420e-02,5.460026751728149635e-02,6.580341939474416979e-02,3.532358725502467850e-02,1.954596972822550752e-02,2.704473215621064006e-02,5.061025909367240089e-02,1.928133641805488199e-02,4.045808823150547073e-02,3.531289345671882046e-02,3.650039355820078324e-02,1.127926821701435815e-02,-1.686089031032732277e-02,-6.256444858740477927e-03,-2.439134437951434586e-03,1.667916401343813582e-02,2.410239476557012039e-02,1.388523554614582919e-02,1.266874763072060872e-02,3.466427174055035799e-03,-5.642224074897351713e-03,7.249468658173158133e-04,1.166885996867602325e-02,-2.173495802050032927e-02,2.495672328449464322e-02,1.453334243870014857e-02,-3.953404618052813041e-02,-1.191006975088665376e-02,2.984698127976519828e-04,-2.163228478855153559e-03,9.016244174420559240e-03,-3.904248347691838261e-02,-3.583045363059116084e-02,-7.541218058991711395e-03,-2.325445023576299969e-03,-8.823244297380853501e-03
1.507803952130671588e-01,1.204192456409133721e-01,2.108791626104396522e-01,3.772552264500950159e-01,3.660705090129339201e-01,1.000000000000000000e+00,2.911807188238765276e-01,2.428249208510240287e-01,1.194354193144593346e-01,2.189273330966701736e-01,1.497248216475763061e-01,9.180188201556614691e-02,3.104340176090716885e-02,1.417930915861932706e-01,6.925814191039751655e-02,1.014829480820762936e-01,9.001533973845158090e-04,2.495288688400069607e-02,5.738952794589681494e-02,3.735773745097956816e-02,-1.514156892627444538e-02,4.083991788823455871e-02,2.431497465486179982e-02,2.575747236688599381e-02,3.624053147966772859e-02,7.038290847358316671e-02,4.950697232325605018e-02,4.576947710382204410e-02,1.544952763093580990e-02,2.194597186698187333e-02,3.846074021619589473e-02,3.474530096095999193e-02,3.836483062798814320e-02,9.909316209699925437e-03,1.140094258660148858e-02,3.741799113295997403e-02,4.788064911664925011e-02,4.614529333082571100e-02,5.467869558703791072e-02,3.269457584361973312e-02,3.428847264694651065e-02,1.462390195515728478e-02,1.165830245935923354e-02,4.462596891003230495e-03,1.197568138192821492e-02,2.531988808286752754e-02,1.034368203495382617e-02,1.288600746179676543e-02,2.198441334673225181e-02,7.769678892510270031e-03,2.937588270561330636e-02,-3.268897579655645307e-03,3.492953396264645433e-02,1.862386528652022494e-03,5.202566451978909642e-03,2.383947474346708589e-02,-1.638531304051277573e-02,-6.792000370716029783e-04,2.103543732901724111e-02,-3.773592857558286844e-04,4.039348947350859809e-02,-4.007717879764939595e-02,-3.347285407127090912e-02,-1.202673394273046786e-02,-5.246094082709365156e-03,-6.788805251492730473e-03
1.646336971369591617e-01,1.652830689411493581e-01,2.304916781786603142e-01,4.308919718505860863e-01,3.707856855309776822e-01,2.911807188238765276e-01,1.000000000000000000e+00,4.743568517287557462e-01,3.908827584755012463e-01,6.949409606542253925e-01,2.791317657897309790e-01,3.124880194684647172e-01,1.483898190004186435e-01,2.885083002374021488e-01,2.263076677138264603e-01,1.351841321793999240e-01,-7.029721210874664145e-03,1.421175751666659548e-01,1.107222970567008219e-01,1.385422852177010944e-01,6.066057294924351306e-02,1.262624001636762638e-01,2.915261443802157071e-02,7.741677598233825952e-02,9.739535444696639788e-02,1.309595371599446556e-01,4.135060846572125720e-02,7.431455001529189974e-02,6.154020785232741653e-02,9.819930957014337547e-02,8.092463914456683727e-02,6.993136827333971961e-02,1.177473493402823868e-01,3.104382356783730659e-02,-1.991937350740141405e-03,9.948271650002205035e-02,7.255797800072956438e-02,8.909083653909631584e-02,9.227136934955292025e-02,5.412427860589482526e-02,4.585959860794099757e-02,2.315879722702552171e-02,-5.165456078480738962e-03,-9.012244305046501064e-04,2.044990707601035060e-02,5.784977128372915250e-02,3.665681389824499564e-02,2.580268696857174193e-02,3.683173740212303954e-02,2.677172963368488340e-02,1.148729602402520644e-02,5.667518209717481957e-03,2.098851809338711863e-02,1.323081462271861325e-02,1.441531726390975600e-03,-6.863910714007230053e-03,-4.003006206629879105e-02,-5.020888148226496442e-03,2.874072122779050553e-02,5.557343602384167032e-03,1.253616915967019352e-02,-1.301235882880304000e-02,-2.429379997107972144e-02,-3.648987607667574483e-03,7.746241920203790834e-03,2.861658444940478122e-03
1.124736062511772910e-01,1.014868179903573309e-01,1.401315077099258011e-01,1.617763525807036917e-01,2.391279763449374596e-01,2.428249208510240287e-01,4.743568517287557462e-01,1.000000000000000000e+00,4.147233532589768012e-01,2.225123410782942901e-01,1.633091764679539537e-01,-3.473966332500609544e-02,-1.684332681938585929e-01,1.429161403838817290e-01,-4.949124129991730459e-02,-1.976897273475430525e-02,-6.862556804837249835e-02,2.970965930183406059e-02,-4.173964355902270995e-02,3.081945129977470277e-02,6.496468395184917810e-02,3.290372360874618124e-03,-1.799962710141521718e-02,7.862658306885180262e-03,1.127363573249995886e-02,5.422111244502169497e-02,2.778946097181513725e-02,2.803663142164258479e-02,2.142265387413418848e-02,3.236056095026402374e-02,2.506958152104636628e-02,1.998729693881619654e-02,5.715113324022393082e-02,2.666828484888564971e-02,5.565989395135167127e-03,5.328217582695343735e-02,2.978279474702726776e-02,5.523100019241870134e-02,4.867860867031496841e-02,3.092795433333176899e-02,2.699081567060915982e-02,1.255339576012295781e-02,2.848113472243642141e-02,8.054427550301883343e-03,1.808605048316990274e-02,5.649974880905517249e-02,3.177687040630059606e-02,2.104151697375382987e-03,3.633004749502227737e-02,3.735669698816000348e-03,2.751630996283330882e-02,2.776415265181264233e-02,5.392094673159560092e-02,6.446823054363699790e-02,2.165560629938419190e-02,1.620689955440730162e-02,-2.369486848228102849e-02,1.057445216486182019e-03,3.732828442979352346e-02,1.117207239140749486e-02,3.648960029788433923e-02,-1.322616925932150814e-02,-1.827119676532354756e-02,-8.691808573285660783e-03,-1.414096304064095012e-02,-9.121995228634719594e-03
6.215428536436017060e-02,6.539592220627406249e-02,7.549519502683572914e-02,1.212183189663447458e-01,6.288867067324646620e-02,1.194354193144593346e-01,3.908827584755012463e-01,4.147233532589768012e-01,1.000000000000000000e+00,4.107315824249110903e-01,5.507050935660332686e-02,2.991969670136224724e-01,-4.733613756618665347e-02,7.026160618135909863e-02,2.722305227266567651e-01,-3.383223810236237351e-03,-6.614087318474563826e-02,1.368576061183804093e-01,7.082552152260561396e-02,1.209768030345026724e-01,8.387747165332533339e-02,1.053467651201621252e-01,7.573258266665045327e-03,6.528055219169501266e-02,7.952572646838142190e-02,1.155457503367783023e-01,8.434243799169088840e-02,7.468655094281488604e-02,1.029036421467739160e-01,6.087423250554266363e-02,9.482514731436424149e-02,7.106041591480591335e-02,8.734467434302069233e-02,1.731954861547045990e-02,-7.112863055101069192e-03,7.935898419867302989e-02,1.611744539899392578e-02,6.066963751016846151e-02,8.054999896960021721e-02,3.416004836949781270e-02,2.135176816189303731e-02,-4.913738935654892066e-03,2.109805517744860887e-02,-1.783916192106128722e-04,-2.378387107543481968e-03,2.088732107616075862e-02,8.012483222488367071e-03,3.701258395277379643e-03,3.533463484736983767e-02,2.081790130405865996e-02,2.651530638342168567e-02,9.906294636867258099e-03,1.927268830113159151e-02,4.056430188322451141e-02,3.639629196459731597e-02,3.301733398058984137e-02,-3.976749598654976195e-03,2.207676364516442807e-02,5.208874202805975628e-02,2.682550982220493693e-02,-4.309623789709495769e-04,-2.460604312690507084e-02,-7.013297242428738476e-03,1.720036515614477854e-03,2.806042667562433368e-02,5.335491639891405853e-03
1.296575165385064621e-01,1.446356051550327093e-01,1.949129457102889706e-01,3.744666326185327465e-01,2.884044103727260722e-01,2.189273330966701736e-01,6.949409606542253925e-01,2.225123410782942901e-01,4.107315824249110903e-01,1.000000000000000000e+00,2.894435330834508324e-01,4.912892100233462456e-01,2.816002786283118842e-01,3.246622115786921281e-01,3.834243044991911820e-01,1.966437191802893059e-01,3.019116407943216868e-02,1.855109587299951790e-01,1.893585047826154555e-01,1.921210590184505573e-01,5.288619359800521280e-02,1.873753861684934185e-01,6.318203452220674810e-02,1.243553892666312694e-01,1.259635112645322019e-01,1.530971964354185810e-01,5.763314349908760931e-02,9.721778442893416750e-02,1.010886503094249600e-01,1.144375234360023724e-01,1.051939595723997561e-01,8.541033395613772949e-02,1.251393384609191528e-01,3.176035600548317295e-02,1.850773935724652711e-03,1.094765458047277373e-01,6.372086777497185106e-02,8.365962453793894527e-02,9.956188429429321807e-02,5.928369663312350185e-02,5.001257349672086350e-02,2.956680182961139020e-02,-1.108889663150627002e-02,-8.404279947346205565e-03,1.825256941689551438e-02,5.699017247421868382e-02,3.433115706627447999e-02,3.728838303639719215e-02,3.932488379223788438e-02,4.381682808871973506e-02,8.014515750728763710e-03,1.340395280440495130e-03,7.762892762663274084e-04,-5.296335390943889346e-03,2.130415885760667330e-02,1.038739963684691230e-02,-2.190747348083439683e-02,4.799362705580089740e-03,2.945906026162290262e-02,1.062595313453311603e-02,-1.028080606997356468e-03,-1.294137819857251598e-02,-1.087389012635195905e-02,-4.518832283796634167e-03,1.956418111257923406e-02,-1.395182275688940229e-03
1.028614033943141270e-01,1.128633985879233248e-01,1.239833359917562466e-01,2.033127026332792464e-01,2.286811036969406963e-01,1.497248216475763061e-01,2.791317657897309790e-01,1.633091764679539537e-01,5.507050935660332686e-02,2.894435330834508324e-01,1.000000000000000000e+00,4.448035385109367912e-01,3.833832667645354353e-01,7.134969078791745245e-01,2.825674482481167482e-01,2.532414963827506749e-01,1.114899639575464702e-01,1.065325381300437635e-01,1.240132636520707154e-01,1.057116633785124132e-01,2.918011589787943699e-02,1.228350798733525845e-01,8.784008238733841123e-02,9.891647947932323548e-02,9.049769385233664976e-02,1.298347301141117571e-01,6.707286559575990383e-03,1.024957796802903887e-01,1.244127882977482807e-01,1.390884844385365804e-01,1.198765849175806308e-01,1.202836341248274127e-01,1.301332904503414711e-01,3.160661191828116612e-02,4.102790471029112152e-02,9.747693856178450689e-02,8.833213424701301386e-02,7.768891928688280435e-02,9.258073025481372564e-02,9.640194681738127602e-02,8.531269553178429110e-02,8.178707785435307409e-02,7.055188475509667489e-02,4.761257633293684843e-02,4.655480028760607125e-02,8.619329221876131930e-02,7.601648642460895333e-02,6.748455398822512941e-02,6.443168096051984928e-02,6.683774133693207165e-02,4.053717255950300968e-02,2.449906289901020162e-02,1.097949350911687008e-02,-6.394094095767259914e-03,4.993073052543218690e-03,-9.773223857400087713e-03,-2.500297133746954073e-02,-1.225895908169130459e-02,3.512412525415691683e-02,1.789752512955018401e-02,2.831366747326842168e-02,-1.149469986818013253e-02,-1.989663332423776548e-02,-1.302341896992655415e-02,6.609414148415447554e-03,-2.740189467638480536e-03
7.203554648097368340e-02,8.921628033880145414e-02,9.355290487032148772e-02,2.109810899666851591e-01,1.318071247436576610e-01,9.180188201556614691e-02,3.124880194684647172e-01,-3.473966332500609544e-02,2.991969670136224724e-01,4.912892100233462456e-01,4.448035385109367912e-01,1.000000000000000000e+00,4.410503754296254963e-01,4.453982306073313580e-01,6.909744524045701164e-01,2.205706414639950486e-01,4.149976355346969570e-02,2.420225544302718745e-01,3.079776839442524006e-01,2.702752526087918161e-01,5.530376877778251515e-02,2.842556264819201539e-01,1.189928687162690596e-01,1.728758423553815871e-01,1.479688738516220792e-01,1.876811221760120718e-01,7.578149108170011139e-02,1.497489115658206527e-01,1.839873119796673062e-01,1.572351318887386940e-01,1.735792381272578400e-01,1.434285116535101157e-01,1.575122726951717067e-01,1.485033583519838711e-02,4.885420178193381618e-03,1.322529838282844317e-01,8.779500152500266386e-02,9.476648806206908193e-02,1.110514656369442771e-01,9.362033676338002430e-02,7.346151226213024077e-02,6.182639673379160261e-02,4.401858932477489827e-02,3.056170581228272870e-02,3.079730534503779746e-02,4.241440603638330087e-02,4.926738420527337209e-02,6.021231919933602017e-02,8.222707791705373415e-02,7.136248307596557150e-02,5.011541536115091816e-02,1.728523873789194684e-02,-1.884143703817460491e-03,-1.086884579304005921e-02,1.096563983656649588e-02,1.060707085069251049e-03,1.717599200924766834e-03,6.653050566480400545e-03,2.364482945742567288e-02,2.984747364279060483e-02,-3.523408184137943617e-03,-2.370205859614332375e-02,-4.850504135674418155e-03,-1.262266387770089558e-02,2.852515191951306324e-03,-8.649703421272898415e-03
4.113451915326542946e-02,6.613644809533160418e-02,7.535598982875754692e-02,1.339529575996431243e-01,1.233456264843784539e-01,3.104340176090716885e-02,1.483898190004186435e-01,-1.684332681938585929e-01,-4.733613756618665347e-02,2.816002786283118842e-01,3.833832667645354353e-01,4.410503754296254963e-01,1.000000000000000000e+00,4.389887673269253221e-01,3.156049082878048528e-01,4.007104108632222328e-01,1.794877025961728323e-01,2.041651369878760003e-01,2.110749500702519266e-01,1.762164481497701662e-01,3.958330997593800804e-02,2.095865465044220999e-01,9.522149085408189439e-02,1.047639420793583520e-01,6.825784299598901261e-02,8.468028133995025852e-02,4.713689803655158467e-02,8.568862090729235936e-02,1.276423049739960625e-01,1.095765803066543614e-01,1.209807987625604320e-01,8.471144339847223870e-02,9.563981865084494882e-02,2.542815573769311582e-02,5.134488030473511461e-02,7.689573577674198301e-02,8.142639293885588214e-02,4.589754416210572313e-02,6.209508352813929849e-02,7.367560839070566581e-02,6.437410503874238521e-02,5.469637462068621669e-02,1.641485078425208161e-02,-5.989508561149639067e-03,-1.026514946766437890e-02,6.187199282114639806e-03,1.418407148761396605e-02,1.465509267642641292e-02,1.438950152021015866e-02,3.387439921884807543e-03,-1.684884518988389104e-02,-4.562277519320268732e-02,-4.407545629722812303e-02,-4.791399455391636558e-02,-1.631790795812637987e-02,-1.655171803245535783e-02,-5.004197476661057659e-02,-2.968000418638780044e-02,-6.654840347276573358e-03,1.105850155589135214e-02,2.264223765871149416e-02,-9.564689940532028478e-04,-1.153711066317390614e-02,-9.353314375341653317e-03,-6.848354664179764212e-03,-4.507306500264578013e-03
8.947519920187367581e-02,9.736449166254608489e-02,1.199638203095754474e-01,1.980849254082820698e-01,2.123710258967934916e-01,1.417930915861932706e-01,2.885083002374021488e-01,1.429161403838817290e-01,7.026160618135909863e-02,3.246622115786921281e-01,7.134969078791745245e-01,4.453982306073313580e-01,4.389887673269253221e-01,1.000000000000000000e+00,3.206310621450470522e-01,3.323668311147063292e-01,1.135467589318475273e-01,1.185193047105397440e-01,1.450599008927543621e-01,1.132708999503545116e-01,2.493772467914806557e-02,1.349518837968088636e-01,9.669479101105767083e-02,1.165456915706977320e-01,1.073918282843819016e-01,1.271598798660539820e-01,8.001067960121802103e-03,1.035154622317886464e-01,1.192332293410135191e-01,1.427580126260828697e-01,1.198509779347506077e-01,1.139973836866470802e-01,1.398427315332445853e-01,3.877106672383631714e-02,4.035853611629099114e-02,1.126373410274729009e-01,9.302214121729052154e-02,8.337665325426779628e-02,9.466593404566796266e-02,1.010125258059123565e-01,7.995652028360504537e-02,7.311893862150228851e-02,6.156146657586681475e-02,4.406122341372529366e-02,3.846701038399120975e-02,7.017790122810733944e-02,7.111178953343326448e-02,6.735447682283933479e-02,6.647951521656775276e-02,7.724187086948390568e-02,3.859018985416207137e-02,3.204199765695269625e-02,1.552270218779059838e-02,4.496055277574430124e-03,2.289559642331086275e-02,8.096767869965203548e-03,-5.972292010620727093e-03,-1.131130709313964838e-02,2.662062186276965489e-02,2.268081304409977697e-02,4.175206084539204165e-02,-3.982241018585133512e-03,-7.117736566513538712e-03,-2.414689151985895468e-03,-6.855720592101704515e-03,-2.270638163099718797e-03
4.413892446983738727e-02,6.068718935937288811e-02,5.518878968842600569e-02,1.583906612966573813e-01,7.158002203798188856e-02,6.925814191039751655e-02,2.263076677138264603e-01,-4.949124129991730459e-02,2.722305227266567651e-01,3.834243044991911820e-01,2.825674482481167482e-01,6.909744524045701164e-01,3.156049082878048528e-01,3.206310621450470522e-01,1.000000000000000000e+00,1.509862047845412225e-01,-9.835672560641373074e-02,2.172972380480932553e-01,3.280034405815013820e-01,2.775847376260036636e-01,2.268211282626607025e-02,2.508105615881042749e-01,6.257059659267823204e-02,1.249971861962676095e-01,1.200075702079033135e-01,1.404036143808698178e-01,5.927875213938746390e-02,1.091108658497742245e-01,1.502690638298277703e-01,1.091357559220807183e-01,1.418399834246308888e-01,1.344366468403407067e-01,1.212983553367517620e-01,1.885280883034111052e-02,1.452498097905359151e-02,1.071468389609900457e-01,7.048689287778832357e-02,6.690509473030166465e-02,8.554284038068525609e-02,8.368770090356388025e-02,6.399490667497662044e-02,5.138432324827879594e-02,3.934859178029931348e-02,2.350084579149457759e-02,2.895832727296253351e-02,4.400678417500657885e-02,3.985538566787852344e-02,4.987326829471139256e-02,7.224668311355461614e-02,6.670616033504449260e-02,3.167422189569527730e-02,2.801624806035512422e-02,-1.335216362137907342e-02,-3.121738964350192352e-03,2.260126437219732529e-03,-1.108252622198051870e-03,1.890544820577100271e-02,1.204950667220373991e-03,2.378465025047652934e-02,1.766354484199261429e-02,-2.853762507292387490e-03,-1.655896207058486780e-02,1.009444692458865561e-02,-2.311059003624897547e-03,7.008553396210034231e-03,4.716526020550386444e-03
5.325463596247976411e-02,4.825135823103927218e-02,6.594831236978626610e-02,1.180558836783986293e-01,1.434370129072448929e-01,1.014829480820762936e-01,1.351841321793999240e-01,-1.976897273475430525e-02,-3.383223810236237351e-03,1.966437191802893059e-01,2.532414963827506749e-01,2.205706414639950486e-01,4.007104108632222328e-01,3.323668311147063292e-01,1.509862047845412225e-01,1.000000000000000000e+00,2.583462810031921242e-01,1.799981386236826700e-02,1.532455355626186067e-01,8.880455172343926229e-03,-1.035963850117442714e-01,9.790224332168641352e-02,1.118265036157077008e-01,6.394530733618963847e-02,2.189721448198358664e-02,4.210399036550122043e-02,4.322626710084308266e-02,8.590173394539703244e-02,1.964325514295847674e-02,4.872335365021644715e-02,3.729334839208090641e-02,-3.269832406167887118e-02,5.956468357123984037e-02,3.873897153121716452e-02,4.605576314591601148e-03,1.326171173886384405e-02,4.915619721781230855e-02,1.493287993989194859e-02,1.307807295106570844e-02,4.008809398081072950e-02,8.213866125627381984e-03,-3.108124712984578365e-03,-5.173161708266194730e-03,3.454588097083126016e-03,1.831634194617890246e-02,8.289399468766485077e-03,3.449115536155045268e-03,2.007608147800506518e-02,2.495954702962815963e-02,2.640361768920506183e-02,1.873406031236985424e-03,-2.433749767185237542e-02,-6.930776143315195252e-04,-8.856152668797025521e-03,3.540627695004353037e-02,2.418924850617409916e-02,-1.152279111179823484e-02,-3.135802502872860574e-03,1.487882671224947245e-02,1.632469090689362551e-02,4.609464627008196674e-02,1.162543721965130644e-02,2.889414595805149533e-02,1.162670530467139682e-02,1.001811650467799610e-02,2.078460147002123004e-02
1.837863557554747854e-02,1.936667241267237688e-02,1.827472658002624040e-02,3.034511525655736452e-02,7.712795158766110049e-02,9.001533973845158090e-04,-7.029721210874664145e-03,-6.862556804837249835e-02,-6.614087318474563826e-02,3.019116407943216868e-02,1.114899639575464702e-01,4.149976355346969570e-02,1.794877025961728323e-01,1.135467589318475273e-01,-9.835672560641373074e-02,2.583462810031921242e-01,1.000000000000000000e+00,1.924121119655161083e-01,2.540070403667384416e-02,-1.805485794857446258e-02,6.231782364374069405e-02,1.145544367721284124e-01,9.144590486347962954e-02,6.018275388478306481e-02,4.253824908392125209e-02,4.236690729490656671e-02,-8.235168529115752256e-03,4.845254894668427070e-02,4.741515357529458435e-02,8.220582576748740322e-02,6.803849963748902219e-02,2.209726027876661794e-02,8.295853839800068630e-02,3.069950155037239059e-02,-1.555842641719527505e-02,2.020227200693908848e-02,2.032895069307640717e-02,-9.163753596006468313e-03,-1.302228372306738283e-02,-2.735171761444123162e-02,3.433044941307045878e-03,-3.020869377996323810e-02,-1.100417821388466506e-02,-1.435179556121863285e-02,-5.117042505592507562e-03,8.250742709603251304e-03,2.289170026812965483e-02,4.773303195452988437e-03,2.186361921422040264e-02,1.976623020515900445e-03,6.376739747562931021e-04,-1.104819081612344427e-02,-1.499312242238430397e-02,-1.189406123452900997e-02,1.058226563165996434e-02,-6.210434293745448892e-03,-3.781993850944882080e-02,-1.955174169611139171e-02,-2.114778571647308106e-02,-4.026407868946495217e-02,8.234263455963803519e-03,1.912381743620987506e-02,5.781421398551966732e-04,4.883325258657896309e-03,1.757971137994277649e-02,5.023365608631672960e-03
3.945964745002265850e-02,3.185237785269397215e-02,4.748310795240879428e-02,7.564839985639777720e-02,7.355691864058348794e-02,2.495288688400069607e-02,1.421175751666659548e-01,2.970965930183406059e-02,1.368576061183804093e-01,1.855109587299951790e-01,1.065325381300437635e-01,2.420225544302718745e-01,2.041651369878760003e-01,1.185193047105397440e-01,2.172972380480932553e-01,1.799981386236826700e-02,1.924121119655161083e-01,1.000000000000000000e+00,3.477937650700766437e-01,4.466509099471939193e-01,3.080656453041528686e-01,3.856110549090383532e-01,6.942593762382628930e-02,1.260242126557177267e-01,7.688765027731535306e-02,1.669956724338423348e-01,1.237270539556954013e-01,1.605577747913319031e-01,1.578053201797438299e-01,1.405030349600603634e-01,1.515344853995163610e-01,7.757133526551784897e-02,1.285854933367504838e-01,5.873470883878029354e-03,2.098328358279371285e-04,9.552735886187734005e-02,5.228109449512539919e-02,7.475952140532615697e-02,6.508260787855896234e-02,2.299772826223665453e-02,2.608778323832408597e-02,2.701560436561905795e-02,3.468111979176962539e-02,5.790395737162362666e-03,7.780621452175725400e-03,3.015541819567267925e-02,2.293717078234890766e-02,3.651197868169532568e-02,4.805407844348252855e-02,3.957813261929148119e-02,1.766073252671966978e-02,1.799131429446591823e-02,-1.060477129712872509e-02,-1.769685610827406025e-02,2.523451507547709929e-02,-1.289900153511002769e-02,-6.492761559537194027e-02,-2.759509608067554909e-02,-2.516608235122506226e-02,-1.615293561653109722e-02,-3.900826989760509261e-02,2.132534632261556470e-02,6.169981391508363652e-03,-1.404741181345015542e-02,-8.268560234682302557e-03,-1.709130485010393677e-02
6.412245228604432357e-02,5.155603478385752114e-02,6.116386602590732913e-02,1.055271430351780171e-01,9.567705612752219757e-02,5.738952794589681494e-02,1.107222970567008219e-01,-4.173964355902270995e-02,7.082552152260561396e-02,1.893585047826154555e-01,1.240132636520707154e-01,3.079776839442524006e-01,2.110749500702519266e-01,1.450599008927543621e-01,3.280034405815013820e-01,1.532455355626186067e-01,2.540070403667384416e-02,3.477937650700766437e-01,1.000000000000000000e+00,5.220062482511987900e-01,-5.210144690031217468e-02,5.384925076214641670e-01,1.936669997437134305e-01,2.508477971968882114e-01,1.092799261781788184e-01,1.390007285062225262e-01,1.059854880877961480e-01,1.532476775557719273e-01,1.769110516084107521e-01,1.699459359640185518e-01,1.638249698327841342e-01,5.702636893393091960e-02,1.492384168874509864e-01,6.246168033100685940e-02,-5.729890509390920574e-03,5.189019754141430824e-02,7.893610861844788107e-02,7.790890932416286163e-02,7.831219072653536339e-02,7.516769043194852784e-02,6.352400766115083586e-02,5.464053146307625008e-02,2.531075036373458750e-02,1.442149999717254848e-02,3.608605376657494923e-02,4.295224997195818545e-02,3.828907291026698023e-02,7.396867469333066880e-02,7.851511232703423104e-02,8.578432977226121969e-02,3.670056711925912679e-02,3.698774491878424608e-02,3.130995192702573648e-03,-2.219142278259287823e-02,2.932914662320264612e-02,1.309604069900352670e-03,-4.028270768192120793e-02,-2.390161386678534700e-02,-1.125038441006265440e-02,-1.223414643921169999e-03,-1.152780950751294657e-02,2.068799359168532401e-02,-4.876138411606589437e-03,5.323918753741875738e-03,-1.921756061856953052e-02,1.988307744468390936e-03
4.551455050891537596e-02,4.237011090140277436e-02,4.648751418169368155e-02,6.885665555267753146e-02,6.096609680133445452e-02,3.735773745097956816e-02,1.385422852177010944e-01,3.081945129977470277e-02,1.209768030345026724e-01,1.921210590184505573e-01,1.057116633785124132e-01,2.702752526087918161e-01,1.762164481497701662e-01,1.132708999503545116e-01,2.775847376260036636e-01,8.880455172343926229e-03,-1.805485794857446258e-02,4.466509099471939193e-01,5.220062482511987900e-01,1.000000000000000000e+00,4.160219744451902901e-01,5.655310837087054177e-01,9.939482645124582405e-02,1.863959912153329568e-01,1.216815705291139221e-01,1.870524120375136046e-01,1.856345421369373361e-01,1.883983149368739507e-01,2.239448252884749246e-01,1.903812691701215476e-01,1.907789641589637541e-01,9.150315979423702395e-02,1.662708577224408513e-01,3.717445918660168547e-02,1.081781507940200726e-02,6.396070080137676583e-02,8.098045101577862337e-02,9.183622179282807663e-02,6.365920137114020050e-02,5.419803384779060124e-02,7.053931152408231264e-02,6.963201809454305780e-02,5.161262203198725002e-02,2.734533552665362882e-02,3.859558512052947005e-02,6.254716595668530221e-02,4.923902751258563831e-02,6.820420014749921378e-02,5.535789418452191635e-02,6.653443426240243652e-02,4.819225720893392795e-02,4.683934868485345460e-02,7.179626476647750499e-03,-6.188573390464682453e-03,2.664168617696520761e-02,-4.164942027594666606e-03,-4.359714133703915945e-02,-2.195744843184580311e-02,-2.054888900166901636e-02,-1.033853265472902197e-02,3.745844648666324991e-03,2.283677332837004501e-03,-2.567038787531263078e-02,-5.816212829191932422e-03,-6.656285863718401988e-03,2.014050605554454365e-02
1.705179804977714070e-02,2.448905735538215930e-02,1.009706883657905153e-02,-3.688994576659875707e-02,-3.255527085314794539e-02,-1.514156892627444538e-02,6.066057294924351306e-02,6.496468395184917810e-02,8.387747165332533339e-02,5.288619359800521280e-02,2.918011589787943699e-02,5.530376877778251515e-02,3.958330997593800804e-02,2.493772467914806557e-02,2.268211282626607025e-02,-1.035963850117442714e-01,6.231782364374069405e-02,3.080656453041528686e-01,-5.210144690031217468e-02,4.160219744451902901e-01,1.000000000000000000e+00,2.330857867050915855e-01,-3.959341723885315134e-02,-1.740137452617557604e-02,6.710721702466766747e-02,1.202709405952619576e-01,1.166849867841673882e-01,1.406337672869024669e-01,1.655617343565823907e-01,1.175430335031333318e-01,1.307889770263035434e-01,9.588946624629028637e-02,1.077651088266482204e-01,-7.253024431775558292e-03,1.921444187613647811e-02,7.995382707320301818e-02,6.641421889706164428e-02,8.095061071113247853e-02,1.993243030364257387e-02,2.497764203490883406e-02,6.701599233122233767e-02,5.936276873237956303e-02,7.249414438467706445e-02,5.190026409558736592e-02,6.156157698020216229e-02,8.493548049163690550e-02,6.237413102503953227e-02,6.001014157401775295e-02,3.041687406984614275e-02,4.394725828259637979e-02,5.468230745604091975e-02,4.035718032988429987e-02,2.987824896799719937e-02,3.361250391680067201e-02,2.309670279274065804e-02,2.294654954117952318e-03,-4.576532597643293704e-03,1.488368456244854553e-02,-3.229296575164800759e-03,-1.007607700148052503e-02,2.448513675043757255e-03,-2.160688060823316367e-02,-3.918599723915179578e-02,-3.592498841118660358e-03,9.740416739211242569e-03,3.715812108090858074e-02
6.983556289095149694e-02,6.824220643140414821e-02,5.863120951092511135e-02,7.637568631166363753e-02,7.438957258769657299e-02,4.083991788823455871e-02,1.262624001636762638e-01,3.290372360874618124e-03,1.053467651201621252e-01,1.873753861684934185e-01,1.228350798733525845e-01,2.842556264819201539e-01,2.095865465044220999e-01,1.349518837968088636e-01,2.508105615881042749e-01,9.790224332168641352e-02,1.145544367721284124e-01,3.856110549090383532e-01,5.384925076214641670e-01,5.655310837087054177e-01,2.330857867050915855e-01,1.000000000000000000e+00,2.688494721118997455e-01,3.534603879721853192e-01,1.619232581792515724e-01,2.322407553100760413e-01,1.312119289279286560e-01,2.188895681559928363e-01,2.334742529819743007e-01,2.286352203014152817e-01,2.083326387152877046e-01,6.341702923513391210e-02,2.134892157819470448e-01,4.711624345379979151e-02,-3.325615046411135867e-02,8.792125208195709918e-02,9.040784756260790422e-02,1.065113237111336014e-01,1.007834832847885609e-01,7.079489308379827150e-02,7.250624480862274956e-02,7.110245226236533433e-02,3.899424668146100892e-02,2.089568666392041876e-02,5.093521951284718519e-02,6.162643213269003439e-02,4.469597743067645068e-02,8.384327209602378261e-02,6.545189864233989796e-02,8.255318571850089882e-02,3.319818548235282246e-02,2.491773587912288895e-02,1.896955683571642081e-03,-1.190380587279738292e-02,3.048010291253123658e-02,3.228657005064802972e-03,-4.058988594533189526e-02,-4.132241235976709393e-02,-2.238127784888313196e-02,-1.786327657821848783e-02,-2.185886593420953775e-02,8.752670655484266413e-03,-1.819264526990453310e-02,-7.348518691641652868e-03,-1.745137360593016634e-02,1.321449401414802154e-02
3.733686649474887015e-02,2.420413109722882594e-02,2.667942184826855440e-02,4.046259170852292003e-02,4.032273965719850028e-02,2.431497465486179982e-02,2.915261443802157071e-02,-1.799962710141521718e-02,7.573258266665045327e-03,6.318203452220674810e-02,8.784008238733841123e-02,1.189928687162690596e-01,9.522149085408189439e-02,9.669479101105767083e-02,6.257059659267823204e-02,1.118265036157077008e-01,9.144590486347962954e-02,6.942593762382628930e-02,1.936669997437134305e-01,9.939482645124582405e-02,-3.959341723885315134e-02,2.688494721118997455e-01,1.000000000000000000e+00,5.266539724075478546e-01,-1.721554512852205843e-01,2.357731452496067137e-01,2.548348334910601615e-03,9.568623024275038635e-02,9.078666064890248549e-03,7.186697988200536902e-02,5.789062703536666799e-02,2.439498745595455181e-02,8.997080911156195293e-02,7.359586874916350385e-02,1.146519350014641760e-02,2.149082326769526444e-02,1.832832214334781384e-02,5.137725693142088101e-02,2.594570386041820595e-02,5.812057340844272585e-02,3.984543574509288172e-02,2.440234358614674220e-02,-2.798212259934314966e-02,-1.894576822892348692e-03,4.128506618302339726e-02,3.365695258180458060e-02,3.887015541242671429e-02,6.142880949820012787e-02,9.442877454918327529e-02,5.664844508672608331e-02,4.809211006329096316e-02,4.701905868880228850e-02,9.245815274588438035e-03,7.543755748874302492e-05,2.249314529191542497e-02,2.130614820000732365e-02,-1.698704365378522416e-02,-1.063715668174126244e-02,1.849290458831457165e-02,-6.740536357760999742e-03,-8.083607579993132980e-03,1.894748883673368078e-02,-6.212844041207995702e-03,-1.764113662186527279e-03,-1.017486072373298238e-02,-7.814153851868694406e-03
3.150532199368977215e-02,1.978425959918315644e-02,4.308085654791806406e-03,4.507477700746796018e-02,2.484866627837750003e-02,2.575747236688599381e-02,7.741677598233825952e-02,7.862658306885180262e-03,6.528055219169501266e-02,1.243553892666312694e-01,9.891647947932323548e-02,1.728758423553815871e-01,1.047639420793583520e-01,1.165456915706977320e-01,1.249971861962676095e-01,6.394530733618963847e-02,6.018275388478306481e-02,1.260242126557177267e-01,2.508477971968882114e-01,1.863959912153329568e-01,-1.740137452617557604e-02,3.534603879721853192e-01,5.266539724075478546e-01,1.000000000000000000e+00,2.982625347851923236e-01,3.322541293354126513e-01,6.284015503049814044e-02,2.116753935871517056e-01,1.396478292632273299e-01,1.705579783568132168e-01,1.142294814163435090e-01,3.417808826494798252e-02,1.742753611516698609e-01,7.887501135684958642e-02,-2.021821199531495094e-03,9.823946312289093263e-02,7.370642822266668115e-02,9.611233978785037324e-02,1.016708474760144865e-01,6.036641187225900984e-02,4.772873698931491548e-02,4.229966244535558750e-02,-4.115192150405279532e-03,1.101628424273437198e-02,4.605231506981605216e-02,3.985320942031794073e-02,3.451789268017638884e-02,5.654716716018783756e-02,5.129288152212876234e-02,5.155953543055403349e-02,1.191135698326096712e-02,4.052956382613534525e-02,-3.617092814971423209e-02,-4.099007372436378610e-02,-1.028776731800360757e-02,-1.074805263453378068e-02,-3.140145620004041599e-02,-4.523761152767964006e-02,6.589304608099573121e-03,-5.446547008349097302e-02,-4.474130952706836112e-02,3.621639693435187157e-03,-3.338449685526403976e-02,-1.436051924380890013e-03,-2.298212708415822009e-02,3.346759803799611438e-03
