1.000000000000000000e+00,2.782135399231746020e-01,-3.008742423474601319e-03,-1.029428480148036201e-02,7.241682804283285308e-04,2.553998558680272910e-02,-7.761516630240384391e-04,-4.335447153499983469e-02,3.319541549335482122e-02,-1.337004922955340250e-02,-1.810534842851051901e-02,2.118332649247614205e-02,-3.971553382157064910e-02,-4.267871441555958628e-02,1.102226842719742500e-02,-8.906834686851234500e-03,-3.113408332186047220e-02,2.478076225770352563e-03,-3.455375708904945969e-02,-1.708376863744716367e-02,1.691016967448997349e-02,5.171383078066855987e-02,5.174662661342931819e-02,-2.740353084072201951e-03,-2.764878172338889120e-02,-2.045350004595721319e-02,-4.691270595473567839e-02,-1.765507357353112913e-02,2.816793275867741919e-02,-6.973011995682246167e-03,6.432238622031741769e-05,-6.693515091557122876e-02,4.674615805496281674e-03,-4.977038208220716659e-02,-8.270093044448424691e-02,-2.698503307569952159e-02,1.375843642120767527e-02,-1.389896237284679766e-02,-2.580108123318279427e-03,-6.998090607923303230e-02,-3.795749198723687417e-04,-1.469116276470763122e-02,-2.243960758107512235e-02,2.372038317757356810e-02,-3.241658159855042437e-02,3.595217944229720658e-02,-3.249911982762298396e-02,8.782457143237885552e-03,6.079030734666875796e-02,5.273327625695413412e-02,6.095536543440463126e-03,-2.607248729972387168e-03,5.567171166801432314e-02,5.919165639455503669e-02,4.029492569974081791e-03,-1.080037148270692870e-03,3.207088853691258262e-02,5.642915018994681259e-02,1.929394245509464395e-02,-4.401714900612008902e-02,2.626196962298646409e-02,-2.657397695246762476e-02,4.572520648609326027e-03,-2.357538730599285232e-02,1.239770683457271268e-02,-6.824033337034566236e-03,2.488318158444479539e-02,-3.926358158190543582e-03,-8.196577566228534575e-03,4.959265472178354256e-02,2.290983994671896840e-02,2.526117330241947623e-02,7.761397847060799715e-03,-4.610938788062404065e-02,-1.615825953133413415e-02,-3.568583371007635896e-02,-6.094711445404914218e-02,-4.870261415149872847e-02,-4.014596263082373211e-03,4.401166985600614423e-02,-2.339168673090944242e-02,1.188610321358460342e-02,-1.965962060943188608e-02,-5.982111971141210009e-03,1.140380990710170711e-02,-3.517185126419295621e-02,-4.041205640657057063e-02,1.028042988243041281e-03,2.327708340185951144e-02,3.314109978013576874e-02,-1.060618928267618132e-02,2.129311738273733431e-03,-4.365330549376615979e-03,-2.752992129454709391e-02,-1.439391342185835330e-02,-2.815655415995080985e-02,8.667215541107707935e-03,1.637763903546703495e-02,1.700383715232447676e-02
2.782135399231746020e-01,1.000000000000000000e+00,4.044499332708819117e-01,4.031076251831923751e-01,9.425975086472741793e-02,4.460730390485921348e-01,-5.587171721357381965e-02,-2.483862879033176263e-01,9.313956326124955831e-02,-1.396423543784586219e-01,-7.827570647604051302e-02,-4.345747142088672577e-02,-1.146134828003804451e-01,-6.918480447884700624e-02,-5.342471271676719341e-02,-8.071806061335799753e-02,-5.380888358848302799e-02,3.019542536532023383e-02,-5.698733364921871464e-02,8.407280098511027075e-03,1.848307312854940076e-03,1.908277231419417200e-02,3.589734905972610801e-02,1.325272170035662542e-02,-5.002950317681163078e-02,7.636332534382798444e-03,4.715843323619503535e-02,1.511323029386765250e-02,1.836718487812321818e-02,-2.137945200737430620e-03,2.890511713980740971e-02,-2.515562052107569307e-02,-8.180611722833257618e-03,-8.411064222251893319e-02,-2.664243341365899256e-02,-1.497373702461315265e-02,1.891014622578567582e-03,1.322418765674611071e-02,-5.001713568946310889e-02,-1.930024777346461828e-02,-1.456558709222779621e-02,3.239660440995743504e-03,2.587312098857002477e-03,-2.815514348300550418e-02,-3.536539753751543821e-03,-2.975210711525674151e-02,-9.265374592693986777e-02,7.974678666249082615e-03,6.028962413720732189e-02,3.963902193096619647e-02,1.108765891162303598e-02,3.969433341771708840e-02,3.086742077770771725e-02,-3.748248765398813631e-02,7.448997746591239089e-03,7.148582649124700372e-02,7.971652443481348077e-03,6.594779782470218399e-02,-7.245352646279912441e-03,4.500768194609984854e-03,-9.415393742428524240e-03,1.069342913469964983e-02,-4.121761633828750922e-04,-1.688712970711011424e-02,-2.367178575485562320e-02,-4.686734357475352830e-02,3.819074546725119423e-02,5.401682686148801676e-02,1.607167714466201797e-02,-1.686407994623959419e-02,5.116063403297875685e-03,-6.860670266892307523e-02,-2.386613790475156094e-02,-1.303106049012820421e-02,-1.004335881303475009e-01,-4.815651621157419904e-02,-1.052790320481386821e-01,-1.138788902967051292e-01,-4.007503900385925300e-02,7.021034233706281713e-02,-9.596044441083138865e-02,-3.622091410060958999e-02,1.239624935011441123e-02,1.401824520969056215e-02,3.014497881016116668e-02,-1.691671178559850039e-02,1.900008791609898631e-03,-5.157458082691111778e-02,1.185825376265955272e-02,2.603160452876318240e-02,1.932255272833903925e-05,7.112362984651392217e-03,-5.783459431485058096e-03,-3.078497374615044718e-02,-2.885179622684570094e-02,-1.993863360048919037e-02,3.035917861607703000e-04,-1.099783514798454093e-03,6.090101417118693426e-03
-3.008742423474601319e-03,4.044499332708819117e-01,1.000000000000000000e+00,8.295455340268873545e-01,7.838944627515539998e-02,5.651156495899529730e-01,-2.572760511205841594e-01,-4.320271203934767934e-01,5.925026139119157070e-02,-1.910786984027347257e-01,-3.975990471948404742e-02,-8.164887206873680525e-02,-1.974186886339328872e-01,-1.063114912311684951e-01,-1.004813699912080055e-01,-1.635985519310314829e-01,-1.189566893072952769e-01,-4.293030151356698465e-02,-1.251347350362025934e-01,-8.294762058609775682e-03,-4.010866762436321453e-02,-4.556199435890632282e-02,-4.752985156797317340e-02,-1.736850658745329665e-02,-4.368094752079789561e-02,-2.882331906690228235e-02,5.661022547662647453e-02,2.339868751024845595e-02,-9.791252195354281651e-03,5.619528480787664391e-03,5.780291365689456395e-02,3.860574813680600625e-02,2.409911387627695217e-02,-3.791288184729150329e-02,5.545369903311481857e-02,-2.258066207593994665e-02,-2.506576675974250476e-02,6.229932342520898281e-02,-1.490980237286852923e-02,2.175327032352463927e-03,-3.661335596457344216e-02,2.958863106275321387e-04,5.945880561043232621e-02,-3.948467984013093873e-03,-1.552692063194447900e-02,3.564007924756661116e-02,-9.046249088480699460e-03,4.408310381348130857e-02,9.589526293024441816e-02,5.495930212759196631e-02,1.588891822826476313e-02,6.788823361157896030e-02,5.144538704131880469e-02,-8.090115613557340504e-03,4.948152921077706573e-02,8.066343542579924863e-02,4.214204405399027409e-02,6.990749793912877375e-02,3.845574979855244380e-02,1.181471286993357288e-02,2.005352418772407205e-02,2.822411276616649048e-02,3.658886690253591173e-02,9.541038063151955836e-03,-2.906193000034796442e-02,-6.661724187680614917e-03,3.466457729507320396e-02,4.972727413546162295e-02,5.276178201602615969e-02,-4.423778366546573387e-02,-5.444969944072711177e-02,-1.024378089381773188e-01,-4.573618743468972625e-02,-5.933153876721116576e-02,-7.135595397684094121e-02,-6.490220160167299579e-02,-3.458119232333626419e-02,-3.447581622381189898e-02,-4.047467698897936478e-02,8.968835117598003559e-02,-7.848809097989932135e-03,1.607969460089146360e-02,7.382523725895148714e-02,4.397409172290737966e-02,8.778849785773150394e-02,6.682971791029222730e-02,4.257894026730226628e-02,6.589466480999763009e-03,-1.241216464464965294e-02,-9.974826970908319893e-03,-3.267969887461099742e-03,-2.042690126104952653e-02,-1.018094256893975307e-02,-2.540895433794283439e-02,-5.424108836368994428e-03,2.376610275271758693e-02,2.358313868381776979e-02,3.201934487049875461e-02,9.933781483358810477e-03
-1.029428480148036201e-02,4.031076251831923751e-01,8.295455340268873545e-01,1.000000000000000000e+00,4.980110875706700302e-02,5.939089440393139352e-01,-2.977405071554722893e-01,-4.755157183625101647e-01,2.735634934140014282e-03,-1.953637537573765515e-01,-2.939261481819172017e-02,-1.134410123615312432e-01,-1.925338767911942695e-01,-1.040386412817066036e-01,-1.301482434944648270e-01,-1.670385676501152938e-01,-1.252844629267340637e-01,-5.895209308662194975e-02,-1.318404947255709114e-01,-1.078908888862326575e-02,-4.549432274566048151e-02,-6.076805197928000779e-02,-6.779650276561219324e-02,-3.360954408975250218e-02,-6.070724275198774444e-02,-2.395009285822341516e-02,5.775616636173131618e-02,3.634538770236241806e-02,-1.164600590806550177e-03,1.130692683395583681e-02,5.976640614372027982e-02,2.573217242126045121e-02,1.201381538335965365e-02,-4.139422063081480557e-02,4.545990288183755085e-02,-4.724166931431802302e-02,-3.270763489220891718e-02,5.669804314199752143e-02,-2.059226204112766731e-02,7.839009186033299090e-03,-2.095021337610997875e-02,9.835247464892140495e-03,7.303108205978187106e-02,1.693538493147264332e-02,-7.738394512140277237e-03,4.031719215271229589e-02,-1.983846434199740619e-02,5.203410359029789212e-02,1.019652265433946686e-01,5.934052600470385991e-02,2.621536470716341605e-02,7.497075165978267508e-02,5.909568863123438459e-02,-1.660679874594698027e-02,4.483517801737189890e-02,8.571056120913388143e-02,5.075762154628353506e-02,7.943306659422920413e-02,2.642315494071122151e-02,5.291360712090859529e-03,1.650182715143567666e-02,1.676731683000989501e-02,3.523350519704490647e-02,9.828079006428708242e-03,-2.607408512209449108e-02,-1.162003421942021421e-02,4.974774290062837501e-02,5.051725025128027402e-02,4.827141671414820340e-02,-5.579701850601440777e-02,-5.814917806624976537e-02,-1.038917715301158201e-01,-5.427985151190597296e-02,-6.154727457722156125e-02,-8.752544700316194914e-02,-6.354747080762133959e-02,-4.359501920940162673e-02,-5.155438439516325799e-02,-4.029851860239435507e-02,9.453631672333180636e-02,-1.722074453170976266e-02,1.712337351925338064e-02,8.150746909886415204e-02,5.275366301649496437e-02,8.020862961837149641e-02,6.260780853514870403e-02,4.523111327451766889e-02,6.946018791901840961e-03,-1.749253707716460007e-02,-1.153489515451032281e-02,-1.327514536635419212e-02,-1.776882105825677155e-02,-1.145748184048156135e-02,-4.213079404917775828e-02,-4.036411405003825781e-03,1.812099202405983989e-02,1.054873267998538214e-02,3.629571482730210852e-02,5.879390423324358170e-03
7.241682804283285308e-04,9.425975086472741793e-02,7.838944627515539998e-02,4.980110875706700302e-02,1.000000000000000000e+00,1.027744829886741151e-01,-3.342374622390421046e-01,1.957741424969239030e-01,-6.858336089032356087e-02,-1.321284539648192313e-01,-1.472016270922079373e-01,-9.217472474481336331e-02,-7.557761658688544326e-02,-1.295804657123148795e-01,-4.730001904095314236e-02,-3.341637653250971451e-02,-1.150788051114115945e-01,-5.279314123403607006e-02,-1.336885546505802991e-01,-3.021526401604511525e-02,6.942118012654278393e-03,-1.456094567984187078e-02,-5.587618756640486128e-02,-2.428610841170200652e-02,-2.711371186384648260e-02,2.854760967632164609e-02,-1.584053430711930555e-02,2.737325439541444735e-02,7.588991894239612013e-02,6.915186120985888918e-02,3.992507640544507019e-02,1.860523067609246017e-02,1.420090045330530196e-02,2.964682950158084238e-02,-1.533796316054604827e-02,-7.383726083171542054e-02,-9.963162175873238602e-02,-1.333064066435334268e-02,-5.095038441622986441e-02,-2.340478308153704640e-02,-5.863886755180136579e-02,-3.802095661476347088e-02,3.439769321926242074e-02,5.097159137531937639e-03,-1.097827453541834085e-03,6.010646943871547632e-02,2.844420558742461955e-02,-1.306841017407191392e-02,-7.875718364539154373e-03,-1.340806859402452096e-02,2.827130967866468576e-03,-4.050895648812754060e-03,4.492809564733171203e-03,2.190847217609639963e-02,-4.769980001654401496e-03,-1.768908996876287706e-02,-2.672837132961378148e-02,-1.139764586770297336e-02,3.747957519880008859e-02,1.484008551955056689e-02,-2.134144145268801820e-02,6.668301944390504776e-03,1.543841829136389718e-02,3.430564805219971092e-02,-2.988728340153447988e-02,8.379402516519944208e-03,-1.937978963208579833e-02,-2.707088756390170145e-02,2.418223079498254754e-02,-4.700137463129590992e-02,3.222738834834571603e-02,-6.018502466266870826e-02,-2.726608487763344454e-02,7.730753840394014725e-03,-4.446513489494920840e-02,-4.633329717957489907e-02,-3.698742394587695159e-02,-1.290890299838952926e-01,-8.122897356541311509e-02,-3.686690292545233543e-03,-1.092435782278447093e-01,-1.035830002157506619e-01,-1.863936494316567952e-02,-1.007968680884352985e-01,2.062376681509004925e-02,2.242890059812150533e-02,5.246276721285421385e-02,5.353880413806276495e-02,-1.049530826916406784e-02,-3.281071573983726508e-02,1.630195211936823207e-02,-7.490749752751467601e-03,2.389067899686432225e-02,6.364685423675527087e-02,4.689350090343797489e-02,6.874428318953315631e-02,1.797970231286187548e-02,-2.541091052439482106e-03,5.132799414275562161e-03
2.553998558680272910e-02,4.460730390485921348e-01,5.651156495899529730e-01,5.939089440393139352e-01,1.027744829886741151e-01,1.000000000000000000e+00,8.287434739419402563e-02,-3.972549153023021695e-01,1.858199016289632521e-01,-1.320629780239889750e-01,-1.285712208062511075e-01,-9.776469327812298271e-02,-2.002233551544897183e-01,-1.342698956489932760e-01,-1.171244806041220471e-01,-1.564708374707121374e-01,-1.191736960264587752e-01,-4.318788968282228496e-02,-9.617155081933537186e-02,-2.591325618873795492e-02,-3.962877278770751688e-02,-2.350608672045197828e-02,8.485819278682228467e-04,-1.640826794719165566e-02,-3.761387226011755208e-02,-1.873276310395467423e-02,4.299130421437381139e-02,7.379164001597576794e-02,2.118836056931780801e-02,-3.842396843256758870e-02,1.349228823189583919e-02,-7.736225543873090880e-03,-3.433703193376391044e-03,-4.055465622976129475e-02,1.567752279033676754e-02,-5.634948836226214008e-02,-7.187766905335522816e-02,-9.428234423848474294e-03,-1.910157464869881999e-02,-1.598312400252716037e-02,1.835697382218452745e-02,-8.764978638085551069e-03,3.950958671574500425e-02,-2.703974436853693458e-02,4.791450788082791783e-03,-1.280918359461688527e-02,-5.756181216873461348e-02,-3.698155236422787009e-03,6.558732386453182406e-02,-2.838273317344247940e-02,-1.998941508573849959e-02,5.345054127109720443e-02,-3.027418385750806420e-02,-9.079591755110312523e-02,4.366783847833234644e-02,8.699757987503174694e-02,6.285582815732475293e-02,1.000166017070108909e-01,5.817382797900732747e-03,5.383958668268002540e-02,4.899372548102107205e-02,3.495494918237936066e-02,2.240576954757121306e-02,-2.686150995322179706e-03,-2.711434510525247837e-02,1.091774887854458746e-02,3.796795329057742197e-02,7.157837544237466432e-02,8.452735276269651710e-02,-1.644139154389001600e-02,-2.706085257140260561e-02,-1.200672053746450751e-01,-3.729656398205255258e-03,-6.372915742066487255e-02,-9.057442089071489344e-02,-3.137826516920452780e-02,-7.163345767291201538e-02,-6.200808096264868313e-02,-5.877497321717171756e-05,1.139360309311388680e-01,-3.240582655011593760e-02,1.671646820194267044e-03,9.945769460203543466e-02,5.585898241241976647e-02,9.995346717945903514e-02,6.003685815235770828e-02,1.592597922106373659e-02,-2.646293247071109661e-02,3.995999090250810376e-03,-2.672443203572634485e-03,3.379786968354376447e-02,-2.106487773634056759e-02,-1.810462803199471699e-02,-2.881390337571024945e-02,-4.559085556630997765e-02,-1.618297443843642533e-02,-2.560131347088605291e-02,-1.753296201786362900e-03,4.013953134034606990e-03
-7.761516630240384391e-04,-5.587171721357381965e-02,-2.572760511205841594e-01,-2.977405071554722893e-01,-3.342374622390421046e-01,8.287434739419402563e-02,1.000000000000000000e+00,1.683234355143906624e-01,1.597278934002577255e-01,1.160938218316809878e-01,-2.890201029412181599e-02,5.061586727682518272e-02,4.925662455701170644e-02,1.962787157468329907e-02,1.574991186679427016e-02,5.239859304667505990e-02,4.541260447096625436e-02,2.500167108242710642e-02,1.028701135702860398e-01,-1.734454831671569663e-02,2.292359433697205209e-03,4.910242379984482153e-02,1.164862183572078630e-01,2.962848030061738039e-02,2.677993853852500203e-02,-1.845686371984787619e-02,-3.372103150083290146e-02,2.965868008115431480e-03,-2.125719781542018127e-02,-6.815638993864873985e-02,-7.789376573354504785e-02,-2.337757880696488336e-02,-6.561648725495646851e-03,-9.929255713671448005e-03,6.024483396963319385e-04,4.418935585209358974e-02,-3.537886493029847052e-03,-7.180939836103450435e-02,3.254647626191612547e-02,5.567851228088528497e-03,8.277171341813208127e-02,-5.138669706699378927e-03,-6.791126557251585261e-02,-5.163316712816722054e-02,1.160412423262268539e-02,-8.396810538571788940e-02,-4.537168157902730925e-02,-7.784405345840604562e-02,-5.644619584155861208e-02,-7.672234890764512150e-02,-8.349893600898108947e-02,-4.660279011892350109e-02,-8.919590091555701372e-02,-6.474526511575508236e-02,-1.172104424931823263e-02,-3.174267256255022818e-02,-3.513733996593633446e-02,-6.584648256646888007e-03,-4.803102456562494821e-02,1.140664639739740784e-02,2.818927468123231042e-02,1.311603220715494567e-02,-5.815911056228063869e-02,-4.987846229646817481e-02,-4.515435058860594285e-03,-1.256570798233904059e-02,-2.942337356771824314e-02,4.345938995760815354e-02,1.717949097221079663e-02,5.163094431688822206e-02,1.632559441865212915e-02,4.776557560862052659e-02,6.395284700271855471e-02,2.754444392658460597e-02,5.653772271175257907e-02,6.515892745606097214e-02,1.907942305372367642e-02,4.991281349679330126e-02,6.233498197794181545e-02,-1.262404046362181759e-02,3.432341558041540619e-02,2.413796921383451477e-03,2.696220009549485722e-02,5.679182194482833984e-02,3.525491515514632412e-02,-1.539186201393258173e-02,-6.175911477814224892e-02,-3.496034086882581632e-02,3.329551792995191078e-02,1.492776675533592778e-02,2.666580198349703321e-02,-2.336007160117591769e-02,-2.791531608698522363e-02,-2.609324393110927856e-02,-5.930226109474080048e-02,-4.849280513821876276e-02,-6.179854776426076113e-02,-4.876607512758165258e-02,-4.508905923875608512e-03
-4.335447153499983469e-02,-2.483862879033176263e-01,-4.320271203934767934e-01,-4.755157183625101647e-01,1.957741424969239030e-01,-3.972549153023021695e-01,1.683234355143906624e-01,1.000000000000000000e+00,1.116931443916979877e-01,1.928554413375439813e-01,9.525204231456892157e-02,1.172642372056658250e-01,2.398970430498186535e-01,1.390968454805852350e-01,9.873840813590975540e-02,1.963087860207885782e-01,1.096656033686407572e-01,6.616950468581433986e-02,7.024416412245472474e-02,2.831533768152948161e-02,3.395388558989154842e-02,4.766213036798427199e-02,9.346468665630214279e-02,5.163715674530389155e-02,4.625310414757807104e-02,5.632137847982641304e-02,-3.117693636727521950e-02,3.743065799323749832e-02,7.278171839983973990e-02,5.732121798112065070e-02,1.358223696280386368e-02,-2.934224819364437617e-02,-4.698340699271592175e-02,3.306928015898485864e-03,-4.602105818887941568e-02,3.607803531395235158e-02,4.963760969547214436e-02,-5.256631408158022462e-02,-3.599567487226736084e-02,-8.692957635818239492e-03,-2.402812953421516479e-03,-1.410452286718475584e-02,-4.922873506322095888e-02,3.242526376096011714e-02,1.549846801558948592e-02,3.218599591908076745e-03,1.304111963066172282e-02,-4.075581041904452473e-02,-7.039322969842957967e-02,-9.535503557819971499e-03,2.583339783391163172e-03,-4.589967164179651476e-02,-1.062774083860523397e-02,3.283219776599769629e-02,-4.732357099510946241e-02,-8.249413537199913604e-02,-5.859740847500895244e-02,-7.089037165246037109e-02,-3.806467293087666820e-02,-2.108263016012964369e-02,-7.701422054703328801e-02,-1.270825376244329348e-02,-4.924350934252647721e-02,-1.971437942519143824e-02,-1.591275498400193320e-02,6.238992969299098079e-03,-3.143060002602515723e-02,-6.420177404762333027e-03,-3.681413169040756439e-02,7.966978818167418791e-03,7.649186538505658994e-02,1.217970327667248220e-01,1.184442687644596389e-03,1.089281402554835437e-01,1.118428156989404315e-01,3.130702665455875611e-02,3.326730926833981056e-02,-1.809207663691724671e-02,-7.792689247723640078e-02,-1.337534861650815088e-01,-7.724206704292860270e-02,-9.781544836263356135e-02,-1.561732155942772982e-01,-7.236837231975755402e-02,-3.488111056115320019e-02,-9.497905438329569405e-02,-3.061719996122215168e-02,3.354970143685685746e-02,6.024331114099282930e-02,2.447655286285150417e-02,-9.396274238884859409e-03,3.010771461827640993e-02,-1.906691298186086138e-03,5.818661123332775215e-02,2.934814985861879805e-02,-4.925357588843072391e-03,5.259544179369258707e-03,-3.683360173133681803e-02,-8.008205758028552265e-03
3.319541549335482122e-02,9.313956326124955831e-02,5.925026139119157070e-02,2.735634934140014282e-03,-6.858336089032356087e-02,1.858199016289632521e-01,1.597278934002577255e-01,1.116931443916979877e-01,1.000000000000000000e+00,2.931874904357885114e-01,8.625049063989681519e-02,1.788170589112706710e-01,1.253059594436805313e-01,1.268740489088428514e-01,1.293619573838750425e-01,9.099374808755072985e-02,1.587124162751280820e-01,8.618928409820576786e-02,1.178367686309080703e-01,4.392558088587197179e-02,-4.468000991460651522e-02,5.552949955586901354e-02,1.612462322698026695e-01,6.370671742333745835e-02,5.681645086853465143e-02,-3.251924828040946014e-02,2.597199208174414894e-02,5.700724558614765625e-02,-3.157075473555031458e-02,-9.544283821450873229e-03,4.585391936173468033e-03,-5.136473365671859019e-03,-2.599632674362963025e-02,6.550790826916203825e-03,5.053826703743219927e-03,5.177821330283725182e-02,4.958403929078144395e-02,3.619761661966145513e-03,5.275380516662894759e-02,-2.271472183136231254e-02,-7.202218894059156384e-03,2.797464125908352695e-02,-1.215758280864775130e-02,-8.863949142341415177e-02,1.659717085178035942e-02,6.095370673653173737e-04,3.755253787246066316e-02,-3.460097969829322578e-02,3.421582133159408595e-02,-4.717416724464336408e-02,-1.355238957569242925e-02,4.376101142795777582e-02,-8.254968300170013873e-02,-4.531735954148729401e-02,2.049070283773936005e-02,4.384727980495867899e-02,4.921615548842431936e-02,1.096184987549964629e-01,2.207689139106308943e-02,2.866058042207573348e-02,1.011410575698585418e-02,-2.586571623679442822e-02,-1.517906483353502131e-02,-4.360687185287166756e-02,-6.300907344338341383e-03,1.378268696456359972e-02,4.150424611648221435e-02,3.833617899595087586e-02,-1.001471608470545956e-02,1.105651387988947944e-02,3.570017395633560964e-02,3.353421714957688414e-04,-1.145830989210559585e-02,3.301145684044216877e-02,9.654809698867077364e-03,5.742898376018351842e-04,1.794295033507748013e-03,4.806081651321334608e-02,-2.440138130114988951e-02,-1.823953014128748204e-02,-2.944994260443413187e-03,-7.583485288223134647e-03,-5.038963350336150837e-02,-3.502607068235269461e-03,1.135950319991770562e-02,-3.467629712331515152e-02,-4.944939689138408423e-02,-1.987911992293562094e-02,7.894980820743940919e-02,5.863873903187307585e-02,3.094037572852791421e-02,1.660860838788337165e-02,-2.512424154893164868e-02,4.369188748042669886e-03,-4.953356715921753556e-02,-5.323117252615092859e-02,1.220443531153311660e-02,-3.128012456482872489e-02,2.794153161598160809e-02
-1.337004922955340250e-02,-1.396423543784586219e-01,-1.910786984027347257e-01,-1.953637537573765515e-01,-1.321284539648192313e-01,-1.320629780239889750e-01,1.160938218316809878e-01,1.928554413375439813e-01,2.931874904357885114e-01,1.000000000000000000e+00,3.242943669569058329e-01,3.852096509142510228e-01,3.151116504827499720e-01,3.457180121468628187e-01,2.801452505182550068e-01,2.296767046630101006e-01,3.067624372955712886e-01,2.052358495141194394e-01,2.569840738205870223e-01,1.581636135506213903e-01,-5.729205033724168311e-02,4.195797800196643390e-02,9.878133577881154093e-02,-4.750157946813469284e-02,4.079307683411421102e-03,1.393135922423224989e-02,-7.496009173359026445e-02,3.331027797142854796e-02,3.556010300834912957e-02,-7.539656686564635488e-03,-9.911781370054516260e-02,-5.371807268933096596e-02,-2.102294963436971906e-02,-1.561646469045637788e-02,3.776542625828424593e-02,-2.799809360641104545e-03,2.690917711033570178e-02,3.584358223039974672e-02,1.465471172271297084e-01,7.696382710693712957e-03,3.351667017102671203e-02,8.081048974805046803e-02,-2.189931268640956177e-02,-5.446175790883058671e-02,4.906838225656308394e-02,4.025889643932571704e-02,5.495755515361389759e-02,-4.062470379729679658e-04,4.104790913682825060e-02,-1.998444810256994747e-02,2.224361349634496401e-02,5.967672830424414904e-02,-3.705158599277121045e-02,-2.063008508324313053e-02,-5.935086595464835607e-02,9.235812392645416705e-05,2.150598134058749264e-02,2.027153014084962304e-02,-3.843127898928234282e-02,4.670722854170748416e-06,-2.041306531995181958e-02,-3.074532553465947685e-02,4.202355737479898656e-02,6.940629108076375176e-02,6.263353279017065678e-02,1.797835952043115582e-02,4.241767982617489913e-02,3.907427352881850252e-02,-5.242719828857297232e-02,-1.418782652091079427e-02,-3.598378631056457777e-02,-5.076266972010976680e-02,-3.884747095068867562e-02,-1.710420050466888997e-02,-2.658647793678250298e-02,-3.597565066305797449e-02,-2.960413290454359456e-02,2.672374881095158222e-02,6.281369798364473678e-02,-8.908396098228255067e-02,-6.937000832197366684e-02,4.284768683281709595e-02,-5.024717085507249964e-02,-4.983813602348393518e-02,-1.578746838854210369e-02,-4.772278778997218751e-02,-9.758462049214690348e-02,-4.389562662148361466e-02,7.386390254269663280e-02,-1.623822501734226847e-02,-3.316729080992976419e-02,-2.032606885797325069e-02,-2.398310707580685042e-02,4.375070688353640408e-02,-3.915031039672742762e-03,4.438680012566705024e-03,-2.685076445421046617e-04,4.961414519245243952e-03,2.086655209243422002e-02
-1.810534842851051901e-02,-7.827570647604051302e-02,-3.975990471948404742e-02,-2.939261481819172017e-02,-1.472016270922079373e-01,-1.285712208062511075e-01,-2.890201029412181599e-02,9.525204231456892157e-02,8.625049063989681519e-02,3.242943669569058329e-01,1.000000000000000000e+00,4.224772612656768622e-01,3.652057551291894022e-01,6.701824570404676384e-01,2.295245747356400579e-01,2.017865037638686687e-01,4.628035680886681269e-01,1.356076887791819174e-01,2.297760737876910764e-01,1.149100961198615822e-01,-2.286468328800800223e-03,4.297253615930115428e-02,4.882214861608351331e-02,-6.542198697916354333e-02,-1.949913675492404713e-02,4.441852712727932528e-02,-7.911753525076531401e-02,5.048294537359413608e-02,5.753593785898546142e-02,-6.953821419642999824e-02,-3.622369711195767145e-02,-1.210670494701849287e-01,-1.572962814245058016e-01,-4.704501561348668759e-02,3.031739196754335702e-02,-8.305012835580573294e-02,-3.787566973470075232e-02,-3.434621656495825265e-02,1.303265332565010370e-01,1.596087698983359240e-02,1.336975363141519602e-01,1.408909988165191196e-01,9.870597534699661335e-02,6.423880521697157564e-02,1.527601322956765872e-01,1.320832495851617661e-01,2.784949451741586951e-02,5.845925927144526857e-02,6.092323095173118180e-02,4.960299433161585725e-02,5.703010007639773560e-02,6.900446895833006744e-02,2.290176526578190444e-02,-6.050711820024815002e-02,-4.338633052294994796e-02,-6.887000657952131906e-03,-4.716451415915662998e-03,8.843984428957122473e-03,4.727621387933731573e-02,-3.818973402621996666e-02,-1.604602028010776449e-02,-5.920832051802567969e-02,-2.468345711774699511e-02,-9.132600524993803037e-02,-2.003877974745019858e-02,-7.165196911808954794e-02,-3.557872290822147732e-02,3.022937064089819062e-02,-1.177491191876514492e-01,-7.528027832486758331e-02,-6.576690326096785999e-02,-1.802867623495610361e-02,-7.290415187764570648e-02,-2.629650021476302030e-02,-4.559842921358803897e-02,-8.034962182313896972e-02,-1.171458272412432694e-01,-6.930458834867181395e-02,-6.193481669596143102e-02,-7.707161314801666552e-02,-3.715089367228407297e-02,-4.002772939696284255e-03,-3.547083504965223288e-02,-2.151825837234461192e-02,1.053346330899405936e-02,-7.878430231271014994e-02,-8.524461206427792759e-02,-2.569277847718762827e-03,7.790697476244257125e-02,-1.548236189314673023e-02,-3.593998508071304110e-02,-2.313627782966172150e-02,-5.452169403563231903e-02,4.050878959833747149e-03,-2.393656289198043893e-02,-4.045196074773371731e-02,-2.669911379989749547e-02,-4.919400035835490292e-02,-2.373874977300040323e-02
2.118332649247614205e-02,-4.345747142088672577e-02,-8.164887206873680525e-02,-1.134410123615312432e-01,-9.217472474481336331e-02,-9.776469327812298271e-02,5.061586727682518272e-02,1.172642372056658250e-01,1.788170589112706710e-01,3.852096509142510228e-01,4.224772612656768622e-01,1.000000000000000000e+00,4.358089306123184570e-01,4.774426821642643315e-01,6.550457273120190438e-01,3.495798399665435707e-01,4.601851659629067615e-01,4.057816155144745029e-01,3.432570453193640181e-01,2.710520631080428067e-01,3.832593698214641770e-02,7.369558303985608572e-02,8.665140885716206970e-03,-6.772132734579475177e-02,-5.114449712286215505e-02,3.137912053830518161e-02,-1.112720228441153453e-01,7.524843407168733955e-02,1.099901479116753705e-01,1.868625311861163429e-02,-3.179529381737235261e-02,-5.797764931208505140e-02,-2.977459959897150316e-02,4.514790563782160315e-02,2.659406332902439565e-02,-5.748224763815631966e-02,3.236397104504413341e-02,7.768000032233539354e-02,1.922425042410288720e-01,-2.873391529775893172e-03,3.720108525006325662e-02,1.568540051198573093e-01,3.751106011186014499e-02,-2.749640750534662267e-02,1.460714314621420207e-01,9.536406475274501748e-02,8.877662997137467094e-02,3.814579615921304123e-02,8.178214143998240688e-04,2.871447404430279085e-02,7.481948639806131063e-02,4.393364877947229102e-02,8.234523560475449575e-03,-5.682243900231251366e-02,-7.845406644368561888e-02,-7.415992132269122461e-02,-1.116956350877260223e-01,-9.527790436010870334e-02,-4.766493786129996635e-02,-2.787570853899355716e-02,-1.077360652240962891e-01,-1.360850102877923101e-02,-5.529880258497921891e-03,-8.760939298195628486e-03,-3.852409731476942600e-02,-7.269039424402244653e-02,-3.955989013292558754e-02,7.241663715253562894e-02,-1.120221623136807981e-01,-9.721544473781147666e-02,-3.114081227388768372e-02,-4.971887612173481186e-02,-1.231342238391049809e-01,1.268544058531941715e-02,-3.730754693963697632e-02,-9.977118586188407634e-02,-8.088929849188800092e-02,-3.673381602505085275e-02,-6.441554969188766078e-02,-1.010288523865842530e-01,-1.117152408211042058e-01,-5.689314207625371239e-02,-1.245829618761684771e-01,-1.144862818562399354e-01,7.608952289413039964e-04,-1.176243696723525411e-01,-9.841632483596142456e-02,-1.858424592570273939e-02,7.878373023864285174e-02,-3.622742176230277222e-02,-5.495546233566842714e-02,6.999533544765594237e-03,-3.735006680570452514e-02,6.410523246690885690e-02,5.370821242341421858e-02,-5.475957143672926901e-03,4.855062971714665249e-02,-1.044717301598579139e-02,-1.443891898791591815e-03
-3.971553382157064910e-02,-1.146134828003804451e-01,-1.974186886339328872e-01,-1.925338767911942695e-01,-7.557761658688544326e-02,-2.002233551544897183e-01,4.925662455701170644e-02,2.398970430498186535e-01,1.253059594436805313e-01,3.151116504827499720e-01,3.652057551291894022e-01,4.358089306123184570e-01,1.000000000000000000e+00,4.921337749263414163e-01,4.225840501168600105e-01,7.591686064564737713e-01,4.816455155904334484e-01,2.748094049871454558e-01,3.475276528710292134e-01,1.148879879321240416e-01,-4.218265839532985007e-02,-5.291431690126583570e-02,-7.287869611923926405e-02,-1.353606572481645398e-01,-6.683931640527514262e-02,-4.924906808410028231e-02,-1.134769354632102351e-01,-3.783338272076692578e-03,2.056273945729296046e-03,-5.812752467030173065e-02,-6.280432079092918007e-02,-2.113098515877604583e-02,-4.642404778997537979e-02,5.579875600003957742e-02,6.274949216537589747e-02,-3.166508275412761170e-02,-5.291265564666936677e-02,5.961117686027913448e-02,1.928195909365597593e-01,8.585709481831765855e-02,9.734104341721915021e-02,1.913904437517356394e-01,1.272989812861674286e-01,3.873929215249884237e-03,1.619575410636706625e-01,3.243925415521742989e-02,3.708062696218042409e-02,1.952974887250059910e-02,3.626724125527096970e-02,-2.464375078368483563e-03,2.757617580806024163e-02,7.842472428434131559e-02,-3.023347997669054849e-02,-7.441127251602076831e-02,2.495148847968842263e-03,-8.239846632780852345e-03,-9.893865972997789582e-02,-5.429339246007871406e-02,-2.280552360424748654e-02,-1.430501851461598098e-02,-2.317017727813852970e-02,-4.797611055718045865e-03,2.201223914712469813e-03,-6.813178650728962671e-02,-8.534323923024471348e-02,-6.234739910995808210e-02,-1.164988487210936591e-01,1.147982301690405292e-02,-6.676542468066863634e-02,-8.405987351354266002e-02,-8.219341440623161021e-02,-4.950965588519751909e-02,-1.017938503837278186e-01,-4.504128929810435195e-02,-5.204794323098085179e-02,-1.232015664066640204e-01,-9.996064333006803027e-02,-5.267345720515288765e-02,-9.492244547021211343e-02,-4.438292791723680991e-02,-2.049455330467511716e-02,-3.934825746194021284e-02,-4.573192497491253977e-02,-3.969740714612532417e-02,-5.324211202733246558e-03,-7.109375347927381072e-02,-7.236226027181295872e-02,-1.413874500734941392e-02,6.166900476712684070e-02,5.262812113549700938e-02,-2.499314050954034097e-02,1.551457432402570356e-02,3.736979984554604593e-03,2.701707163280564830e-02,4.192653594599705935e-02,-1.689468541016696246e-02,4.483137672485928982e-02,1.475070290590423279e-02,1.340979875825699073e-02
-4.267871441555958628e-02,-6.918480447884700624e-02,-1.063114912311684951e-01,-1.040386412817066036e-01,-1.295804657123148795e-01,-1.342698956489932760e-01,1.962787157468329907e-02,1.390968454805852350e-01,1.268740489088428514e-01,3.457180121468628187e-01,6.701824570404676384e-01,4.774426821642643315e-01,4.921337749263414163e-01,1.000000000000000000e+00,4.156163825997974959e-01,2.941786645480617968e-01,6.528433457847314658e-01,2.482121402099275453e-01,3.355821877882517179e-01,2.327045383929564615e-01,3.373686595461465598e-02,9.145942633072852435e-02,6.440865878905961683e-02,-4.810153528945127627e-02,-3.593959529287889254e-02,3.084300666378953990e-02,-7.126475792158505629e-02,9.355744780550531714e-02,4.650984206073326133e-02,-6.833996196320367422e-02,-3.365833366976657415e-02,-1.513142501448947741e-01,-1.864784073354495697e-01,-3.316258175942560227e-02,4.725934240716136471e-03,-9.719166236080341303e-02,-6.472292214408829382e-03,-1.123048209441485958e-02,1.711732715161129181e-01,1.722333435438765450e-02,1.382606620227277150e-01,1.712335403411831547e-01,8.895488791367499315e-02,3.822276369023439035e-02,1.917358814348776030e-01,1.122429753408277220e-01,4.682626584810103965e-02,3.789055643473265844e-02,1.751178775931813009e-02,2.154451174317720263e-02,4.850282921481410131e-02,5.897970440712405060e-02,-1.436357808548202782e-02,-1.138796309184145761e-01,-7.775702123599301241e-02,-2.667714383463225258e-02,-4.458196257788864941e-02,-4.473742252264535646e-02,-4.844275004352996579e-03,-4.084294053981059325e-02,-6.170449247198722675e-02,-4.175549131031443956e-02,-6.020179748187022561e-02,-8.791831514724583740e-02,-5.405748515618141042e-02,-8.430679281976098671e-02,-3.753341209179214544e-02,4.816340932275485487e-02,-1.027282312187003527e-01,-7.329619556227282007e-02,-4.759417795321117112e-02,-2.440679807075750787e-02,-7.441595812013075684e-02,1.546939515559439711e-02,-4.273345540552338229e-02,-6.126741836612536324e-02,-9.393394111372681266e-02,-3.308392959664262223e-02,-5.800701519789694394e-02,-8.171170005344925713e-02,-3.463882404880883059e-02,-3.011404226123768832e-02,-6.620457279290239971e-02,-2.511604056064932824e-02,1.851532981981835607e-02,-9.487192327071973519e-02,-1.000829948802604424e-01,-3.676930768225988855e-02,6.953151208174712661e-02,-3.557955250132277536e-02,-3.610752058139855836e-02,-1.691847702089795819e-02,-5.362163601965625609e-02,1.156231784579014182e-02,-2.161779667557489279e-02,-6.672188055535378803e-02,-2.585413128081435596e-03,-5.511741090940412702e-02,-2.426315358042828441e-02
1.102226842719742500e-02,-5.342471271676719341e-02,-1.004813699912080055e-01,-1.301482434944648270e-01,-4.730001904095314236e-02,-1.171244806041220471e-01,1.574991186679427016e-02,9.873840813590975540e-02,1.293619573838750425e-01,2.801452505182550068e-01,2.295245747356400579e-01,6.550457273120190438e-01,4.225840501168600105e-01,4.156163825997974959e-01,1.000000000000000000e+00,4.427689328992013840e-01,4.979933624444799478e-01,5.082173175448039260e-01,3.855573270105379091e-01,3.280421319051891049e-01,5.528353205651708596e-02,7.038705617037886719e-02,-2.590169094878365039e-02,-8.118318588188823404e-02,-6.960515767615495231e-02,2.207793360260357218e-02,-9.293811580706279329e-02,3.073659176857847578e-02,5.732540785802378580e-02,-1.254925336309425932e-02,-5.536008209149617665e-02,-5.916972173418101610e-02,-1.968089334893320663e-02,8.027195456916588756e-02,1.418445016249307751e-02,-6.627213181946312037e-02,4.859601411980404156e-02,1.251441860488201052e-01,2.289259601390650212e-01,2.125397521185131561e-02,1.149828376698129248e-02,1.705983280542751335e-01,4.182342383297012189e-02,-4.723957781373412657e-02,1.563053826683964975e-01,1.095681343830814530e-01,1.167224195829278249e-01,5.136169953258366144e-02,-1.221953168454547808e-02,2.126926283073906666e-03,6.848793878292812332e-02,3.339209845391123699e-02,-2.443265162773503377e-02,-4.773957919962504293e-02,-6.369592984525687673e-02,-6.599512640500534988e-02,-1.211689344581894229e-01,-1.073359181449002192e-01,-5.415964351708540958e-02,-2.327313650318057689e-02,-9.140524699574890943e-02,-3.169265132726893381e-03,1.135446229451295662e-02,1.306367780615334123e-02,-4.496576822028330866e-02,-5.298171000072940395e-02,-3.198323947838042913e-02,2.608711179019090887e-02,-1.060425579080352676e-01,-1.109194063164483379e-01,-5.753597008243924171e-02,-8.510782982470520286e-02,-1.553697257565532230e-01,-2.211530699301505771e-03,-7.435833006704278825e-02,-1.150609402108428714e-01,-6.688986437634021620e-02,-2.320551945893470705e-02,-5.784097284462239724e-02,-7.674817622850310661e-02,-6.842454778082737721e-02,-1.862120220819920083e-02,-1.062977640426868847e-01,-9.114482860191248925e-02,-2.071146294979183192e-02,-1.097703372390945037e-01,-1.049193658329750367e-01,-5.734279456639222033e-02,3.278621916042994550e-02,-3.483779654857741687e-02,-6.567579106832811819e-02,6.045737385097313225e-03,-2.057158132968566963e-02,3.305724827826209827e-02,3.789919288549795096e-02,-1.871555122708125699e-02,5.327832700837301788e-02,-3.917580683200649200e-03,-2.186074857370779931e-02
