1.000000000000000000e+00,4.105202142137435173e-01,3.313278556218360871e-01,3.998502018126086077e-01,2.475831734427324793e-01,2.068808979843131390e-01,1.986443279404351281e-01,1.428553805928075293e-01,1.258681705068029899e-01,1.214553315657434379e-01,9.733825297699497114e-02,6.063391200559318378e-02,2.937295654435592880e-03,-4.006467307906639956e-03,-1.107476177801633779e-02,1.705968150791892582e-02,-1.580374857265853458e-02,2.208709926714402371e-03,-3.514935648215430398e-03,-2.253869435849477701e-02,-5.141292359141159951e-03,-2.876230550811167616e-02,-6.151886751501463996e-03,-1.603050771538268998e-02,-2.033420094840083722e-02,-1.093780573612175566e-02,-3.416046607472369989e-02,-5.814321233384072383e-03,-1.484382636756376855e-02,-2.271321338112325741e-02,-8.548047751037887720e-03,-2.139592910465820327e-02,-1.024210720868879224e-02,-4.733762954608863177e-02,2.956607101564449197e-02,1.049804210792335858e-02,-1.086850864157264292e-02,6.940597727747307467e-03,-3.363870614809921084e-02,2.246448173761047412e-02,-9.184891587507883204e-03,-1.763121525349823152e-02,-1.761057723666541869e-02,1.005286139682054665e-02,-2.864582259944855637e-03,-3.316981907857812634e-02,-2.316085774428268320e-03,1.174124204166438964e-02,1.295893145420557412e-02,1.040511203483400482e-02,-5.534703239804135942e-03,-5.302932196616950804e-03,-3.424287303658558185e-03,1.269588565986139129e-04,-6.502424356974575471e-03,4.347564350044491599e-02,-2.398959246696965100e-02,-8.141214789868594925e-03,-2.684041876727749285e-02,3.015094243384828024e-02,1.529971044207022353e-02,-3.962054960650547575e-02,2.800370719215797971e-02,1.460134744259413905e-02,4.028972264774887541e-02,4.197892304889277310e-02,3.433741908381960934e-03,4.493035019794124757e-02,4.704716021522525882e-02,3.214056928869780255e-02,4.334933990135213244e-02
4.105202142137435173e-01,1.000000000000000000e+00,3.354508130870880733e-01,3.530173316402333561e-01,3.007473971540178259e-01,1.274278739917359127e-01,1.873449341448235328e-01,1.690925883912675065e-01,1.250938363584236657e-01,1.441797481361351552e-01,8.919727752147169064e-02,7.414850667080781499e-02,3.664545939364506622e-02,5.278453943765635398e-02,2.376388620054912040e-02,5.137372758939309780e-02,3.255074336949231872e-02,2.996767878754305614e-02,2.025096632442438885e-02,-3.824480785879724731e-02,-2.753650878048550035e-02,-4.448593476287125703e-02,-2.944515944414529893e-02,-2.987511939626668472e-02,-6.915770367204185365e-02,-1.067959322546574268e-02,-7.009634815830548260e-02,3.828874278506218427e-03,-4.081454528937396992e-02,-5.525897041783354308e-02,-1.322623282317471338e-02,-5.812698871547739010e-02,-3.447125728564784386e-02,-5.143095121058727237e-02,-5.976681998679166455e-03,1.334515850039355404e-02,-2.282166228407814332e-03,-6.465976620865784147e-03,-6.260299824242952782e-02,4.224601227954261073e-02,-3.295708076224394129e-02,-6.169587940355381050e-02,-1.945131391067625014e-03,4.967321178064040312e-03,-1.376345568401174738e-02,-2.957221877987859307e-02,1.897609548442871080e-02,2.432211539201481823e-02,1.126353336407848009e-02,-3.921757475835059570e-02,-4.632791501380111726e-03,2.727918309790128629e-02,-3.010768960992624491e-03,-3.417723289860670477e-02,-3.355340379052112239e-03,5.355965336434227730e-02,-1.863102354329838201e-02,-3.533132328072345618e-02,-2.140841590299250377e-02,2.700169185840832400e-03,3.147698281009538718e-02,-1.945280626596463530e-02,5.221055993607334744e-02,3.271357422872064880e-02,6.739198686792644000e-02,8.417064983279287649e-02,1.827508149467394968e-02,6.461049633384076396e-02,5.562759080141519569e-02,1.798475417824348804e-02,8.210630670725879710e-02
3.313278556218360871e-01,3.354508130870880733e-01,1.000000000000000000e+00,3.295964465923544862e-01,3.446408965812585157e-01,2.830036201316100675e-01,2.120666624220917673e-01,2.107764232989364772e-01,1.707424335935393278e-01,1.245679798739336708e-01,1.314028038358007744e-01,6.673503234923239269e-02,4.833163156251633202e-02,-1.838886467558815616e-02,4.510977748563320053e-03,-4.865861415507381077e-03,-1.269376586532541470e-02,-3.801815391086688263e-03,2.695992293962906974e-02,-3.642719568560850302e-02,-3.069766868358117171e-02,-2.530967375369759520e-02,-1.206590313606796701e-02,5.423813324868249908e-02,-2.233510905472110841e-02,6.852872125406432938e-03,2.338793997518944998e-02,6.112625688078012626e-02,4.102773083901844337e-03,4.214259986345834236e-02,4.360851042790741400e-02,-6.417402770470475616e-03,-4.257198798212886645e-03,-4.954384351804899667e-02,7.016753952535707828e-02,7.136265307060542240e-02,4.601097154793530597e-02,4.989133801374358301e-02,-3.147591037261313757e-02,4.845917192651524180e-02,1.865480164407286052e-03,-5.574600232923360155e-02,-1.915430002126101983e-02,2.858777689193093413e-02,-3.311108029035408906e-02,-8.467098808354434070e-02,1.521995866134396962e-02,4.441618633986733379e-03,3.930035774532917962e-03,-4.051211505527452239e-03,-1.743840432864500467e-02,-2.505728931429696341e-02,-3.799402973493018476e-02,-1.980857074292726241e-02,-2.263713447800117656e-02,2.345107938041001219e-02,-7.435664973043833170e-02,-4.167607475511762860e-02,-5.385799488828710291e-02,1.406466871696076745e-02,4.886508101914030511e-02,1.306698436921532392e-03,1.893463001909778329e-02,1.260502067516068060e-02,3.321617413400129032e-02,1.861473340311625008e-02,-5.587850179324891850e-03,1.833070096830041046e-02,-1.527977628536353848e-03,1.417333562816940409e-02,1.271202120280638323e-02
3.998502018126086077e-01,3.530173316402333561e-01,3.295964465923544862e-01,1.000000000000000000e+00,3.985124955577913908e-01,4.279274336158658265e-01,3.590757165194959910e-01,2.373138254700664085e-01,2.387982634878140498e-01,1.754540204667107417e-01,1.672180858949035842e-01,5.924175196887775108e-02,-1.789498619418812900e-02,-5.401630822583148445e-02,-2.141894086135405495e-02,-4.136164941880000889e-02,-8.125188183242083861e-02,-1.680542355926631717e-02,-2.525197374444742779e-02,-2.880180018008561549e-02,4.016268938623375473e-02,2.875637447433982991e-03,7.072632378875641501e-02,1.033547800771925096e-01,8.655860896911420077e-02,5.355087260564062035e-02,4.056226118951640480e-02,2.669851106088558940e-02,-1.532781810525821143e-03,2.187294884160933747e-02,2.128364716356573316e-02,-8.355804022897747596e-03,3.663962732336934619e-02,-5.112204905041483477e-02,5.928700201886935583e-02,8.828701991870364918e-03,-7.769196533818376570e-03,1.818493691266928614e-02,-1.014530031863011307e-02,2.533285045090173659e-02,6.807547018076579026e-02,3.430794997588131057e-02,1.106269873702244019e-03,5.566989851821235735e-02,5.688866081000974739e-02,-9.626684624543713556e-03,4.288806653893337088e-03,4.492499387849954728e-02,-3.181999556946584363e-03,2.455143181096360386e-02,-1.736009031288018173e-02,-5.473080329071890876e-02,-1.839608780256825685e-03,1.295645336626573448e-02,-4.001725318756511884e-02,-2.877299718887252680e-02,-6.203086192712534142e-02,-6.367627482667972960e-02,-9.794076732963448439e-02,-3.002477421337470739e-02,-3.332138786083542990e-03,-6.403141892456333528e-02,-2.078253581197840247e-02,4.645896344682617571e-03,6.161324131059318053e-03,3.423576252483968158e-02,1.210455844847992818e-02,3.715339766499936580e-02,5.918239122824036497e-02,4.295812379952364951e-02,1.475836171125531789e-02
2.475831734427324793e-01,3.007473971540178259e-01,3.446408965812585157e-01,3.985124955577913908e-01,1.000000000000000000e+00,3.789188069160053796e-01,3.301039745168344863e-01,3.682403969526362730e-01,2.265375057244727319e-01,2.620300547075731235e-01,2.000239104596856776e-01,5.522507467395451619e-02,-2.085600943315184599e-02,-5.764956729284759912e-02,-2.479599870169022294e-02,-1.489299687106345783e-02,-7.533336918116141645e-02,-2.202937156283773373e-02,-2.001323637491689983e-02,-9.945077359092349689e-02,-1.533086349174646312e-02,-7.685454113062764603e-02,3.846843389149552390e-03,-1.571225875134300148e-02,-1.302818679310856383e-02,-1.268982744354866903e-02,-3.887153549007350134e-02,-4.830403254161342447e-02,-3.454337965630517593e-02,-2.098515214444281532e-02,-3.097933374301628170e-02,-4.429287732543128048e-02,-7.490179829932243349e-02,-1.068366121952573494e-01,4.882924046631244297e-03,5.366994189455405462e-02,3.774772458290968913e-02,5.792726405925927025e-02,3.643150352391709402e-04,8.517389478695230887e-02,-3.982942916796660023e-03,-1.163540897876019602e-02,5.010063253543477202e-02,5.695251737589938218e-02,-9.361252076261572172e-03,-5.781674193881767079e-03,5.316300251171139635e-02,3.098408031940125609e-02,-1.355962879700966855e-03,-4.593952295069077957e-02,-5.725180470639377149e-03,1.027463437729968926e-02,-2.869617040713443382e-02,-2.367207725829767809e-02,6.695339067939761260e-03,4.176515507218408335e-02,-6.058840657683213504e-02,-1.964742579146033091e-02,-2.702037904629900691e-02,5.500808668658920680e-02,-1.782792088600707774e-03,-2.906733974636025938e-02,3.238558758382641817e-02,2.930619593906305664e-02,6.828830110415998189e-02,4.465391891905070437e-02,9.696228359185880136e-03,2.527149638100777834e-02,8.514807106747493415e-02,2.987052993101124362e-02,6.130620821687119554e-02
2.068808979843131390e-01,1.274278739917359127e-01,2.830036201316100675e-01,4.279274336158658265e-01,3.789188069160053796e-01,1.000000000000000000e+00,3.476920341942648651e-01,3.528015110696584022e-01,3.612535202586342198e-01,2.615694653419302074e-01,3.042157416048429375e-01,1.207006104674956948e-01,-3.092114208862333305e-02,-6.470225308009913689e-02,-5.524289026416420029e-02,-2.879526927613264287e-02,-8.570615324880991037e-02,-2.753513204292263802e-02,-1.586104451409918199e-03,-5.771357432331112453e-02,8.688701276342379598e-02,-9.982399573392752856e-03,8.042091004200956073e-02,1.402894692335522331e-01,7.159362978524357046e-02,6.029353230376068712e-02,8.201306488344504986e-02,1.466454517483655601e-03,-3.935179059214712755e-02,-2.266586576670202163e-02,1.958429283936231544e-02,-7.552857428108469828e-02,-7.944874724902543581e-03,-1.097802003522800468e-01,2.918519469833018298e-02,3.007420843798895571e-02,3.322875082728730944e-02,2.888519101021117235e-03,-1.273133851135470167e-02,8.580547098138212314e-02,9.347084732258202633e-02,2.618004299803094841e-03,1.853480205597821812e-02,9.744812726513543688e-02,5.236665166234113350e-02,-3.648176776367415691e-02,3.658605304180816836e-02,9.016758639921985952e-02,2.812715893635313671e-02,3.191693139698965898e-02,-6.223478166151913404e-02,-5.791687761946896079e-02,3.128866046002284212e-02,8.502227183866417973e-03,-7.970017146751268156e-02,-1.573761064007076285e-02,-6.641682537522547447e-02,-1.099371523164611730e-01,-8.670809581396514421e-02,1.341238921100725186e-02,1.416573227716493542e-02,-6.373030335003665448e-02,-2.423637204707963441e-02,-3.210281993193265376e-02,2.439819960361852905e-02,9.892222592618103716e-02,5.570447041068422867e-02,6.900507885602014113e-02,1.125829110992346144e-01,6.613099832191066119e-02,5.961789410473087442e-02
1.986443279404351281e-01,1.873449341448235328e-01,2.120666624220917673e-01,3.590757165194959910e-01,3.301039745168344863e-01,3.476920341942648651e-01,1.000000000000000000e+00,3.357750550548347368e-01,4.508155889541723971e-01,4.007292842455179027e-01,3.129705867845873901e-01,2.330393071089353618e-01,6.609073839851438426e-02,-3.887750659163501793e-02,-2.026125489496446996e-02,-1.631889910031501106e-02,-5.687677961485276823e-02,-3.676821664103414877e-02,1.265081887175565365e-03,-6.276945684001901393e-02,-3.263151388951497645e-02,-3.463212211496827925e-02,-5.825536959707760393e-03,2.736104404650568922e-02,1.392766524559061608e-02,-1.165806094874200817e-02,1.841045709998797783e-02,2.892998736368724774e-02,3.656845169605572182e-02,6.367261285151451858e-03,4.138760270019419679e-02,1.933343502723805420e-03,-1.345031544689161314e-02,-5.212291726995217644e-02,6.117305985693077819e-02,1.799957422588899930e-02,1.946082922272577079e-02,-2.601819528719964084e-03,-6.303705911143530141e-03,2.405803131919245427e-02,1.096588781138270940e-03,2.163710994716143768e-02,-2.428989286105557536e-03,2.384478451668917143e-02,2.676347498670486949e-02,-1.996112869998451292e-02,1.463292061839612315e-02,3.633350147576883127e-02,1.338578265199233874e-04,1.487069009837285738e-02,1.533749890523359097e-02,-2.135936160438904954e-02,-2.611087473489188959e-02,1.426340963050370600e-02,-7.106126592234198250e-03,-3.132825141472718195e-03,-5.936259725760757722e-02,-2.718411336235960346e-02,-3.786592779870709413e-02,1.502424485537934978e-02,3.444048119630076232e-02,-7.058755705353109144e-02,-1.199784322837631027e-02,-3.706879656513626525e-02,2.273745119167486228e-02,6.322102940261944970e-02,-2.979983281335960715e-02,3.545367377317405755e-02,1.994586216783454657e-02,3.385316466418696827e-03,6.328293863505097747e-03
1.428553805928075293e-01,1.690925883912675065e-01,2.107764232989364772e-01,2.373138254700664085e-01,3.682403969526362730e-01,3.528015110696584022e-01,3.357750550548347368e-01,1.000000000000000000e+00,3.426548796877776359e-01,4.736500396135647772e-01,3.972576865281624570e-01,1.337123796537928178e-01,-4.664664698650290015e-02,-1.151542221716286007e-01,-6.862903119754891479e-02,-1.861556379556661769e-02,-1.315323439396893501e-01,-3.711200865905969065e-02,-4.030009063710026512e-02,-9.867788460323378974e-02,-5.972597472909649437e-03,-5.023734294738172595e-02,1.388569605230106571e-02,1.819011492236058403e-02,9.335574904970375676e-03,1.047404759585213868e-02,-1.333139461330822180e-02,3.452073373749978136e-02,2.482079528676752259e-02,-5.732527961189197961e-03,5.581272278629609285e-02,-2.784780053758919086e-02,-1.943062463457070205e-02,-8.070981318996295339e-02,4.151454517776855674e-02,1.344524097631699146e-02,2.039116548007101608e-03,-3.090864274025197436e-02,-4.419499599368730686e-02,3.793020703567900193e-02,1.024496483778766960e-02,-7.754709176425087468e-03,-4.640432529045638785e-03,3.048461998149901847e-02,1.063942920158519184e-02,-4.267185436982801061e-02,-7.799555321500308697e-03,3.278484124097398589e-02,-8.204597856180183280e-03,1.743989905865836465e-02,-1.304207423589010331e-02,-6.110505688589387002e-02,-7.421059650867657762e-04,2.876204821728314820e-02,-4.160321936767053669e-02,-3.652225102774664389e-02,-4.196727043223039827e-02,-5.217468597848795575e-02,-4.366772636059200463e-02,2.638748030741811662e-02,2.010905519082392331e-02,-2.167260366363998186e-02,2.533432484832459641e-02,1.035891297539018666e-02,5.768330885636911015e-02,1.041997521597318732e-01,2.032218799030530187e-04,8.105828853178886906e-02,7.962643150243124690e-02,8.818693712290509579e-02,5.558580032636794427e-02
1.258681705068029899e-01,1.250938363584236657e-01,1.707424335935393278e-01,2.387982634878140498e-01,2.265375057244727319e-01,3.612535202586342198e-01,4.508155889541723971e-01,3.426548796877776359e-01,1.000000000000000000e+00,3.892970962851206584e-01,6.272798874954834680e-01,3.170887353826700172e-01,3.758123490325213090e-02,-4.512180116395261148e-02,-4.565347091693432863e-02,-2.675550114386134395e-02,-8.032456176369595635e-02,-4.957229562227814801e-02,-1.741154538881298577e-02,-4.720766322773269769e-02,2.253590419297888878e-02,1.303201587018288331e-02,6.322992837336678662e-02,8.149015645503586425e-02,5.124592601553788068e-02,2.531183796083492227e-02,1.105122067598046653e-01,2.914506991688266269e-02,-6.635808840639506774e-03,-4.066319921285718383e-03,4.941957133658794743e-02,-4.671093092061986973e-02,-3.076332437352557146e-03,-4.802493110786278108e-02,2.559710312982713121e-02,1.198476885414990860e-02,5.960214987515560087e-02,-1.359845565551228222e-02,-2.277620202421882373e-03,5.331019873668654124e-02,6.545522399035486050e-02,1.537088949721903720e-02,3.123217179701472633e-03,5.725759920058476338e-02,4.409268846495459360e-02,-2.808453524107331484e-02,2.637329267624729037e-02,7.277778096135752162e-02,3.450704402099521312e-02,1.855718764312794949e-02,-6.293100315858855820e-02,-5.545816935252159685e-02,2.139203762148543173e-02,-1.110799385071322039e-02,-7.862857034287278057e-02,-2.035888520052419465e-02,-5.769359386655543986e-02,-1.004707304289741560e-01,-7.618938477654205177e-02,-5.941351078144135357e-03,2.698993195298086262e-02,-4.326042110571656774e-02,-6.632918172738463958e-03,-2.646930126120571394e-02,6.056274770813001307e-02,1.303951220893427854e-01,6.730462232280062795e-03,7.975718704823175909e-02,8.876880253110844277e-02,7.911355082755015811e-02,3.487598556886160883e-02
1.214553315657434379e-01,1.441797481361351552e-01,1.245679798739336708e-01,1.754540204667107417e-01,2.620300547075731235e-01,2.615694653419302074e-01,4.007292842455179027e-01,4.736500396135647772e-01,3.892970962851206584e-01,1.000000000000000000e+00,4.063656847198489075e-01,3.030263917277919994e-01,2.693559658816162966e-02,-6.709458037689683407e-02,-6.684684956404937650e-02,2.134528553603199860e-02,-8.470156406425512208e-02,-3.624693006538825396e-02,1.183924967550281822e-02,-7.320574098393629880e-02,2.872125376423565173e-03,-6.323461177415683199e-02,-2.049927022294922158e-02,6.783221931261065527e-03,-4.804598811270155423e-02,-1.135236402335619912e-02,-1.429991020730903874e-02,1.355606733804209409e-02,7.929282176474835783e-03,-2.229498973511488680e-02,2.252158708618962404e-02,-4.167124744423061911e-02,-5.406512556530472524e-02,-8.780810495773627711e-02,2.939362581316636372e-02,2.818851673939905440e-03,2.808657359174733179e-02,-2.255089172893934638e-02,-1.631225848940360407e-02,6.020699593946633732e-02,3.675566293076354754e-03,-9.534162122000538683e-03,2.214310332427711376e-03,3.830504874348194394e-02,-8.171528131848992613e-03,-4.958903181965055446e-02,2.070802559062256964e-02,3.845133520479804279e-02,1.895320967153124245e-02,-1.363859622030773669e-02,-2.379991838325963907e-02,-1.641182286257469175e-02,-1.249213338882263803e-02,-1.987584304844276437e-02,-3.342987030546423072e-02,3.510240609452613264e-02,-2.260115464419264197e-02,-3.272250506653569951e-02,-4.072705059613354606e-02,-5.260376055416363106e-03,2.310722899745831782e-02,-5.401761755294873235e-02,2.295168202287391560e-02,-3.301271605234116363e-02,5.886362952320806780e-02,1.200947883424774154e-01,2.730863831382080234e-02,6.104554571385957529e-02,1.067073291299954763e-01,5.935224870367231120e-02,1.115351878810259129e-01
9.733825297699497114e-02,8.919727752147169064e-02,1.314028038358007744e-01,1.672180858949035842e-01,2.000239104596856776e-01,3.042157416048429375e-01,3.129705867845873901e-01,3.972576865281624570e-01,6.272798874954834680e-01,4.063656847198489075e-01,1.000000000000000000e+00,2.784314889782852354e-01,-5.315135126563767104e-02,-9.730803658540813916e-02,-8.170541351439705724e-02,-4.744193467636764056e-02,-1.252724854949722189e-01,-6.570787000911659792e-02,-1.221652268344476135e-02,-3.239093334464371310e-02,2.957029681777120431e-02,9.964893629560725441e-03,4.846755332021473323e-02,7.840789274885986981e-02,4.888418782928959094e-02,1.750756363458402798e-02,1.092609093649506702e-01,7.660076743268231722e-03,-2.523692586187548104e-02,-3.977509818790025270e-02,4.524006997626080911e-02,-8.972498970829140275e-02,-4.679822694826877433e-02,-8.773332275528565594e-02,-3.836686976526490055e-03,-3.868739592120224325e-03,5.122865193411661744e-02,-5.385221988238511615e-02,-2.868835071338283332e-02,7.054169499228224449e-02,8.519141125006558790e-02,-1.606180757674796969e-02,-2.024252174578683363e-03,1.018102681770769180e-01,4.902412130971364052e-02,-4.554756435955866628e-02,3.054994907409527838e-02,1.055516360074331139e-01,5.012584067717484188e-02,1.489246552624537943e-02,-8.681108010571669809e-02,-6.245192337057818566e-02,4.078555855499331473e-02,-1.973285892119934146e-02,-1.059774228402881324e-01,-7.162093913495466355e-03,-3.434574783152782862e-02,-9.591318892648519057e-02,-6.897335747384014670e-02,1.776200427505738103e-02,5.002194547709797739e-02,-2.170704987742247058e-02,2.055775317232068009e-02,-3.164213958335761884e-02,8.114755486128463757e-02,1.722225188389839845e-01,5.847569168916405546e-02,1.183003297257876896e-01,1.250910789688856883e-01,1.202714046108040863e-01,7.537916046026088557e-02
6.063391200559318378e-02,7.414850667080781499e-02,6.673503234923239269e-02,5.924175196887775108e-02,5.522507467395451619e-02,1.207006104674956948e-01,2.330393071089353618e-01,1.337123796537928178e-01,3.170887353826700172e-01,3.030263917277919994e-01,2.784314889782852354e-01,1.000000000000000000e+00,3.398413092633965626e-01,2.241243969020975113e-01,4.213135737661481695e-02,1.894567900801116533e-01,1.338123003573710446e-01,3.821911952190244766e-02,1.127914924731245050e-01,5.306641301656766369e-02,8.822020234733768396e-02,8.395124977155388191e-02,4.261513913667319686e-02,1.056076097095730859e-01,2.508155965462988135e-02,2.258912640497808943e-03,9.578079540487291488e-02,-1.403406438939435634e-03,-2.096149459788437634e-03,-9.816216241770793494e-02,1.175364023098796756e-02,-1.028867248162215475e-01,-6.303125090543450215e-02,-2.530258002319395877e-02,-5.854127944743493794e-02,-8.139342212719684333e-02,3.253565948890764503e-02,-8.093130175559674899e-02,4.429447313713204271e-02,3.846322603025443404e-02,6.518858049451020653e-02,6.122256787790408133e-02,1.618285811281489073e-02,5.338729556597004988e-02,7.014998586511714262e-02,2.857677918477257665e-03,3.104090921398740960e-02,1.013418774532954120e-01,1.184379051602059696e-01,4.793529469697565409e-02,-7.869990048834192564e-02,-1.099170882150608819e-02,8.528714352052789438e-02,-1.251430359575942709e-02,-8.852438301830717338e-02,5.132661573020053103e-02,1.923739638498061372e-02,-1.050053812313939128e-01,-6.952720115727713257e-02,-1.888185229301475934e-02,4.506796515360821098e-02,-6.419696234349450692e-02,-3.485387459209118854e-02,-6.840945767284814516e-02,-6.051165092439002476e-04,1.403717014093694149e-01,2.644746480757390050e-02,1.127817995059121059e-01,3.558503508602281484e-02,5.377226505954946223e-02,4.055638972236492307e-02
2.937295654435592880e-03,3.664545939364506622e-02,4.833163156251633202e-02,-1.789498619418812900e-02,-2.085600943315184599e-02,-3.092114208862333305e-02,6.609073839851438426e-02,-4.664664698650290015e-02,3.758123490325213090e-02,2.693559658816162966e-02,-5.315135126563767104e-02,3.398413092633965626e-01,1.000000000000000000e+00,4.402976937512352862e-01,4.014622822124984114e-01,4.838796194103329729e-01,3.326121111576348932e-01,3.230213480279046645e-01,1.695407508945377950e-01,1.213153161175039435e-01,1.813594239409550141e-02,1.043048050983723940e-01,-3.767741698966926844e-02,1.326987981306496436e-02,-4.238371285463293781e-02,-8.358305077848894593e-02,6.082285261924543635e-02,-7.363413677873220653e-02,-2.939882686140120674e-02,-7.426270264495435369e-02,-6.977806651432469365e-02,-4.657315509191743697e-02,-6.730903429907675317e-02,3.872652557531409273e-02,-3.178369858288485061e-02,-1.307526785296027512e-02,1.169650336516748629e-01,2.758697790201029149e-02,1.489001313885479350e-01,4.529436827624666595e-02,1.861160438168243253e-02,6.796363722194030677e-02,9.407466319428911539e-02,-1.507368098142111007e-02,9.365603542747659438e-03,8.657146279977588621e-02,3.497306949094963757e-02,1.896374019634429128e-02,1.297440003856441260e-01,-1.521762950940812147e-02,-5.398840480006965314e-02,1.185579353517344781e-01,8.700008096033773342e-02,-6.840163654165566653e-02,-3.391818534118352414e-03,1.022573392399230424e-01,-2.478671376267146259e-02,-1.022852010864717109e-01,1.732079156913386708e-02,2.531551020256302478e-02,1.677012805286377112e-02,-1.795892040831242528e-02,-2.139147557444847497e-02,-5.754510356944449179e-02,2.885798114704124853e-03,1.344535325962050408e-02,-5.393999929553975475e-03,4.735553330588106874e-02,-7.248265523719200909e-02,-7.534652807703913491e-02,-5.745606387441454938e-02
-4.006467307906639956e-03,5.278453943765635398e-02,-1.838886467558815616e-02,-5.401630822583148445e-02,-5.764956729284759912e-02,-6.470225308009913689e-02,-3.887750659163501793e-02,-1.151542221716286007e-01,-4.512180116395261148e-02,-6.709458037689683407e-02,-9.730803658540813916e-02,2.241243969020975113e-01,4.402976937512352862e-01,1.000000000000000000e+00,4.092162182638694468e-01,4.394670821614508061e-01,5.542849222392407516e-01,2.526935847261892465e-01,1.606324839758113965e-01,1.493462088900913975e-01,-1.051523429853933045e-02,5.447767369709406726e-02,-7.862713245171773502e-02,5.293260723160012060e-03,-1.080533978533334410e-01,-8.325893044261156728e-02,3.995014827656653139e-02,-1.039528331014712426e-01,-1.203699115527579605e-01,-1.163008120104650212e-01,-1.083199144391409491e-01,-9.819339475410401863e-02,-1.293549510339181419e-01,3.585134304642722310e-03,-1.056986247466594198e-01,1.563694318539930045e-02,1.307939341248988419e-01,3.149628133447466422e-02,1.031181271158792961e-01,1.101520753798381214e-01,-1.781555274955238730e-02,-1.459597528944766090e-02,1.230249804423062393e-01,4.770862480521381732e-02,-5.123146043130594879e-02,5.227185182200132230e-02,1.142935417577045087e-01,2.493350995814203400e-02,1.294071740421784689e-01,-5.122058006253532580e-02,-4.621905112435203272e-02,1.291238976720193721e-01,8.784044609153016103e-02,-7.939602474319307213e-02,8.435586315359042825e-03,8.024890692015973492e-02,-3.718663948370665162e-02,-1.037469241186871338e-01,4.742014742012653356e-02,5.553538943208603113e-02,6.933055532304754909e-02,-1.540902974478938585e-02,-1.604501012956380951e-02,1.427367411757703847e-02,5.928381375245517226e-02,5.960035130080378052e-02,6.221533776572138463e-02,5.698141677733370436e-02,7.210378963894229117e-03,-3.525253489848868133e-02,2.842410803847847736e-02
-1.107476177801633779e-02,2.376388620054912040e-02,4.510977748563320053e-03,-2.141894086135405495e-02,-2.479599870169022294e-02,-5.524289026416420029e-02,-2.026125489496446996e-02,-6.862903119754891479e-02,-4.565347091693432863e-02,-6.684684956404937650e-02,-8.170541351439705724e-02,4.213135737661481695e-02,4.014622822124984114e-01,4.092162182638694468e-01,1.000000000000000000e+00,3.529070671400393322e-01,3.472147295751744633e-01,5.206778408213410536e-01,1.384101268437047116e-01,2.127583094784582796e-01,3.845887558995388783e-02,7.002334612458706309e-02,-1.732710074640095646e-02,-2.122479157444653527e-02,-6.205020137035069383e-02,-2.503705320885210583e-02,1.839083163261850257e-03,-4.795513074374142121e-02,-6.070591849390096634e-02,-4.577693446335718425e-02,-5.681506406788133096e-02,-4.062937921501424271e-02,-2.627076256359998224e-02,6.929434111878353744e-03,-9.020129693227752973e-03,6.127500661314101704e-02,9.245818182592005496e-02,3.815363482233238845e-02,4.638895240759567662e-02,5.175067555852606166e-02,3.407143638871008157e-02,9.073062747016342675e-03,4.519465929148454991e-02,-1.056892285108320013e-03,1.510656000811864963e-02,3.310337815777885523e-02,2.831000759725043822e-02,3.620382877923346288e-02,8.128675916762068132e-02,-9.552183745017466671e-03,-2.920661037666799631e-02,9.974016136470340022e-02,7.158825599999217582e-02,-4.261956268680135163e-02,1.308841481779736242e-02,3.418409314442765606e-02,-4.239538400976840954e-02,-1.063408971373187156e-01,3.002947001343679242e-02,2.279318093110337465e-02,-9.143950695835895495e-03,3.302476204816069683e-02,-1.803129716555148003e-03,-6.384992071666460017e-03,6.528066878892699321e-02,1.030129645288001446e-02,-4.257642251746315484e-03,1.544419826995030443e-02,-7.273685773614362027e-02,-9.688204518693539768e-02,-4.204091262688988001e-02
1.705968150791892582e-02,5.137372758939309780e-02,-4.865861415507381077e-03,-4.136164941880000889e-02,-1.489299687106345783e-02,-2.879526927613264287e-02,-1.631889910031501106e-02,-1.861556379556661769e-02,-2.675550114386134395e-02,2.134528553603199860e-02,-4.744193467636764056e-02,1.894567900801116533e-01,4.838796194103329729e-01,4.394670821614508061e-01,3.529070671400393322e-01,1.000000000000000000e+00,3.680228733120389228e-01,4.787420460655930632e-01,2.418848687939882947e-01,1.249809264260147990e-01,3.861761306173898400e-02,1.212844393147187311e-01,-3.064518906480750982e-02,-2.997771019596475600e-02,-3.500909573193608515e-02,-9.188667346748738418e-02,3.079880241037056751e-02,-1.562653784553471592e-01,-1.263842536286223228e-01,-1.949694968065699419e-01,-1.332449724056380125e-01,-1.527358886270225868e-01,-1.313915171139386773e-01,5.770320707714517421e-04,-1.148892373954227414e-01,-3.024653058305335623e-02,1.006754821171988029e-01,6.800262223618385587e-03,1.229589575599199930e-01,9.002101247323920918e-02,3.705970802485833437e-02,8.162322369155775026e-02,1.171274713532723111e-01,1.524706738037144051e-02,5.192208935542001746e-02,9.251460763314567348e-02,5.641749861072630629e-02,5.329272556496102847e-02,1.595653813762511475e-01,-2.958203503071340709e-02,-6.582420268229792482e-02,1.243198077671196639e-01,1.246381814263990834e-01,-7.025929860773891256e-02,-2.383139393256135385e-02,1.016668269615867981e-01,2.608253777830996101e-02,-1.079357184455802393e-01,1.742538834934581962e-02,5.792682370561334781e-02,-1.928137618223632263e-02,-2.587270837818595945e-02,3.181008150270749069e-02,-4.416018080403705248e-02,5.105847361533755874e-02,8.551126512865434015e-02,3.284581091020417204e-02,1.445581659081104919e-01,9.696093057223716463e-03,-1.653922845595873214e-02,9.030764811495527178e-03
-1.580374857265853458e-02,3.255074336949231872e-02,-1.269376586532541470e-02,-8.125188183242083861e-02,-7.533336918116141645e-02,-8.570615324880991037e-02,-5.687677961485276823e-02,-1.315323439396893501e-01,-8.032456176369595635e-02,-8.470156406425512208e-02,-1.252724854949722189e-01,1.338123003573710446e-01,3.326121111576348932e-01,5.542849222392407516e-01,3.472147295751744633e-01,3.680228733120389228e-01,1.000000000000000000e+00,3.529170496642565213e-01,3.079681342224825369e-01,2.753139626415425645e-01,7.565583896177673073e-02,1.231360818206339997e-01,-4.947044539362428772e-02,7.157133512372619577e-02,-6.251239392219609670e-02,-1.545737293237219728e-02,9.886328240086240948e-02,-4.564452771606367781e-02,-8.448636832133957220e-02,-1.005060007137352773e-01,-5.909989363558465492e-02,-8.405412138996584681e-02,-1.012460261019858948e-01,6.693668432044803419e-03,-9.405040774137223003e-02,2.478335292168903220e-02,1.105834260053902979e-01,-2.720497498605777757e-04,6.321978195842535564e-02,8.452014018439121812e-02,4.291517303976004338e-02,9.182220506838872139e-04,6.260482603808395496e-02,5.873250254190060665e-02,3.786393525053808468e-04,2.378392404206858962e-02,1.117644701971686749e-01,5.091180627769501671e-02,1.192847359705023341e-01,-2.912366518035482132e-02,-9.052183074473087177e-02,8.778576914901348172e-02,8.235566581700676236e-02,-8.381820600442690949e-02,-4.221710536145824311e-02,4.980551722144834631e-02,-5.529961111962814618e-02,-1.399107165565932620e-01,1.815604115346441255e-02,3.096724950727714615e-02,4.890040753111961347e-02,2.524031997214531801e-03,-2.451417822944395100e-02,2.691961495504472182e-02,6.446027896014416836e-02,8.281952739987230583e-02,4.085083705289511286e-02,6.280794162275965542e-02,1.526199285398530331e-03,-5.262761168495806718e-02,1.554905090492682621e-02
2.208709926714402371e-03,2.996767878754305614e-02,-3.801815391086688263e-03,-1.680542355926631717e-02,-2.202937156283773373e-02,-2.753513204292263802e-02,-3.676821664103414877e-02,-3.711200865905969065e-02,-4.957229562227814801e-02,-3.624693006538825396e-02,-6.570787000911659792e-02,3.821911952190244766e-02,3.230213480279046645e-01,2.526935847261892465e-01,5.206778408213410536e-01,4.787420460655930632e-01,3.529170496642565213e-01,1.000000000000000000e+00,3.389225837198537872e-01,3.148019674277114377e-01,1.365155382405931483e-01,1.301681634790675113e-01,5.264310348108632541e-03,2.966457484906980316e-02,7.645843312724023150e-03,2.276986186596834105e-02,5.609131861708242794e-02,-6.158070517399825972e-02,-6.685799159303920658e-02,-1.211770881549223411e-01,-7.844236542849579441e-02,-9.876721889814096822e-02,-8.173828017498656340e-02,-1.986795129141499978e-03,-6.562297184201035249e-02,2.635285978285370478e-02,8.792356046527514957e-02,-1.545360370351588422e-02,4.665987581321656003e-02,5.913203223026038818e-02,7.952278042593151353e-02,6.173951454523080723e-02,4.847557615236170597e-02,3.121762879067268431e-02,7.885532495331259994e-02,4.669132126997656979e-02,5.712191855287263031e-02,6.412285631465368396e-02,1.085647567603716668e-01,-4.777976257009231356e-03,-6.117371346555107448e-02,8.205027336266419724e-02,8.659914681600092146e-02,-5.656044169058485616e-02,-3.583150219453540286e-02,5.586837424925337331e-02,-1.200785104950697312e-02,-1.447732169277483605e-01,5.330633958952962596e-03,1.860874887277795889e-02,-3.008708687336584045e-02,2.417916368194120841e-02,-2.557252710183756730e-03,-5.388631015060766499e-02,5.150282651868810097e-02,5.899108176054663338e-02,2.340649243258347695e-02,9.181179483142783149e-02,-3.879090004213210652e-02,-6.929344684984627134e-02,-1.108695012094066366e-02
-3.514935648215430398e-03,2.025096632442438885e-02,2.695992293962906974e-02,-2.525197374444742779e-02,-2.001323637491689983e-02,-1.586104451409918199e-03,1.265081887175565365e-03,-4.030009063710026512e-02,-1.741154538881298577e-02,1.183924967550281822e-02,-1.221652268344476135e-02,1.127914924731245050e-01,1.695407508945377950e-01,1.606324839758113965e-01,1.384101268437047116e-01,2.418848687939882947e-01,3.079681342224825369e-01,3.389225837198537872e-01,1.000000000000000000e+00,3.260851580307916886e-01,2.602294544233561546e-01,3.074338436205323322e-01,6.166830536915227090e-02,2.257137201148121386e-01,1.044846438689150531e-01,9.588399501810210279e-02,1.855108477245836218e-01,1.112689268184525841e-02,3.278619949474974316e-02,-1.945208042728457654e-01,1.400460404189109165e-02,-1.353720425517618287e-01,-7.614135717825158689e-02,-3.460246932812975629e-02,-1.426996012652734513e-01,-8.999169013419294760e-02,2.533460827264622309e-02,-1.774255253476899885e-01,-7.443575456087507406e-04,3.131807631020383509e-02,1.668991216403085676e-01,1.056350533509805428e-01,-6.032541499274695143e-03,1.127986598255616146e-01,1.644264319842896893e-01,1.277913406102593706e-02,5.245635685583747987e-02,1.658559373335712350e-01,1.471745465312971346e-01,9.301654556294206011e-02,-1.203362966720980809e-01,-2.605395288155227043e-02,1.456406024407408129e-01,-1.074568317445396756e-02,-1.574305825077855214e-01,-5.809736345702445903e-02,1.729400121506971186e-02,-1.635787579836752714e-01,-9.854724167648444555e-02,-3.360564157072288421e-02,-2.275586067912264282e-02,-3.213848412594098869e-02,-2.098888761189415808e-02,-8.100384668841438540e-02,7.517376520075820176e-03,1.589137745525828205e-01,5.730240274134141415e-02,2.120057679353334334e-01,-9.979354661553805836e-03,-3.210782341643708248e-03,2.763053145534203822e-02
-2.253869435849477701e-02,-3.824480785879724731e-02,-3.642719568560850302e-02,-2.880180018008561549e-02,-9.945077359092349689e-02,-5.771357432331112453e-02,-6.276945684001901393e-02,-9.867788460323378974e-02,-4.720766322773269769e-02,-7.320574098393629880e-02,-3.239093334464371310e-02,5.306641301656766369e-02,1.213153161175039435e-01,1.493462088900913975e-01,2.127583094784582796e-01,1.249809264260147990e-01,2.753139626415425645e-01,3.148019674277114377e-01,3.260851580307916886e-01,1.000000000000000000e+00,2.860404750918472683e-01,4.091713623600597982e-01,2.021806725862304033e-01,1.957512513943260868e-01,1.850841298541112123e-01,2.232719599016289858e-01,2.268985461187365271e-01,1.148247417175176921e-01,6.509791563550672289e-02,-1.751407869242886314e-02,7.011456845436217500e-02,-5.496953060425054799e-02,2.311950107298276283e-02,-1.795346231309653687e-03,-3.710631207763748218e-02,-3.893088284876346922e-02,-3.934520992852792026e-02,-1.564477381869724959e-01,-6.995776698562132523e-02,1.180269970431867266e-02,2.138050930387568049e-01,6.097380946878694363e-02,-7.811819046180921988e-02,1.048118194584845980e-01,1.808327779939173652e-01,-3.984549131309674669e-02,-4.645118217889920246e-04,1.636073214167317880e-01,2.836402922891737011e-02,8.603518834292231410e-02,-7.154979313669108942e-02,-6.508191344863849259e-02,6.312533481514831513e-02,1.519997717934800166e-02,-9.560523440613902246e-02,-1.180397620878723408e-01,-8.492918779819010056e-03,-1.286121057281439661e-01,-1.161867214063201648e-01,-1.406044575565534305e-01,-3.762026146086677042e-02,-1.608378870424977472e-02,-8.420705134985806417e-02,9.165213722458081386e-03,1.767379622680624596e-02,6.860091322202141462e-02,3.445093923590843848e-02,7.870179612220841447e-02,-2.270824123433225206e-02,-2.936870986947398218e-02,1.081280244027452327e-02
-5.141292359141159951e-03,-2.753650878048550035e-02,-3.069766868358117171e-02,4.016268938623375473e-02,-1.533086349174646312e-02,8.688701276342379598e-02,-3.263151388951497645e-02,-5.972597472909649437e-03,2.253590419297888878e-02,2.872125376423565173e-03,2.957029681777120431e-02,8.822020234733768396e-02,1.813594239409550141e-02,-1.051523429853933045e-02,3.845887558995388783e-02,3.861761306173898400e-02,7.565583896177673073e-02,1.365155382405931483e-01,2.602294544233561546e-01,2.860404750918472683e-01,1.000000000000000000e+00,4.227598959359309405e-01,5.302131856590636128e-01,5.359070124944754765e-01,3.774608193814567580e-01,5.182286033573200168e-01,3.560584413370548318e-01,3.338136889222315107e-01,8.967991761949102580e-02,3.630906211436353559e-02,2.685867242873617999e-01,-8.030445576186863443e-02,1.005193645700344640e-01,-1.437809324963763014e-01,-1.393011206700896579e-02,3.832877497641503468e-05,-1.867801996874207393e-01,-3.117551248054535873e-01,-2.855492021849517781e-01,-5.615540474879286009e-02,3.054478701346229341e-01,-2.091467660386069419e-02,-2.773047944354201655e-01,1.681141324289718297e-01,2.651046383761285763e-01,-2.188838680327458153e-01,-9.410476156292306438e-02,2.341881114535703801e-01,-5.884769534204922770e-02,9.305166883582910442e-02,-1.741003153782612334e-01,-2.317260298294917531e-01,2.982966894008340017e-02,2.631494154190755150e-02,-1.955514995569535008e-01,-1.544749917289147401e-01,-1.566050525351175560e-01,-2.562269153659180176e-01,-2.216307818317500844e-01,-1.848035552503673740e-01,-5.349033249778509941e-02,-5.304195915511614873e-02,-2.424505877432728621e-02,7.836249284079208066e-02,7.405137925999834281e-02,2.116364375129981545e-01,1.289982639091216132e-01,1.456811791724883232e-01,1.889392605329761055e-01,2.072278499833571930e-01,1.944741265861549551e-01
-2.876230550811167616e-02,-4.448593476287125703e-02,-2.530967375369759520e-02,2.875637447433982991e-03,-7.685454113062764603e-02,-9.982399573392752856e-03,-3.463212211496827925e-02,-5.023734294738172595e-02,1.303201587018288331e-02,-6.323461177415683199e-02,9.964893629560725441e-03,8.395124977155388191e-02,1.043048050983723940e-01,5.447767369709406726e-02,7.002334612458706309e-02,1.212844393147187311e-01,1.231360818206339997e-01,1.301681634790675113e-01,3.074338436205323322e-01,4.091713623600597982e-01,4.227598959359309405e-01,1.000000000000000000e+00,3.388999119781087033e-01,4.017252817799035758e-01,4.201729440101100721e-01,2.241087515324952373e-01,4.778496402111769847e-01,1.345140239071056787e-01,8.215702031330329724e-02,-1.051001761169815391e-01,1.301315924708293381e-01,-1.019712718662315470e-01,7.574235278083159273e-02,1.221951985124021187e-02,-9.223099598578619884e-02,-9.859386621630028547e-02,-3.907622755574888945e-02,-2.545517949202125152e-01,-1.839180590065056173e-02,-4.967952398183517887e-02,2.611049232600836656e-01,1.501978491622832923e-01,-6.688364331705580479e-02,1.095459869187852125e-01,2.479065165755295896e-01,2.328737323844582568e-02,-2.826948603441336097e-02,2.245342475171532848e-01,1.759372149314319678e-01,1.827585759176998115e-01,-1.921380947659203642e-01,-1.053696401136552385e-01,2.275133904187504608e-01,1.793413382901422673e-02,-2.450448975074855096e-01,-1.659145429570095531e-01,2.638870394533941732e-02,-1.964639560963068465e-01,-1.669642404453914319e-01,-9.726373254164689952e-02,-8.597019161516054886e-02,-8.945807554169077358e-02,-1.312845100421145550e-01,-5.241692319208685795e-04,-1.281820274962246209e-02,1.426029688674634310e-01,7.434524129903082035e-02,2.482570084974173863e-01,-9.383919286795864081e-03,1.202088155856327958e-02,-3.004082371522881836e-02
