1.000000000000000000e+00,3.502777883120549163e-01,2.971219960007716598e-01,3.602694286458618667e-01,2.229886324609665349e-01,2.269544621028856124e-01,3.052298029221487408e-01,1.919783388345411013e-01,1.859676713931875114e-01,2.463747685303473989e-01,1.217290315983024646e-01,1.172925314380798556e-01,5.340593511832744666e-02,1.152252236888259562e-01,1.048667194691395438e-01,3.172429297118919272e-02,-7.189745959787344209e-02,1.817376911544961449e-02,8.527790263133253404e-03,1.183134247563881296e-02,4.490123127400434677e-02,3.159629605079884718e-02,-2.798013717839932524e-02,-2.088871743378250406e-02,1.151729171498710243e-04,1.607534166012295623e-02,8.394678427520922692e-02,5.455734834117492715e-02,4.300074218205592047e-02,3.600802082885676964e-02,1.798596728136906200e-02,7.409308741002949839e-03,2.621099254405910399e-03,1.521095936780158392e-02,-2.096947810705095464e-02,1.091392622449736775e-02,-1.074094745798877780e-02,-3.369470013490973720e-02,7.163226590675248265e-03,1.694711617112450164e-02,1.732388438597946834e-02,-2.451081385970805410e-02,-6.212145913652532270e-02,-3.199680991686159465e-02,-1.914617434512176641e-02,-3.696477247227042406e-02,-2.147932180664566953e-02,-3.469779674942465725e-02,-1.554671774818427131e-02,-5.604977675308086410e-02,-3.780004884215694590e-03,-7.705893091568748188e-02,-5.776056326774953349e-03,-1.560109090750127353e-02,2.790729358574042113e-02,1.540225998157576139e-02,2.679585849055254182e-02,-6.857060781975193864e-02,1.613096451785622429e-02,-7.695979311349435137e-02,-2.812385386237585549e-02,-3.001173357346940962e-02,-1.173536215446902356e-02,-2.221740792299245135e-02,-2.791013532803540004e-02,-4.006549679730541519e-02
3.502777883120549163e-01,1.000000000000000000e+00,3.036608655278468794e-01,2.632304776716291039e-01,3.590599216912500058e-01,2.001283559106298848e-01,2.248532513119240184e-01,2.500615273312553621e-01,1.746555798558327155e-01,1.519784860314212782e-01,1.057388317391741855e-01,7.924355835639329548e-02,3.609269786724526863e-02,9.767221822637352224e-02,8.116049546713337282e-02,1.964238011655447882e-02,-5.551261402235721509e-02,2.268385770017850023e-02,-1.259764079633599043e-02,3.331418421082731236e-03,7.968409155967086377e-02,4.659004301214697552e-02,1.771748733818161170e-02,6.034920535673572381e-03,-1.829527475853775023e-02,5.746022549436956284e-02,9.925429780035742444e-02,2.145875645628357239e-02,-1.232095599395864605e-02,-6.628657627921477440e-03,-1.220157808872990822e-02,-2.011377160115702944e-02,-1.558579197567385236e-02,5.989821829620626745e-03,-4.015224072129004035e-02,2.226046709370157681e-02,-1.492415728397317697e-02,-2.569342589838698870e-02,-5.398321014422791282e-03,1.609823067272266733e-02,2.082681533173004126e-02,-1.546814528883997189e-02,-7.825247135330608284e-02,-4.287657600956743670e-02,-2.481052605959614341e-02,-3.086457151498691112e-02,-2.096401094306726484e-02,-4.087496614077047036e-02,-5.156586107884000673e-03,-5.799891852837057299e-02,-9.523194174125752462e-03,-4.774717326751939939e-02,1.404735417660354750e-02,2.524363743170103189e-02,4.115481628410035814e-02,2.019318500430197089e-02,-2.759661899232807025e-02,-6.332847934953056424e-02,-2.657642260848959784e-02,-1.272026920479044643e-01,-3.639297798109088905e-02,-2.129748226950039722e-02,2.340894195709275483e-02,-2.719558844597483316e-02,6.002062975552477191e-03,-4.658817982901092974e-02
2.971219960007716598e-01,3.036608655278468794e-01,1.000000000000000000e+00,3.190807905729163840e-01,3.735159779527455481e-01,4.598832749993537194e-01,3.175991357601425924e-01,2.759493121343616351e-01,3.628969461811257791e-01,2.368573166174968436e-01,1.841634083184243709e-01,1.944308926405416693e-01,9.676759655282735073e-02,1.784572016552624929e-01,1.772318895531490857e-01,3.956434255723514232e-02,-1.015883866368143817e-01,4.430531821922376046e-02,3.374302311154907252e-02,3.318397634631247567e-02,6.956411034949368244e-02,5.398779774981590784e-02,2.769806418433918248e-03,6.897993441524580618e-03,6.906553721306244072e-03,6.476815501059042524e-02,1.188431514469250466e-01,3.251873064732305196e-02,9.858800450288170494e-03,1.372397781095679135e-02,1.326382735370890782e-03,2.008936045485283997e-02,2.218412483354099268e-02,1.830043540016061329e-02,-1.042929243186835157e-02,8.711951180717497287e-03,-9.595620173109865869e-03,-5.347333053743582448e-02,-1.036950806059448900e-02,-1.675476749651992137e-03,1.454792605575143047e-02,-3.307183632075351432e-02,-1.012259958738232768e-01,-5.458854953700954110e-02,-3.735029864993522075e-02,-5.441398535856881158e-02,-8.269817530025634633e-02,-4.741176071216661458e-02,-6.201349421364740072e-03,-9.063442226961822279e-02,-3.620005021557191199e-02,-8.058323379074736059e-02,-3.426622256812794642e-02,-1.749020359085871196e-02,1.261625944217205017e-03,-2.078919403928559256e-02,-1.410806865237150716e-02,-1.948646384971460810e-01,-9.481197837413349316e-02,-1.412680083845543055e-01,-1.689059064053656176e-02,1.717240975654776847e-02,2.566825396520280855e-02,1.936010216712190715e-02,1.425258035584397662e-02,-5.533167698344291369e-02
3.602694286458618667e-01,2.632304776716291039e-01,3.190807905729163840e-01,1.000000000000000000e+00,3.484584382474356645e-01,3.064597025682910258e-01,5.967826388592025744e-01,3.128800677550104270e-01,2.431531824739365522e-01,4.809610069380880204e-01,1.871924750384800495e-01,1.673237674405759490e-01,6.106800330637996571e-02,1.581238111146599512e-01,1.423068139379382591e-01,7.977171395650030014e-03,-8.227398200253985272e-02,8.793247473713478035e-02,2.097929967021557734e-02,2.076025660007974061e-02,4.690192151972604612e-02,4.313396636474282897e-02,-3.985396317382387810e-02,-1.962896101261827481e-02,1.253483189339193830e-02,3.337975202804182445e-02,1.262210913740358098e-01,6.493914002417780496e-02,2.379896797685330384e-02,7.706976892633640719e-02,1.815285924543254964e-02,4.022601894750571505e-02,-9.173966556096965763e-03,-1.527146216953087325e-02,-3.772352214350798566e-02,3.479439269055701472e-02,-5.124479772316417776e-03,-4.570697250411851625e-02,1.003877336451130652e-03,1.991430400785536628e-04,7.236590398518661857e-03,-3.410948766889380229e-02,-6.098340105320318449e-02,-3.144074561087319142e-02,-1.448491291514522952e-02,-5.692659585621317325e-02,-7.245528570385303957e-02,-3.651862200851466178e-02,-2.155983330296360606e-02,-9.586421782677358172e-02,9.501492580649566894e-03,-9.526557442195404679e-02,1.004575882923551718e-02,-1.017024286642708233e-02,4.356295211430906422e-02,8.598203006899797496e-02,8.695058337382959024e-02,-1.902802920787324478e-02,1.297806347429792395e-01,-6.506894193200711551e-02,-5.303163956555097258e-02,-2.872049006343499120e-02,1.112023014772106286e-02,-8.446485690230701171e-02,-7.122022613563941396e-02,-9.328843843259282398e-02
2.229886324609665349e-01,3.590599216912500058e-01,3.735159779527455481e-01,3.484584382474356645e-01,1.000000000000000000e+00,3.695861770137452984e-01,3.166007877068451326e-01,5.281639044421877482e-01,2.761727151051903695e-01,1.831764842002432392e-01,1.921999489282502915e-01,1.587389168930572469e-01,6.438182605473334597e-02,1.704015392131733031e-01,1.608578657541140655e-01,5.862619662980203192e-03,-8.527236522171802169e-02,9.239303838934942448e-02,1.861398475894741542e-02,4.591800813622697736e-02,1.195286279480397146e-01,8.973385476911542591e-02,5.562962492705015444e-02,2.573429034406596316e-02,-4.682328550303257314e-02,1.018064608132813742e-01,1.250512667835575742e-01,8.308668195587447236e-03,-5.119607152696187269e-02,-2.990433568550931944e-04,-1.858802824911466936e-02,-1.483000502736947675e-02,-3.694379828552922518e-02,-2.846793123465881509e-02,-3.823507400001516926e-02,2.815672744199273006e-02,-3.295418268947199192e-03,-1.007812500058907247e-02,-2.570905024179151455e-02,-3.317431183622123175e-03,1.598795244031956525e-02,-5.136966257813124770e-02,-1.216871962828286746e-01,-6.656815929388948394e-02,-3.050475823937524866e-02,-2.628231106275652831e-02,-9.895685363621468944e-02,-5.188949629075245012e-02,-1.264428860971649783e-02,-9.316855658424008646e-02,-1.754882457281628158e-02,-7.616532518144067399e-02,2.349195077342412438e-02,4.517857856193720212e-02,5.045897672614346741e-02,1.021702024157640151e-02,-5.041762671124578460e-02,-1.129499994304304922e-01,-4.450574380894658372e-02,-2.454404924817107092e-01,-1.212811184697519529e-01,-1.763288916618697185e-03,5.704742733359686319e-02,-6.035487942521726434e-02,1.586643479948258648e-02,-6.828821224835701642e-02
2.269544621028856124e-01,2.001283559106298848e-01,4.598832749993537194e-01,3.064597025682910258e-01,3.695861770137452984e-01,1.000000000000000000e+00,3.134413190084507361e-01,3.518161640365876641e-01,5.669165307148845701e-01,2.454324338689234664e-01,2.085344863903176860e-01,2.419400638134757420e-01,1.216374478947818139e-01,1.928339380564136618e-01,2.230726373543226448e-01,4.434272697725383239e-02,-1.182195365516774815e-01,5.578015711885187661e-02,8.163059849519287148e-02,9.665850754718645355e-02,1.121595749423517224e-01,9.814912635802204577e-02,5.561631141564361835e-02,5.106258830491165052e-02,1.959819359768876987e-02,9.990904203913503201e-02,1.235399809430395429e-01,2.570094618649941542e-02,-6.030854231310294258e-03,2.453975258843145001e-03,-2.055281915220512692e-02,1.381948111603545880e-02,9.834822654968738975e-03,9.918538662001451234e-03,-2.611496693757451790e-02,1.005554042640771639e-02,-2.825186415447336272e-02,-5.080358640046068325e-02,-3.595226760749886674e-02,-1.386256398950156711e-02,6.903271319803794444e-03,-5.321477369665778001e-02,-1.150461430942420205e-01,-6.033638394208944156e-02,-2.331856233063895473e-02,-3.716240339403317078e-02,-9.382623418280353067e-02,-3.547214096122797145e-02,-7.681323560887737397e-04,-6.387020341154044101e-02,-1.608416927779679137e-02,-7.034413147620513507e-02,-8.840547019891316707e-03,-1.067464974482659756e-02,-1.272632730483666368e-02,-4.046079716296666767e-02,-6.440443472423097726e-02,-2.376021460728615919e-01,-1.578986484798235723e-01,-1.739849586294545392e-01,-1.113926744325761248e-02,2.581543269784028483e-02,4.067563096655474331e-02,2.899960847676317371e-02,2.184422602285170448e-02,-4.906269015182995047e-02
3.052298029221487408e-01,2.248532513119240184e-01,3.175991357601425924e-01,5.967826388592025744e-01,3.166007877068451326e-01,3.134413190084507361e-01,1.000000000000000000e+00,3.395775809475289897e-01,3.267426781395365021e-01,6.352903160044096609e-01,2.660931685336645480e-01,2.247624470961828991e-01,1.122070195361613842e-01,2.314874681733343487e-01,1.798416431790489378e-01,4.683475174944890657e-02,-1.149783590020072854e-01,6.233716254944156321e-02,1.286619560136206299e-02,1.945471663176132765e-02,6.144035584900658237e-02,3.766608880566361950e-02,-3.332180139645012085e-02,-8.042899023745844755e-03,3.630028434254310016e-02,5.190779954256067447e-02,1.280090667517055358e-01,8.335400372757161003e-02,1.899710333869610718e-02,1.135412480717179345e-01,4.655469746401886405e-02,9.108208581112305080e-02,2.303746106956658553e-03,-3.982801689692294644e-02,-1.330705242530706364e-02,3.763689021851947952e-02,-1.013808261349379534e-02,-3.984675325842188670e-02,1.332355750047853685e-02,-2.602554490054751423e-04,2.294974736807924715e-02,-5.414370848612728992e-02,-7.911158384012234590e-02,-4.498173939537501026e-02,-4.083586062210486922e-02,-7.158264568598737831e-02,-1.030829019455720141e-01,-5.176077644072120398e-02,-3.636111396633468634e-02,-1.163282994373044665e-01,5.297986401191913212e-03,-9.163056238194164371e-02,4.123045039097219047e-03,-2.430982275521554811e-02,3.337940383899286323e-02,6.521940593147793064e-02,8.558018655467868052e-02,-6.136905050760648600e-02,1.308150513370737733e-01,-3.612174534052543795e-02,-1.549828229322774628e-02,-8.020647595692742202e-03,-7.048374078847253858e-03,-8.710700421269491900e-02,-7.357302338566987232e-02,-9.024780009654323476e-02
1.919783388345411013e-01,2.500615273312553621e-01,2.759493121343616351e-01,3.128800677550104270e-01,5.281639044421877482e-01,3.518161640365876641e-01,3.395775809475289897e-01,1.000000000000000000e+00,3.389975192767608059e-01,2.134362214891204201e-01,2.654073030752689411e-01,1.718161497710073704e-01,3.983826948237799426e-02,2.302188985820795841e-01,1.772924545315431033e-01,1.694815168550432155e-02,-1.223722852533718347e-01,6.396215726479004271e-02,-4.764251632908997509e-03,3.327790183609978525e-02,1.075829152992368448e-01,9.296247489734621450e-02,1.257851380944697596e-02,-1.547542853370185295e-02,-5.482441974002433965e-02,5.873408047264960796e-02,1.444946495496475802e-01,2.968348805027242951e-02,-2.166804705423941435e-02,1.900720137082614197e-02,-5.593334418666780217e-03,-3.041443658131973496e-02,-5.324816176126710709e-02,-2.753011249903393812e-02,-5.384211686124819318e-02,8.615881792901085648e-03,-3.025517423200939360e-02,-1.145192096907453327e-02,-1.011390612185449241e-02,4.414584580063996878e-03,2.386967800809645240e-02,-4.471244139718520000e-02,-1.021424575505649468e-01,-4.701969827119294176e-02,-1.657756964183411397e-02,-2.823211460976414542e-03,-9.805430401650874761e-02,-4.328637997101238144e-02,-2.166137330116131923e-02,-9.062108863869498820e-02,1.180625766333592841e-02,-7.817585707321424160e-02,4.832263370374557943e-02,2.474238055837477482e-02,6.013010977849342353e-02,2.377918030063721350e-02,-3.875403073295721756e-02,-9.945587696141369727e-02,-1.288171110215936832e-02,-1.942167320172945577e-01,-1.005473962347161188e-01,-4.088452817814926255e-02,2.073088151570845819e-02,-7.029637803090246773e-02,-1.367132321916983070e-02,-7.048894369865969789e-02
1.859676713931875114e-01,1.746555798558327155e-01,3.628969461811257791e-01,2.431531824739365522e-01,2.761727151051903695e-01,5.669165307148845701e-01,3.267426781395365021e-01,3.389975192767608059e-01,1.000000000000000000e+00,2.635538491872029265e-01,1.891347731793715514e-01,2.907552999668778781e-01,1.272007569221534351e-01,1.785829370862325460e-01,2.598465279317253573e-01,4.215836460374598749e-02,-1.216522609737823862e-01,8.958085283312638980e-02,9.205765578841883234e-02,1.109588291057960752e-01,1.292659611198877234e-01,1.251410749900968566e-01,7.358936686433160956e-02,6.500764270797952660e-02,5.415176157488038600e-02,1.357997269835695409e-01,1.492441043018274682e-01,4.865326618250481738e-02,-1.124896611213804451e-02,3.101050338568661982e-02,-3.201746125869192605e-02,7.403670388289699221e-03,-1.249393993613899349e-02,-1.801679809988834119e-02,-7.587515093649682685e-02,1.820838290000151294e-02,-5.627372226037158365e-02,-6.663170500543219577e-02,-5.366415035394137001e-02,-3.817305034530830976e-02,-1.149596666798150847e-02,-6.453151032051526736e-02,-9.805138076509690992e-02,-3.787996317154569692e-02,-2.069544662450759163e-03,-1.291146486217928553e-02,-7.034275076414593653e-02,-1.368352557285002630e-02,2.831328420467991991e-02,-3.194432213414476890e-02,1.161114524570457454e-02,-2.996039988819368741e-02,3.463083365610491321e-02,2.818231708493817989e-02,8.770473808321604947e-03,2.056015692704576438e-03,-7.995621935665632452e-02,-1.760542832887397602e-01,-1.332393455880644395e-01,-1.570204953168417294e-01,-1.259573158232492156e-02,7.142100788349425421e-04,1.928212501482531177e-02,-1.296662122951413795e-02,-1.768870401007720597e-02,-5.887124654025831932e-02
2.463747685303473989e-01,1.519784860314212782e-01,2.368573166174968436e-01,4.809610069380880204e-01,1.831764842002432392e-01,2.454324338689234664e-01,6.352903160044096609e-01,2.134362214891204201e-01,2.635538491872029265e-01,1.000000000000000000e+00,1.816155440080597372e-01,1.586478084824300694e-01,7.061925226352892826e-02,1.848248059878743188e-01,1.149758376433875073e-01,3.923394107084363785e-02,-6.420788403735827599e-02,4.953633634823927101e-02,2.534201878138712949e-02,1.027773765626250127e-02,4.298645203137314852e-02,6.323435856158073770e-03,-5.463255482446217198e-02,-1.525877388217915243e-02,7.494289255487880663e-02,4.813835255498421367e-02,1.027274117617132110e-01,9.603625676335525441e-02,1.852812659603999060e-02,1.184267971574728684e-01,3.361685647980895003e-02,9.318100071543673757e-02,7.548506305583013720e-03,-4.409639490694249042e-02,-2.674303473475752452e-02,2.569014652910997162e-02,-2.105323312633350374e-02,-3.376167904815757098e-02,2.192682713073826686e-02,-6.530116769910638207e-05,2.812566726930866567e-02,-2.938791765025516867e-02,-4.907816399564639276e-02,-3.327332045641033520e-02,-2.078005213397069242e-02,-4.554171805893326291e-02,-5.250770817018672598e-02,-3.434571537693341392e-02,3.614388204021647729e-03,-7.639241304342817007e-02,5.776062871052475844e-02,-3.753344870061137845e-02,3.864086885963775864e-02,-4.464157458957821248e-03,5.090699975977742292e-02,9.886342377067222631e-02,7.336201629499541910e-02,-1.360372753499256536e-02,1.061127599837164565e-01,2.394310879684733925e-02,2.071800209810090512e-02,-2.100088672630246941e-02,-2.346119721804228175e-02,-8.333976935331900704e-02,-8.003915865309653432e-02,-6.308761667989812305e-02
1.217290315983024646e-01,1.057388317391741855e-01,1.841634083184243709e-01,1.871924750384800495e-01,1.921999489282502915e-01,2.085344863903176860e-01,2.660931685336645480e-01,2.654073030752689411e-01,1.891347731793715514e-01,1.816155440080597372e-01,1.000000000000000000e+00,3.250285865362413928e-01,3.728429330931655739e-01,6.163500016715475205e-01,2.462233365167544874e-01,1.609743152679992406e-01,-2.149559038340771167e-01,-6.807245141684561962e-02,-2.809993874730363334e-04,2.981553498628142923e-02,1.062158427910662728e-01,6.333328474717013490e-02,-4.403411445796095308e-02,1.573062411180241402e-03,5.723150783934149999e-02,8.672153140069398247e-02,1.473272410322310766e-01,1.179787194276461226e-01,4.400799120466623165e-02,1.033007977446248060e-01,6.634585654742947147e-02,5.740945932403791058e-02,-3.343247272979816415e-03,-6.199996635605741803e-03,-1.441204646908065927e-02,9.203549717266839778e-03,-3.921716962820380459e-02,-3.903611480597626859e-02,-2.964399820097024171e-02,-9.328569103546952360e-03,6.173032509974723213e-03,-9.254241391965961627e-02,-6.699640121119661285e-02,-2.303664840367418074e-02,1.469577261521666316e-04,-2.504904275966366584e-02,-5.884978823352449151e-02,-4.127016203079523354e-02,-4.584952946603982477e-02,-1.203391856227251783e-01,-9.261427238220551472e-02,-4.333828768003917392e-02,-6.756338908485878814e-02,-5.846082983155684309e-02,-5.319342730970151589e-02,-1.556819501599152576e-02,7.506093781642467211e-02,-6.038064567643630642e-02,-9.312844186136599867e-02,-5.850292107662161123e-02,7.699254547327989348e-03,-9.758313568472998939e-03,-2.743791089295744001e-02,-8.428921239209602456e-02,-1.075480585682132839e-01,-5.513533902120857505e-02
1.172925314380798556e-01,7.924355835639329548e-02,1.944308926405416693e-01,1.673237674405759490e-01,1.587389168930572469e-01,2.419400638134757420e-01,2.247624470961828991e-01,1.718161497710073704e-01,2.907552999668778781e-01,1.586478084824300694e-01,3.250285865362413928e-01,1.000000000000000000e+00,3.651360230854943656e-01,2.786168029718778527e-01,5.945294473037702199e-01,1.825276437759692227e-01,-1.833354659139596887e-01,1.888241692977752351e-01,3.317390248233107464e-01,3.622001443500890705e-01,9.652454422705079862e-02,2.876323074094895293e-01,6.381277217071107399e-02,1.219247590825015826e-01,7.629140012772450685e-02,1.703534390081491434e-01,1.278263273895765550e-01,1.871998952687406181e-01,1.056008914066383780e-01,1.915288662507753092e-01,5.971221146251062817e-02,5.168486844495216725e-02,-1.100465524593534361e-01,-2.934744784336299622e-02,-2.756906705001509542e-02,1.222184190926821172e-02,-1.171497580519518106e-01,-1.149853575772854658e-01,-9.064920680463864344e-02,-1.046347179030354541e-01,-4.664995124377478014e-02,-1.253096673122723881e-01,-7.384299840917245283e-02,-2.800824566326095416e-02,-1.726428732962329363e-02,-1.227242985469377407e-01,-1.213536256391860163e-01,-2.667046816843521989e-02,-2.930060038917571552e-02,-1.032435957738747218e-01,-6.856238708814067773e-02,-2.022170554952070626e-02,-2.272109078169434054e-02,-4.285161884688327809e-03,-4.787007979158871412e-02,-4.532130936768084123e-02,2.730521063220434086e-02,-2.780810956602945694e-02,-9.022445862126361737e-02,-6.708976182503835484e-02,-9.882866267699342427e-03,-4.354880981740111290e-02,-1.607111689546969133e-02,-1.115192571149817291e-01,-1.372284877040586271e-01,-6.146530479251286622e-02
5.340593511832744666e-02,3.609269786724526863e-02,9.676759655282735073e-02,6.106800330637996571e-02,6.438182605473334597e-02,1.216374478947818139e-01,1.122070195361613842e-01,3.983826948237799426e-02,1.272007569221534351e-01,7.061925226352892826e-02,3.728429330931655739e-01,3.651360230854943656e-01,1.000000000000000000e+00,3.272469023582518788e-01,2.421307402915099105e-01,3.734223682756669938e-01,-6.776393501939299846e-02,-1.411280506436528304e-01,1.116741850884669651e-01,1.384247429108725891e-01,1.781511076389217796e-01,1.563952101165508590e-01,1.083479253185927818e-02,6.278289124795438658e-02,7.227388442800579405e-02,1.206060659194474471e-01,6.895934720804500206e-02,1.752325999200231299e-01,8.928328747090022444e-02,1.563978802218710107e-01,1.101364103481014545e-01,-6.917749837020874433e-03,-3.852164719088468220e-02,1.533835470876378747e-02,3.812747588353274097e-02,5.010260034245149138e-03,-3.852041240003330203e-02,-4.686925139344358393e-02,-7.124711958702174830e-02,-4.979522103534248650e-02,-2.373956775519384804e-02,-9.977524489506428562e-02,-5.783485255246543361e-02,-3.037059512133535172e-02,-3.673354890195779793e-02,-7.670478993254856159e-02,-1.175266305102594389e-01,-5.749675205191476235e-02,-8.017439646316579238e-02,-9.463956936127557173e-02,-7.618661359270854916e-02,-1.300841151515343130e-02,-1.300377515917309212e-01,-7.586618709892710422e-02,-1.441310062293447714e-01,-1.334823113660025817e-01,2.808295144299547200e-02,-2.216654216560556487e-02,-9.062699243938424076e-02,-5.272028392707365368e-02,4.234181226697186252e-03,1.885095190039617896e-02,-5.044546249253618192e-02,-6.600633599818488129e-02,-7.723571312757153418e-02,8.862376476837083641e-03
1.152252236888259562e-01,9.767221822637352224e-02,1.784572016552624929e-01,1.581238111146599512e-01,1.704015392131733031e-01,1.928339380564136618e-01,2.314874681733343487e-01,2.302188985820795841e-01,1.785829370862325460e-01,1.848248059878743188e-01,6.163500016715475205e-01,2.786168029718778527e-01,3.272469023582518788e-01,1.000000000000000000e+00,2.287317779734241996e-01,1.157911314505012390e-01,-2.631391292916307467e-01,-1.025437034619392090e-01,-2.189293428563210755e-02,1.114636826501473783e-02,1.037858318578326750e-01,4.591962691730656215e-02,-2.809090277999421945e-02,-8.337419195279133569e-03,5.272667955749604091e-02,9.985728312473854396e-02,1.184816063715350282e-01,1.059136400057005545e-01,5.187976419315261378e-02,1.099267138093295987e-01,8.619603376762850766e-02,8.067121774956449720e-02,7.918302244430956705e-03,-1.418607204995909251e-03,1.522175807973563666e-02,4.031969090410413709e-02,-1.262555008381449802e-02,-3.831141179630805776e-02,-3.313399002731981513e-02,2.012415361919786538e-02,9.042354204839370135e-03,-1.048996028573067757e-01,-8.127070190226966251e-02,-3.297160569105159894e-02,-3.365610675080235592e-02,-4.284790339037172074e-02,-6.944237070777638243e-02,-6.592248333459622966e-02,-5.692460127259350855e-02,-1.528342616541721044e-01,-1.086310163923785432e-01,-5.038245472603219283e-02,-7.504966046584926609e-02,-5.091335754078023246e-02,-5.621174196252443078e-02,-2.627569511907018943e-02,5.984802353832678612e-02,-7.407449519245221103e-02,-1.192449219346233408e-01,-6.882442386584813887e-02,1.091761469682281556e-02,8.262635931032219147e-03,-2.252605516912925196e-02,-7.504936048598831455e-02,-7.400461012104274372e-02,-5.355611514113492455e-02
1.048667194691395438e-01,8.116049546713337282e-02,1.772318895531490857e-01,1.423068139379382591e-01,1.608578657541140655e-01,2.230726373543226448e-01,1.798416431790489378e-01,1.772924545315431033e-01,2.598465279317253573e-01,1.149758376433875073e-01,2.462233365167544874e-01,5.945294473037702199e-01,2.421307402915099105e-01,2.287317779734241996e-01,1.000000000000000000e+00,1.899237833902803554e-02,-2.945081156889329810e-01,2.948095575380560995e-01,3.744639644182662930e-01,4.049772901483340570e-01,9.215768892441580928e-02,3.311486813478181079e-01,1.277127599685900228e-01,1.315650839098067848e-01,5.374251282925712053e-02,2.209956920175010775e-01,1.371579725737367694e-01,1.695368415179006882e-01,6.418309717849615681e-02,2.174104944889421187e-01,3.136335662253892514e-02,9.481916929426352503e-02,-1.725522999681995961e-01,-1.078251067207630920e-01,-5.929547341290018064e-02,2.726079317284342898e-02,-1.395911309118000043e-01,-1.254233837346501457e-01,-1.278871440508617674e-01,-1.342009888825726194e-01,-7.199319437679480016e-02,-1.280828565505265637e-01,-6.796460785799772475e-02,-4.229802205746017313e-02,-2.390944564942212511e-02,-1.232303996399657653e-01,-1.177563429689364727e-01,-3.366183887685985504e-02,1.500764381522587919e-02,-1.065018017822618457e-01,-2.796549770557424028e-02,-2.971111564412768150e-02,6.183741038755649622e-02,6.429255184938792445e-02,2.972375336630128304e-02,1.667923983734928214e-02,1.297462927165346676e-02,-2.364979271068948577e-02,-5.252097305952919265e-02,-5.999620754903988579e-02,-5.977017887519038130e-04,-1.803309747715552830e-02,8.093515870143891747e-03,-1.635171373880156820e-01,-1.361680402103450371e-01,-6.573990270311312611e-02
3.172429297118919272e-02,1.964238011655447882e-02,3.956434255723514232e-02,7.977171395650030014e-03,5.862619662980203192e-03,4.434272697725383239e-02,4.683475174944890657e-02,1.694815168550432155e-02,4.215836460374598749e-02,3.923394107084363785e-02,1.609743152679992406e-01,1.825276437759692227e-01,3.734223682756669938e-01,1.157911314505012390e-01,1.899237833902803554e-02,1.000000000000000000e+00,-6.111990090380449089e-03,-3.624999613990548819e-01,1.750009897094968458e-01,1.746239521138769346e-01,2.665794135127028119e-01,1.821022970516888995e-01,7.792912856468216590e-03,7.033897714263831480e-02,1.134521930382847016e-01,1.102010116649078664e-01,4.325887891813927355e-02,2.298767866596005127e-01,1.344038286180889163e-01,1.502654967537970232e-01,1.028015217669498299e-01,-5.926542026535436269e-02,-1.015166375306848640e-01,9.961530650304072435e-03,-2.728819761211428649e-02,-5.992605012628282601e-02,-1.179800096626096029e-01,-7.833119936303126543e-03,8.855429094799912443e-03,8.776957993040660280e-03,3.865248323181896123e-02,-3.560354285772150684e-02,-4.723544839424565628e-02,-5.156502405592021387e-02,-3.909156294247743968e-02,-4.555451851541333919e-02,-3.448264210759625220e-02,-5.192400333556355940e-02,-5.987394508749269151e-02,-2.447289567002652530e-02,-2.110156164481659033e-02,-3.413800240685635479e-02,-1.013652491560437241e-01,-1.036773491952793121e-02,-9.679190072483091767e-02,-6.869119692579339631e-02,1.357170467154129694e-02,8.438730674685292199e-03,-1.373437540264287604e-01,-7.529514324015392814e-03,4.694442364293687636e-02,-4.980808009738445230e-02,-8.818625439191073168e-02,-9.267354204751793167e-02,-1.241401313213253282e-01,3.929800284662154225e-02
-7.189745959787344209e-02,-5.551261402235721509e-02,-1.015883866368143817e-01,-8.227398200253985272e-02,-8.527236522171802169e-02,-1.182195365516774815e-01,-1.149783590020072854e-01,-1.223722852533718347e-01,-1.216522609737823862e-01,-6.420788403735827599e-02,-2.149559038340771167e-01,-1.833354659139596887e-01,-6.776393501939299846e-02,-2.631391292916307467e-01,-2.945081156889329810e-01,-6.111990090380449089e-03,1.000000000000000000e+00,9.156279044368782760e-02,1.803447115608931839e-01,1.203728334442237397e-01,-5.864753453158028790e-02,6.102708783681216886e-02,-5.767675044798443486e-03,8.558019845548086452e-03,2.618734267625045381e-02,-6.938011693576953687e-02,-5.747307102417054114e-02,-3.899953074191548491e-02,1.344836181370941998e-02,-1.020453030043693560e-01,-7.517553233427086423e-02,-1.765281314399609891e-01,-3.066912008253083397e-02,5.982443157532743583e-02,-3.911345535059362194e-02,-8.509667018378842818e-02,-6.273924755951128251e-02,-9.265722249020034301e-03,-7.739567031776309336e-02,-4.832139850040192974e-02,-7.134582524621983779e-02,-1.515006413402940864e-02,8.961010988135319211e-02,7.931598171284935661e-02,1.020532070786312751e-01,8.995709835249932063e-02,4.883269392716094864e-02,1.436946750520050053e-01,9.521576228371202155e-02,1.976893189019749975e-01,1.121132679478790972e-01,1.431413811435929273e-01,7.226142878134532432e-02,1.127237353123518131e-02,-1.410401260748601719e-02,-9.530198483305161658e-03,-1.341718067460032603e-02,8.831635844197081864e-02,1.841190347298325355e-02,-6.944688808602999738e-03,-7.591022223249775658e-02,2.642670031327035759e-03,8.730001701180390913e-03,1.012763983120996691e-01,4.030327012130369840e-02,8.272273964828269488e-02
1.817376911544961449e-02,2.268385770017850023e-02,4.430531821922376046e-02,8.793247473713478035e-02,9.239303838934942448e-02,5.578015711885187661e-02,6.233716254944156321e-02,6.396215726479004271e-02,8.958085283312638980e-02,4.953633634823927101e-02,-6.807245141684561962e-02,1.888241692977752351e-01,-1.411280506436528304e-01,-1.025437034619392090e-01,2.948095575380560995e-01,-3.624999613990548819e-01,9.156279044368782760e-02,1.000000000000000000e+00,2.482815166756658920e-01,2.647473485044224417e-01,-1.740056117493964383e-01,1.676099856979213765e-01,1.065702889584705382e-01,1.043846284353338871e-01,-1.883910133870191767e-03,4.401957645172500239e-02,8.967608900112333803e-02,-5.608084890674881057e-02,-5.214992606628994498e-02,-2.638849586066033606e-02,-1.427812021715724744e-01,-1.979761367007488310e-02,-6.213121882244465599e-02,-4.505218127771098285e-02,-9.377453772507811369e-02,3.269518935478359090e-02,-7.074220482015633471e-02,-1.344241823474932596e-01,-1.447987286078506186e-01,-1.726627889625804435e-01,-1.407970891683360815e-01,-6.650289585915653001e-02,5.212189539673444533e-02,5.311265763003133328e-02,7.494164868323148487e-02,9.586015978602448889e-03,-8.690114863585668772e-03,1.099024694232867139e-01,1.494769452315262981e-01,6.853505177884638977e-02,8.499995734514455281e-02,1.119961881113595153e-01,1.719009223800873620e-01,9.027490501570982484e-02,9.743453437051435850e-02,7.428997659136787890e-02,9.612400690570538364e-04,6.405510583451634599e-02,1.126852383704375210e-01,-5.654178745247297883e-02,-1.076770067731580155e-01,-1.553680554614436313e-02,1.142206838798892482e-01,2.773685622166943959e-03,-2.821673831173979186e-02,-6.271556928173493972e-02
8.527790263133253404e-03,-1.259764079633599043e-02,3.374302311154907252e-02,2.097929967021557734e-02,1.861398475894741542e-02,8.163059849519287148e-02,1.286619560136206299e-02,-4.764251632908997509e-03,9.205765578841883234e-02,2.534201878138712949e-02,-2.809993874730363334e-04,3.317390248233107464e-01,1.116741850884669651e-01,-2.189293428563210755e-02,3.744639644182662930e-01,1.750009897094968458e-01,1.803447115608931839e-01,2.482815166756658920e-01,1.000000000000000000e+00,6.567365744838092878e-01,2.388781044544557863e-02,4.343073822742664625e-01,1.525654409928603461e-01,2.015644134939215126e-01,1.205175559278977709e-01,2.124943052715074499e-01,1.096504202533336025e-01,1.791819308301283442e-01,6.944053428255791971e-02,1.711422554003673158e-01,-4.984794266760639303e-02,-1.751772170079094956e-02,-2.003449599239709999e-01,-6.733573637643279486e-02,-1.031234989246843370e-01,-2.882406912142950264e-02,-2.126397371857319529e-01,-1.428075684330691597e-01,-1.812622793245144692e-01,-1.654112879300300709e-01,-1.414497917597151988e-01,-1.328556046143360425e-01,2.354105865894515551e-02,2.040884539943040032e-02,3.886625545524843850e-02,-7.946723593390243867e-02,-7.287653279853562038e-02,6.109681329494959234e-02,7.449447792556784798e-02,8.193503446462954698e-02,6.470085355274896033e-02,8.276370900406275488e-02,9.935217411277473543e-02,9.029035111550978709e-02,1.566895271405989443e-02,3.068161968415911850e-02,6.044206719569530581e-03,6.669397843100452472e-02,-3.659742180769400000e-02,-2.758262579656604874e-02,-3.054536248549548708e-02,-4.283657763389833034e-02,3.309794535603124283e-02,-1.247921061780318391e-01,-1.609676636564154328e-01,-3.938569196292932006e-02
1.183134247563881296e-02,3.331418421082731236e-03,3.318397634631247567e-02,2.076025660007974061e-02,4.591800813622697736e-02,9.665850754718645355e-02,1.945471663176132765e-02,3.327790183609978525e-02,1.109588291057960752e-01,1.027773765626250127e-02,2.981553498628142923e-02,3.622001443500890705e-01,1.384247429108725891e-01,1.114636826501473783e-02,4.049772901483340570e-01,1.746239521138769346e-01,1.203728334442237397e-01,2.647473485044224417e-01,6.567365744838092878e-01,1.000000000000000000e+00,1.055999287450002343e-02,5.647470007675753356e-01,2.235411891456156874e-01,2.520596632909278267e-01,9.619431506646319852e-02,2.818571048377210841e-01,1.394210597612011437e-01,1.950636612712079720e-01,4.912615464985079644e-02,2.152186448152963449e-01,-5.630506028178642458e-02,9.907118144837126147e-03,-2.371036617811470848e-01,-1.230105078023972925e-01,-1.062685188662966934e-01,1.220416399722294362e-02,-1.928108493992141959e-01,-1.550138829048106348e-01,-2.016465822850283252e-01,-1.441220329942223266e-01,-1.577432265062966577e-01,-1.636523217944983455e-01,7.529664938797016619e-04,-2.314019304236539665e-03,5.342431549798988370e-03,-1.115419989504486953e-01,-9.887578216021386535e-02,3.019518470740193902e-02,7.619077080094688315e-02,7.744896262406902876e-02,7.555793898589775737e-02,9.892142707113206479e-02,1.159380203433227619e-01,1.083897749283696949e-01,7.369130458475533574e-04,3.151258063992196101e-02,-5.275315671709360915e-03,8.083489927322981550e-02,-4.580753369402479347e-02,-2.274030736073573422e-02,-2.807933411119031830e-02,-2.258988199818505807e-02,6.504840646929906101e-02,-1.523188014651576105e-01,-1.619318766468979542e-01,-5.016313040674266061e-02
4.490123127400434677e-02,7.968409155967086377e-02,6.956411034949368244e-02,4.690192151972604612e-02,1.195286279480397146e-01,1.121595749423517224e-01,6.144035584900658237e-02,1.075829152992368448e-01,1.292659611198877234e-01,4.298645203137314852e-02,1.062158427910662728e-01,9.652454422705079862e-02,1.781511076389217796e-01,1.037858318578326750e-01,9.215768892441580928e-02,2.665794135127028119e-01,-5.864753453158028790e-02,-1.740056117493964383e-01,2.388781044544557863e-02,1.055999287450002343e-02,1.000000000000000000e+00,2.497621752278005869e-01,1.963810394074072263e-01,1.739346134172332081e-01,4.964612977311166214e-02,2.713167969148830849e-01,1.488610522945694736e-01,1.324917599490499087e-01,-3.092121611839452992e-03,7.164115317829303220e-02,-4.466192412267359219e-02,-5.263257486534304169e-02,-1.763739416941001725e-01,-6.988442385218550379e-02,-1.708434108700792597e-01,-1.711215159832128740e-03,-1.796526490832163203e-01,-5.696282365531330633e-02,-9.579392863120077262e-02,-3.673404648339091000e-02,-3.671409083128365780e-02,-4.598689864702609070e-02,-4.712800780843904441e-02,-9.877922245229700179e-03,-4.428747396137250845e-03,3.966367945321023353e-02,2.886591925228238972e-02,-2.921485304503160935e-02,3.720037628093634391e-02,3.038888865638191342e-03,4.478117019670330851e-02,-4.880483383533833208e-02,7.411569840233926676e-02,1.131741529209976810e-01,4.492883566374603760e-02,8.067618824397912447e-02,-6.155989840861231244e-02,1.239899916078924559e-02,-1.438072432968468539e-01,-1.095821222851651594e-01,-5.600015212433443086e-03,-1.132968876913977158e-01,-4.694166540923266906e-02,-1.675082995926043816e-01,-1.577742194414189503e-01,-7.664793992327849359e-02
3.159629605079884718e-02,4.659004301214697552e-02,5.398779774981590784e-02,4.313396636474282897e-02,8.973385476911542591e-02,9.814912635802204577e-02,3.766608880566361950e-02,9.296247489734621450e-02,1.251410749900968566e-01,6.323435856158073770e-03,6.333328474717013490e-02,2.876323074094895293e-01,1.563952101165508590e-01,4.591962691730656215e-02,3.311486813478181079e-01,1.821022970516888995e-01,6.102708783681216886e-02,1.676099856979213765e-01,4.343073822742664625e-01,5.647470007675753356e-01,2.497621752278005869e-01,1.000000000000000000e+00,2.230490677985059178e-01,2.656322740619231348e-01,7.403698949555453934e-02,3.363578350367849024e-01,2.220801437047397464e-01,2.159442417080137955e-01,3.866162621293908752e-02,1.746082001165556730e-01,-7.867592421192846908e-02,-7.623019557360725951e-02,-2.597701128546400229e-01,-1.021709702020257848e-01,-1.684610580650126588e-01,-1.044719809603383842e-02,-2.344249404238284151e-01,-1.321059443193228211e-01,-2.058445655013269593e-01,-1.226709254433488439e-01,-1.366352763242765223e-01,-1.367310315193150938e-01,1.676801140693701467e-02,4.176897693216144458e-02,4.985455994882588560e-02,-8.274346316302835791e-02,-8.095998456264995313e-02,5.109331648104735446e-02,1.362467303767337101e-01,8.588069434947696867e-02,1.429282569178057516e-01,1.296461842452589497e-01,1.485558402431724490e-01,9.775948992131756887e-02,-3.999959462717204810e-03,4.055587480141725765e-02,7.521230712654731511e-03,9.260159268664003296e-02,-4.556284939612597479e-02,-7.550218525579405204e-02,-7.312517793427372736e-02,-1.284033067897651925e-01,3.249204569743063820e-02,-1.829450006664403994e-01,-2.111013895079515423e-01,-7.340479085105024171e-02
-2.798013717839932524e-02,1.771748733818161170e-02,2.769806418433918248e-03,-3.985396317382387810e-02,5.562962492705015444e-02,5.561631141564361835e-02,-3.332180139645012085e-02,1.257851380944697596e-02,7.358936686433160956e-02,-5.463255482446217198e-02,-4.403411445796095308e-02,6.381277217071107399e-02,1.083479253185927818e-02,-2.809090277999421945e-02,1.277127599685900228e-01,7.792912856468216590e-03,-5.767675044798443486e-03,1.065702889584705382e-01,1.525654409928603461e-01,2.235411891456156874e-01,1.963810394074072263e-01,2.230490677985059178e-01,1.000000000000000000e+00,4.503240194058224510e-01,-7.593680515761641603e-02,4.072840444676213978e-01,2.014883204189253929e-01,-5.973604524946517225e-03,-2.230745790107835913e-01,1.359170156455668799e-01,-1.818470529591218743e-01,1.903008141025644973e-01,-8.500635238604332955e-02,-2.705735073305653993e-01,-8.347911403795127416e-02,2.405390197616495973e-01,1.390973520720903585e-02,-2.031269342831880931e-01,-2.623668701129798220e-01,-2.632469831550465766e-01,-2.315955773814807606e-01,-1.325493310267823466e-01,5.190465143124588926e-02,-4.080741544032112644e-02,-1.090574336346075285e-01,-5.189634456314952404e-02,-1.178809911962655221e-01,-1.000046033794706191e-01,2.289156951265379145e-02,-7.567738184507137589e-02,-1.160201878967975254e-02,8.742317561860107888e-02,8.676174306990039331e-02,6.445529581203553182e-02,1.652725274057603375e-02,2.993459987109201026e-02,-8.863870761709854995e-02,4.996559514494167825e-02,6.497164956849853235e-02,7.229429030082810959e-02,7.875289681157203459e-02,3.569210344783810968e-02,1.417341228628744010e-01,-2.134957717537135369e-01,-9.130538354439120263e-02,-1.943719575842826064e-01
