1.000000000000000000e+00,2.170668469113471721e-01,-3.135105583499855908e-01,-2.875237086032116363e-01,-3.382582756931848400e-02,-2.537888377793294792e-01,-9.496012511875850590e-03,1.045870411287228713e-01,-3.649892973306570476e-02,-9.996426031402378190e-03,1.511811807280858400e-01,8.122654553000697997e-02,9.281755275049206888e-02,8.538200490086823857e-02,4.413100484129482692e-03,3.161815875934419207e-02,2.297906923749666944e-02,2.891757657458560171e-02,3.802671150359731439e-02,2.464570982761872878e-02,1.119089684260655450e-02,4.925142897975649109e-03,-8.104901861674057920e-03,-8.107170670348566935e-03,2.631862530111633413e-04,1.026908233102315215e-02,4.945234716271337816e-02,-3.339237700810907677e-03,-4.463230136111487334e-02,2.147459819312361011e-03,3.018359635008176917e-02,6.871973695922521837e-03,-1.424177216858154606e-02,4.524505041056048338e-02,9.474760859351327551e-04,-4.318242512949428398e-04,-5.433066067630279265e-03,-4.627997870459836169e-03,4.261485893747887083e-03,-3.117372035675703909e-03,2.387098195392796732e-02,-8.610972061473204722e-03,-8.572807029804235465e-03,-1.505484493900027809e-02,-3.208034795147542226e-03,-9.619474035573782889e-03,-2.964639027655341808e-03,-1.780579368157357914e-03,4.038614398986346832e-03,2.709448037911299859e-02,1.584232837870813357e-02,9.366528519118011431e-03,2.593856686848234130e-02,2.092339220098685115e-02,-6.023140001454326854e-03,2.072290942476065490e-02,2.863675856853902663e-02,1.942266871187935118e-02,2.125272962085570164e-02,1.265588438149999138e-03,-2.321218547165481913e-02,1.340565001449597546e-02,-1.221078308325758074e-02,2.975295268380244440e-02,-7.415191832493751682e-03,-1.254735546861272290e-03,3.777591280630295326e-03,-3.450147111249501127e-03,2.997309822968503845e-02,4.696966742789065834e-03,2.182341230139404897e-02,6.447385979435092847e-03,1.914025272606750816e-02,2.789129856136335697e-02,-5.762892864616285180e-03,7.057085081595759063e-03,-2.464412216080840920e-02,1.962832608356925403e-04,-3.096072340959295233e-02,-6.974622718056860265e-03,-6.776226339309335614e-03,2.780207862320194234e-02,-1.880566374034396693e-02,-1.899968137831345438e-02,-2.924036131826305077e-02,-1.180249786267517816e-02,-3.989585350682078174e-02,-9.202079902739824027e-03,-3.231904618855446082e-02,-3.745422539189804945e-02,-2.032324919593160584e-02,-3.439873303441154384e-02,-1.714194737925519782e-02,-3.548271918576000050e-02,-2.138565533977018762e-02,-2.801112832814616968e-02,-2.523065694488956304e-02,-9.820564422686460862e-03,-7.979927176658485957e-03
2.170668469113471721e-01,1.000000000000000000e+00,3.354064046568409063e-01,3.939786316830710677e-01,1.161656502790643086e-01,2.778217627381310284e-01,-2.017171993939808824e-02,5.164762306240154588e-02,7.983040753776303455e-02,-9.969872789971138266e-03,-8.200339120091697936e-03,-5.693785824297456499e-03,2.205493063869963868e-02,3.985805031626026007e-02,-1.367731259643211773e-02,-2.412792296138271952e-02,4.797643478252578905e-03,1.717243842226664000e-02,3.538298420060341509e-02,2.224964798178513670e-02,-2.617706201266661870e-02,-8.952458544888632422e-03,2.733584448503452793e-02,7.349964979052959861e-03,7.189201715028075042e-03,1.631558766728197565e-02,1.800950214114756948e-02,5.672843490046079740e-02,1.062652864443273948e-02,1.014256537096157491e-02,-1.414552549438412993e-02,-1.177200199048624926e-02,1.224570742529007550e-02,-6.447953325730975370e-03,-1.207695335906385468e-02,-3.668792048652917692e-02,-2.806076464872573131e-02,-3.245053378293371454e-02,2.045128148864715917e-03,2.780387120456564651e-02,2.045476239762352572e-02,6.967783975794129489e-03,-1.729291561953032880e-02,-3.392822483361025883e-03,1.896316064231188050e-02,-3.594110141355633115e-03,-3.263851266637746162e-02,-2.673303688128912957e-05,-5.898813303305650707e-03,9.183059908541710758e-04,5.340333630079112208e-03,-1.840902066590978034e-02,-1.505374322704446446e-02,-1.675037389154104134e-02,-1.999330064619700073e-02,-3.360957847331531249e-03,3.592625189716992795e-02,8.414426045472846866e-03,2.112966832062060287e-03,-2.264169395839328927e-02,2.116546680855485585e-02,-2.031121581493013084e-02,-2.752058316166448859e-02,-5.901057915026180177e-03,-3.447108803452154230e-02,-6.098103223406482060e-02,-5.792076367894195138e-02,1.447722715547396406e-02,-4.008932693269324317e-04,-7.472573077487219828e-02,-3.566947932675993554e-02,-6.817341058030595979e-02,-2.211233514141645179e-02,-2.062645659536252105e-02,-8.639610079495441131e-02,1.004491409752752973e-02,-3.248138863222600065e-02,1.601708936709364886e-02,-9.486906188698445569e-03,-1.148951319718796195e-02,1.687871757297571343e-02,5.278472622264757282e-03,-2.807328862511376463e-02,-1.734234316293594563e-02,1.995707883051863960e-02,-5.807047688364130530e-03,2.615570322589246335e-02,1.375374716844844636e-02,1.843800881782274928e-02,1.787583856816121405e-02,5.774182329148617315e-03,4.661475095588308963e-03,1.902998070902199926e-02,1.342399907062516440e-02,1.709051921651528333e-02,1.513617081425292811e-02,1.071269686754812780e-02,2.845435139079463202e-02,3.641506543286541359e-02
-3.135105583499855908e-01,3.354064046568409063e-01,1.000000000000000000e+00,8.029936101934620485e-01,8.538632914559324272e-02,6.447086312236894878e-01,3.845251803680894281e-02,-1.555859818177283450e-02,1.174802263142242648e-01,1.632520181136334902e-02,-1.546417965637132408e-01,-1.256634282340024222e-01,-9.412199996105320710e-02,-7.836860096897657613e-02,-6.888516626607572857e-02,-9.929751048733585425e-03,-6.088631545704485670e-02,-1.464442843709377017e-02,-4.682651164578473940e-02,-8.918002189433921201e-03,-9.527281015349565660e-03,-3.900332766799087178e-03,1.141272500178717487e-02,4.396160769517333186e-03,2.255668918802180428e-02,2.557405300960076053e-02,-2.816427454762382779e-02,7.676714289218812548e-02,7.780230777541327636e-02,4.116764947681403330e-02,-2.792500986250473927e-03,1.118344392395677518e-02,9.467623069644586636e-03,-7.664028905423315996e-02,-5.880849512235421239e-02,-1.652119014621701229e-02,-2.940629152959366166e-02,-1.039351778453883983e-02,-4.074341918769593812e-02,2.596053573012034252e-02,4.584657912721970714e-03,7.086647668756771270e-04,-4.664705586963491246e-02,-2.492003972556423516e-02,1.064696689295399797e-02,2.666817877650027452e-02,-3.281489880472253373e-02,-3.005823433321562488e-02,-1.601155730646345449e-02,-6.154177370309119044e-02,-2.857588792712042677e-02,-3.992998767734182858e-02,-7.446210767788409568e-02,-1.753353774680063357e-02,1.376839312461159218e-02,-3.537736795150554434e-03,5.122802798975147412e-03,4.789435541815247055e-03,-1.532718503492569266e-02,-2.625605575906599098e-02,3.829245562145185133e-02,9.158722634029101139e-03,3.126897202178922225e-02,3.120509671034744220e-02,-2.824273749487691415e-02,-1.585737002782592123e-02,-9.219217055695000385e-02,1.306811326687655310e-02,4.384358540331430992e-02,-3.869937841847714138e-02,-9.198603163031116026e-02,-5.053663091194598306e-02,-5.526200611807639135e-02,-1.266619684838090482e-02,-8.347839567967356433e-02,1.908537751614124145e-02,-1.652202295527760087e-02,3.179608835244328996e-02,6.275610076457887807e-03,-1.771736753978661941e-02,-9.660150304279496725e-03,-4.257840152417519813e-02,-5.585999309675929170e-02,-4.026099784126188630e-02,1.695355376340043282e-02,-6.658982407538430008e-03,1.868974481031534379e-02,-9.566182118948819008e-03,4.795938851668502673e-03,3.286488927727358733e-02,-7.686221291403130818e-04,-9.645058537394683848e-05,1.780216658198804924e-02,3.173565199430587042e-02,3.817658861279085020e-02,2.374446887228956818e-02,2.942480029310014927e-02,1.736331633156887669e-02,8.905678285916849158e-05
-2.875237086032116363e-01,3.939786316830710677e-01,8.029936101934620485e-01,1.000000000000000000e+00,4.187542252049214486e-02,7.172607292913880661e-01,5.586555308425739802e-02,-1.971441035453020546e-02,1.234854720329087996e-01,1.599141235416355958e-02,-1.627448777754396669e-01,-1.367224178164385406e-01,-1.018846220216056836e-01,-7.806801397244614305e-02,-7.284820844095316050e-02,-9.605982149875541554e-03,-6.232886517865023068e-02,-1.551409573150028254e-02,-4.704311137749597749e-02,-1.262541438328594612e-02,-9.543590492421354793e-03,-1.211794465370321467e-03,6.579263041305125244e-03,9.321917639805539155e-03,3.124228439169408553e-02,3.669866674775363463e-02,-3.142294378119567244e-02,9.554087893119965480e-02,9.242156032915722907e-02,4.367959894764733564e-02,-7.310114334155951542e-03,2.155363635961878195e-03,4.231990150882086917e-03,-7.826061987065204006e-02,-4.825890911859279098e-02,-1.259475205763578576e-02,-3.139330734245523308e-02,1.016163731005428547e-03,-4.079435620415720193e-02,1.556477943689988340e-02,4.350572610581995153e-03,5.339176628028684778e-03,-4.703735824199400256e-02,-1.996200193651881741e-02,1.557216657335292430e-02,2.075279109916035314e-02,-3.214971903881053833e-02,-2.467298076477447005e-02,-1.185169943385331638e-02,-6.048687501545110812e-02,-1.890008748428644719e-02,-3.506075167788164082e-02,-7.826034094557961229e-02,-1.930843480103295803e-02,1.870755521484925715e-02,8.492293672281023970e-03,1.750578143837107012e-02,9.483107326292074257e-03,-1.132896368523339525e-02,-3.463954076727412956e-02,3.458295216717958975e-02,6.488473507856680998e-03,3.648444925645784320e-02,2.423082241126371661e-02,-3.410026574896676821e-02,-2.669295715909382471e-02,-1.011968871701958012e-01,7.945219871772140480e-03,2.323171587469869195e-02,-5.457566408792599577e-02,-1.065332442533365176e-01,-5.480082198360164414e-02,-6.162134488871805899e-02,-2.358489662701596795e-02,-9.372821527072540404e-02,3.073708150464620967e-02,-2.828220219707413066e-02,3.752491277937524544e-02,1.264173761755631393e-03,-1.609275715121661482e-02,-3.890320007839373527e-04,-3.858812042150728400e-02,-5.875667876504853115e-02,-2.825164449060493452e-02,2.566750794755682727e-02,-7.627603506764930744e-04,2.545733876793072198e-02,5.098513267450365503e-03,1.626645413889379541e-02,3.407327965708827067e-02,1.504175246201321873e-03,6.900919106041429694e-04,3.179702900581533181e-02,2.719012615084188261e-02,3.888546576265492632e-02,1.386285490617912043e-02,2.955548837175334814e-02,2.233047876854800731e-02,1.336454138023102436e-02
-3.382582756931848400e-02,1.161656502790643086e-01,8.538632914559324272e-02,4.187542252049214486e-02,1.000000000000000000e+00,1.732552264201374648e-01,-1.579183185882285234e-01,1.774918391711495236e-01,2.152197300828464221e-01,4.864789105809059350e-02,7.507327227709284512e-02,1.743840702430488609e-01,8.745374472715611303e-02,1.030454802024505095e-01,9.179565699717080751e-02,1.082819661311682294e-02,6.746435259421609820e-02,3.233514147907866343e-02,3.648254505065971764e-02,-7.436011331490632002e-03,-2.900946839729138735e-02,-3.720376399554763125e-02,2.335160859820025955e-02,6.263759917317318626e-02,2.077320796278653639e-02,2.131166977434199861e-02,-5.045307798919134584e-03,3.919303071392962745e-02,8.393703711112771026e-02,-5.294605644680146911e-02,-4.580905564879184794e-02,-2.664347348726040995e-02,1.328998892165604052e-02,-1.340682702456083911e-02,-3.932394814152742613e-02,-1.360378858586662812e-02,8.059090216780806504e-03,-6.108379770972454520e-02,-2.455529394507361199e-02,3.042947798613228685e-02,-7.985717914966035912e-04,-2.522443245310021856e-02,-8.079720601316060791e-02,1.504661777233566068e-02,-1.539899668566844203e-02,8.561378625994163494e-02,3.948181976152456002e-02,-6.462589520955478763e-03,-1.288233185304547140e-02,-6.196252539626823444e-03,1.035941776511637227e-02,-2.007896551678436340e-03,-3.504926154011594498e-03,1.687611371607003474e-02,7.048399013321057782e-02,5.710244740144812536e-02,4.997384614171088840e-02,3.586115473893635580e-02,3.598914861379503422e-02,-7.511113232855721501e-03,-3.341435716160006970e-03,1.967960473419620715e-02,-4.008698946476185743e-02,-8.435828849268860565e-04,-4.774080057158788543e-04,-6.782587283456028258e-03,-3.511946366063729841e-02,-1.589197909725216171e-02,-1.817461821311459544e-02,-2.350691819338012606e-03,1.119784757256109568e-03,-4.785178565662792823e-03,4.549037385131595259e-04,5.629203506210220601e-03,-3.292754994149814374e-02,9.623735577056702351e-03,-1.531216956520097515e-04,-2.738978525258947347e-02,-5.222638564366271358e-02,-2.257347222528117633e-02,-2.885282779473817213e-02,-1.378175051584298698e-02,1.154719569401879697e-02,-3.435065599033541861e-02,-1.747495216215614461e-02,-1.075024823963138983e-02,2.093350453987444931e-02,2.367817443430086238e-02,1.157109856005659933e-04,1.534081181232370417e-02,4.025345271303024108e-02,4.397536998651965096e-02,2.322006321094926412e-02,6.134997014563108031e-02,2.736839388763794012e-02,4.040354598609786907e-02,3.786374652955996206e-02,1.114510025762970383e-02,-1.203124022471354672e-02
-2.537888377793294792e-01,2.778217627381310284e-01,6.447086312236894878e-01,7.172607292913880661e-01,1.732552264201374648e-01,1.000000000000000000e+00,2.898897310089535440e-01,1.069152430164559305e-02,1.428847620599600909e-01,1.025275114249469544e-01,-1.123171559935331743e-01,-1.453384495823018263e-01,-1.353857233681119154e-01,-1.051859975225614002e-01,-5.911975127510313288e-02,-1.894609431773510572e-02,-1.006355461019383529e-01,-2.444463655561338392e-02,-1.040105398619377564e-01,-6.386185584891831968e-03,1.526172735316706948e-02,1.409425993378858946e-02,5.302593464334108900e-03,6.164089466816521402e-03,3.197888218643107905e-02,3.022353876059761385e-02,-3.838587708050113234e-02,6.272105630457822101e-02,1.083939459313632697e-01,1.791654450111735200e-02,2.302866939368473670e-04,1.964744057464511487e-02,2.511469790047102506e-03,-7.353965746624141486e-02,-4.106488855083604422e-02,-1.739524347268410140e-02,4.333241648484857655e-03,1.967895046053608557e-02,-1.483243434551804671e-02,6.203349437794642568e-02,-1.229024798158090057e-02,-4.252550117850275452e-03,-3.556364304546870414e-02,-1.191891788172740009e-03,1.428799409344349560e-03,-3.215112554207858863e-03,-2.372732653546081108e-02,-4.418579839862100955e-02,-4.067175442979310135e-02,-8.031951487723579253e-02,-4.290310591127190903e-02,-6.393578250064560486e-02,-9.049443544395362193e-02,-3.573413012698232333e-02,2.022106910133170121e-02,2.057967460645647104e-02,3.882820004615186726e-02,2.738251239926311684e-02,2.685939008295914771e-03,-2.399769535481862878e-02,2.421656328383113219e-02,2.583410149854170612e-02,4.566441289716206831e-02,1.015574594544403977e-02,-3.040733822465185518e-02,-3.332819483813628109e-02,-9.054342899881982765e-02,4.347895836523709562e-02,-1.214759417572479567e-03,-7.443440957933693258e-02,-9.409655764988725246e-02,-6.497353341609633792e-02,-6.617638241855540449e-02,-1.688461788548473522e-02,-8.982470440706132042e-02,1.759494484994315183e-02,-1.406149900766994268e-02,3.703616928678669928e-02,8.501016675919029209e-03,-9.765573641068871213e-03,-4.315687405291301730e-03,-3.452280444525356734e-02,-4.789087174980529577e-02,-3.013688129236432450e-02,1.119670902025797152e-02,2.061612471814179559e-02,4.182707260886640160e-02,9.518528704690793624e-03,-3.979920297464702682e-03,2.676629708645179156e-02,8.123396860053630486e-03,1.607195160044286308e-02,4.218455416399090330e-02,5.068471823407623422e-02,5.099608554772179503e-02,2.813238963108896998e-02,4.270487556819614616e-02,2.245555443234529061e-02,-6.149001051023425578e-04
-9.496012511875850590e-03,-2.017171993939808824e-02,3.845251803680894281e-02,5.586555308425739802e-02,-1.579183185882285234e-01,2.898897310089535440e-01,1.000000000000000000e+00,2.209260883541811771e-01,-1.034662774289971804e-01,5.633123132997062965e-02,9.634740675016675859e-02,-1.844641752240602089e-02,9.909803844822991092e-03,2.406417067757896100e-02,6.193119432363390631e-02,4.503717131322534928e-02,2.637024275645583060e-02,3.838916450553302856e-02,-5.780067022514547709e-02,6.423934927274743689e-02,5.346262706224005207e-02,4.459482347960206511e-02,2.713133189960760874e-02,-3.912264517516222950e-02,-2.754186870437280027e-02,-3.216246742574786766e-02,-5.863790967299210150e-03,-6.131817512570579554e-02,1.118564878750340913e-02,-6.855476843424647415e-02,-5.921883595251452997e-02,-6.099858062176841816e-02,-8.902892817995838870e-02,-3.332789004098277164e-02,7.506682619171120389e-03,-2.118186290408959754e-02,2.896211069254139847e-02,4.909560922025364704e-02,1.106204061393885330e-01,7.753462074093531164e-02,-4.033261717662458418e-02,1.434164338135336669e-02,5.984920546113241951e-02,7.522421835329172468e-02,-5.619999120905752078e-03,-8.902072785332115767e-02,6.367957681497803980e-03,-4.293997200911073286e-03,-1.051661517612632532e-02,-2.815760610930258603e-02,-1.637229187495610819e-02,-1.848448895836861047e-02,-3.283280293581475329e-02,-2.552899960418718306e-02,-1.852598449241813286e-02,1.668364977608893795e-02,4.348278018261288180e-02,8.060093839800530277e-03,5.886300224946895872e-03,-6.217694455077316280e-03,-9.688050195260011418e-03,1.220823829950637245e-04,-3.696061695115804811e-03,-2.778816361634515661e-02,3.443351847700547655e-03,-6.357956692033849000e-02,-1.224807351546013459e-02,6.426247977809346201e-02,-6.046591063725646753e-02,-2.320368357250632285e-02,-4.366310906294987824e-03,-1.755714973860408520e-02,-1.376771850227757540e-02,1.032130129053833098e-02,1.545200846783854366e-02,-5.027295087097178455e-02,-9.000344278368961962e-03,6.730027418621118210e-03,3.792763177034492311e-02,1.001592513054891560e-02,1.656717359733003410e-03,4.046534070274655087e-03,-1.429120370409852486e-02,-2.146852269873055635e-02,1.385447134839348955e-02,4.624405850143130381e-02,4.777073040469850124e-02,3.190843725321267782e-02,-2.889407432187898403e-03,2.844795305074167974e-03,2.405216119032473499e-03,3.537142331954684638e-02,4.873627167830030249e-02,4.878702980094351549e-02,5.053073492119102700e-02,3.525670989043094145e-02,4.363313966190334597e-02,7.529483786028120205e-03,8.619847772470249150e-03
1.045870411287228713e-01,5.164762306240154588e-02,-1.555859818177283450e-02,-1.971441035453020546e-02,1.774918391711495236e-01,1.069152430164559305e-02,2.209260883541811771e-01,1.000000000000000000e+00,2.047438770519645901e-01,5.051268428866297761e-02,1.801133729065700906e-01,1.185712374921466528e-01,1.315296446739079028e-01,1.058485879737585122e-01,4.610825172391446597e-02,1.034972521973683002e-01,6.395360462786657541e-02,1.222859413790683240e-02,4.481802887035986338e-03,-7.331234470229875712e-03,-6.915670433751164303e-02,-8.992010641511857805e-02,3.410581423053010014e-02,1.150261439507801742e-01,8.571439462161682329e-03,1.201609829128055112e-02,-8.343463473857834489e-02,-5.311931902817784018e-02,-5.693853623956559619e-03,-8.640380384583802587e-02,-8.467415065882841207e-02,-2.139246376686743459e-02,-2.220210563067606321e-02,-1.437424258242562614e-03,1.982332008651925201e-02,5.563016747359003644e-02,5.065784177653880060e-02,-1.475372025305319440e-03,7.968148598639240854e-02,8.569900787988275759e-02,3.078561832901039602e-02,-1.003298195717427892e-02,1.002238967248496315e-02,5.580162702778954792e-02,-2.339304106279901235e-02,-1.884874475434891034e-02,6.246007908878457165e-02,1.054492542430599325e-02,-2.678867660331321968e-02,-3.304714443890929138e-02,2.414226732913839633e-05,-1.491313356594248934e-02,-3.930912403203230820e-02,-2.066134535385989734e-02,1.695590919940858157e-02,3.673832695420154587e-02,3.479085612379401865e-02,3.027710585666169938e-03,3.538611789076976516e-02,-1.188944817516674260e-02,6.839835111900791076e-02,3.476561785538614252e-02,4.953131936651706396e-02,1.484484564740915467e-02,2.409736220408709509e-03,-1.065937279041797962e-02,-1.957268895609229342e-02,3.997491476024152279e-02,-2.879770096459550229e-03,-1.277689993741436617e-02,4.882445318852173845e-03,-8.282854746038471536e-03,-3.968794700857108254e-02,-1.840602771938076865e-02,-2.788203782951721721e-02,2.648520064373077396e-02,3.610017381163364847e-02,1.895943687387202300e-02,-8.902522588742345627e-04,1.636818155590170562e-02,-2.478951371228204845e-02,2.449421163674293453e-02,7.264023968171315349e-03,-7.407538103110427935e-04,4.076088449993313378e-02,1.571025480015476178e-02,1.705476693185090098e-02,4.011622479759562737e-02,2.318004084812952045e-02,1.706751142836089932e-02,3.615384793088680798e-02,2.535690842959783045e-02,4.485173355840334913e-02,3.245081714490218039e-02,-9.444652188997520320e-03,1.759979584966298374e-02,2.116347873674844296e-02,1.360056153579785806e-02,-1.312309133685949335e-02
-3.649892973306570476e-02,7.983040753776303455e-02,1.174802263142242648e-01,1.234854720329087996e-01,2.152197300828464221e-01,1.428847620599600909e-01,-1.034662774289971804e-01,2.047438770519645901e-01,1.000000000000000000e+00,3.337534066187436421e-01,-1.682338580385614457e-02,-3.257376775952761875e-03,-1.293976473985616882e-01,-4.991352400936827083e-02,-9.810492224579704656e-02,-5.216891567015472658e-02,-5.563131292887120438e-02,-3.153756698653431556e-02,-8.489632741057248633e-02,-1.469943311588693506e-02,-3.819632757816839724e-02,-3.394434926802390035e-02,4.098095546395948141e-02,4.526590788416313960e-02,1.479339868299722228e-02,-1.659859641833186933e-02,-4.871755676288637427e-02,5.481386037456377480e-02,-3.350407875895236587e-02,6.798698447718349094e-03,5.126590010379129120e-02,-1.625897612641819673e-02,-4.181086639916158088e-02,8.094237601589936507e-03,-1.376957343313624411e-02,-1.151971547217063747e-02,1.017449043336149730e-02,2.608568688098898691e-02,-2.369113352078841897e-02,1.864080325502456489e-02,4.698339206305681554e-02,9.137361901817131482e-03,5.254243350015086814e-03,-8.038935414281535297e-02,9.401358338406025708e-03,-6.193775648180316167e-03,-8.097376447884656325e-02,-9.102714013862035769e-02,-9.024393785335048379e-02,-5.649155058105381072e-02,-9.330763582889846364e-02,-5.298946087778894087e-02,-3.746190163402093182e-02,-5.550385644212489644e-02,-2.856385764889581361e-02,-1.548551328285313958e-02,7.347448411622587924e-03,-4.468790750532771611e-03,3.483829836054192636e-02,3.473444485883842719e-02,7.548802988803456071e-02,5.143484163859785019e-02,9.100026359169632872e-02,1.202865388952061194e-02,1.295902560388758826e-02,3.618225294526038888e-02,-1.750121897502579169e-02,-3.974330140055611083e-02,-3.303810997268220168e-02,-7.505705955223828524e-03,-1.850056806634601050e-02,1.206625378771094062e-02,1.485551533288300731e-02,2.149899105901697041e-02,-1.861061542024172732e-02,3.568067728640768321e-02,3.936839828485763637e-02,-7.813106705584091372e-03,-5.927154505548750014e-03,-1.337827207369126845e-03,-2.467475625753657448e-02,-2.026525258796361972e-02,1.088472208856322392e-02,-2.905234955410762251e-03,4.942778847955436872e-03,-5.857937356417854992e-03,3.963921460962754537e-03,9.114897540691526551e-03,5.076066597607991476e-02,5.034365800275439340e-02,5.028799370282686053e-03,-1.337937370822111713e-02,2.452248965691674124e-02,1.111274943982078559e-02,-2.334605134966363793e-02,2.447651898850983221e-02,-8.781652279034853417e-03,4.512517392207269010e-03,-2.328146914963684366e-02
-9.996426031402378190e-03,-9.969872789971138266e-03,1.632520181136334902e-02,1.599141235416355958e-02,4.864789105809059350e-02,1.025275114249469544e-01,5.633123132997062965e-02,5.051268428866297761e-02,3.337534066187436421e-01,1.000000000000000000e+00,1.937388868288746069e-01,-6.518442710982386840e-03,-3.287432859192105372e-01,-9.719358937271031784e-02,-1.659352212677133731e-01,-2.338843567629893261e-01,-1.490055817829776530e-01,-3.417997478180793275e-02,-1.507403236320951634e-01,-2.195610828143465185e-02,1.673371453686008092e-02,9.619680788447619937e-03,-2.749177399338781358e-02,2.085700285963633382e-02,7.193708546295896067e-02,4.407151410497151672e-03,-7.989504625663305937e-02,8.321231966277330833e-03,-5.041532864358459071e-02,-1.391904001355889590e-02,1.072932645341017621e-01,9.396160704073924785e-02,4.830561168638606434e-02,4.486924659961785689e-02,3.021594454391662160e-02,2.176733603407524781e-02,5.225879796579628762e-03,8.752829510776466426e-02,-2.318097857293019773e-02,-1.425114514063271533e-02,7.113135138669855750e-02,1.143176590730977070e-02,1.476675024302110360e-02,-7.743854577836421782e-02,2.272502858756548713e-02,-5.030753615698315903e-03,-7.934538444285688108e-02,-9.763341225563224035e-02,-6.564180233470957859e-02,-3.506216063084698770e-02,-7.883077460936424585e-02,-1.274699817239109342e-02,-9.302955430148758531e-03,-2.810389397479337581e-02,-5.938153710636193128e-02,-3.327477278043190160e-03,1.082047268619347816e-02,-6.057096603015579839e-02,3.274732461542502471e-02,-5.230797876641819603e-03,1.255770795960979395e-02,-9.493294769517381451e-03,8.076960234246014295e-03,-1.077070440559881395e-03,9.017077170291011579e-02,4.080886777629866291e-02,2.907878144459016823e-02,-1.088068766585685229e-02,1.493169635434209164e-02,-7.204208983195432327e-03,-6.263832726946048923e-03,3.093463881208979860e-02,2.037441557933060768e-02,3.818608134214405286e-02,1.945032633747658529e-02,1.462649598569404439e-03,-4.908674559257110263e-03,-4.736362676377769282e-02,-1.481469877298803757e-02,-3.400207373944097444e-02,-7.199342797806966565e-02,-2.670546119349374165e-02,-1.651774472860873672e-02,-3.260081611707719290e-02,-1.028110810520455748e-02,1.149662231499146842e-02,-9.388621260251700171e-03,-8.175324385730962234e-03,7.738255875422139600e-03,1.963208113310974806e-02,-2.897225279945452384e-02,2.858945974144582944e-02,1.957529747506093348e-02,1.350657183901520821e-02,1.007963056770689236e-03,7.255817589873532307e-03,7.571684459195225647e-03,-5.547838787975672807e-03,-9.892958756900682357e-05
1.511811807280858400e-01,-8.200339120091697936e-03,-1.546417965637132408e-01,-1.627448777754396669e-01,7.507327227709284512e-02,-1.123171559935331743e-01,9.634740675016675859e-02,1.801133729065700906e-01,-1.682338580385614457e-02,1.937388868288746069e-01,1.000000000000000000e+00,5.069224646156681446e-01,3.707772036348078726e-01,4.394772345931172164e-01,1.538889433060851852e-01,8.869850158765860137e-02,2.090888831878874865e-01,5.801257811543005655e-02,1.417255737461756426e-01,2.312171042924947295e-02,-5.725296449857559568e-03,-6.941599255307429051e-02,3.214787102036726490e-03,2.155589107502626708e-02,-9.726218738150718690e-02,-6.574668883549401877e-02,-8.381366186616814873e-02,-8.597667521260225765e-03,-5.348170551972682846e-02,-9.507120073356117862e-02,9.117909727897596794e-03,3.719428185194199182e-02,5.472404176238583780e-03,4.594672918150741886e-02,1.390579885830602394e-02,9.553650793458556834e-02,2.981947601353443500e-02,4.426344405959919265e-02,1.693553499598089360e-02,-6.417525552855595818e-03,8.070195167395019520e-02,8.533133087317264567e-03,-7.358730349660873131e-03,2.258005233734890899e-02,1.957404876905782798e-02,3.634552083472011863e-02,1.438622597852904153e-02,-2.339102721197897430e-02,9.396619744433594781e-03,2.673345173613926248e-02,1.444466918604401899e-02,5.211151297593071691e-02,5.492410161684932457e-02,7.781954577805125228e-02,-8.237437173664008752e-03,4.041511033331914027e-02,4.709359892091119493e-02,-3.040045214861453529e-02,6.846797316008078338e-02,3.307360803489134415e-02,-1.591758860408095527e-02,4.898308133281430859e-02,-2.265724070049906363e-02,4.160294899336536290e-02,3.148146881050151169e-02,3.916989668613043984e-02,-3.777276705670386259e-02,-4.408927638262082754e-02,7.244495494428393467e-02,1.662603018306782476e-02,6.856197835130796621e-03,2.082460663643271453e-02,2.896467329866630330e-02,1.191265827368348795e-01,2.007191056862232467e-02,-1.859548260304746655e-03,-3.007872730918615539e-03,-6.925796754996632609e-02,-4.557578849740861332e-02,-1.836051522571282082e-02,-8.553260501985715525e-02,-8.718909292742506312e-02,-4.395223719144956270e-02,-9.097096313682978552e-02,-6.492688551306627018e-03,-1.672206310721797984e-02,-1.442185244639860101e-02,5.146687408443094934e-03,1.935719060760004301e-02,8.521439219525778208e-03,2.390241946732500622e-02,4.193717495422744079e-02,3.938386475810970455e-02,9.610805090500631337e-03,1.287846470096860353e-02,-5.411415536537253490e-02,2.295809502779595432e-02,-1.051146180060897641e-02,1.822878291898643796e-02
8.122654553000697997e-02,-5.693785824297456499e-03,-1.256634282340024222e-01,-1.367224178164385406e-01,1.743840702430488609e-01,-1.453384495823018263e-01,-1.844641752240602089e-02,1.185712374921466528e-01,-3.257376775952761875e-03,-6.518442710982386840e-03,5.069224646156681446e-01,1.000000000000000000e+00,4.202276801635962400e-01,5.037992079219885122e-01,3.534532520416603929e-01,1.237041626231514813e-01,4.086031128632924281e-01,1.694068128772711623e-01,2.295582260121291629e-01,-7.788104340721808743e-04,-5.009809142875652765e-02,-1.325663740103054378e-01,8.917451077519216590e-03,3.393844206963710086e-02,-1.718905161193607645e-01,-6.896908082371185078e-02,-1.239040923153752333e-01,-2.248766962394172300e-02,1.420583764269522410e-02,-8.435296244399052845e-02,-7.508388181506690795e-02,-4.834269510405964781e-02,-1.248333390198999929e-02,3.140605408797911974e-02,2.270709843202198958e-02,2.939857016033115521e-03,7.251732689920899373e-03,-5.293545307385579858e-03,2.915877770736437571e-02,-1.004843726037266995e-02,-2.252873228278374357e-02,-2.722453127910250820e-02,-4.734790419727834959e-02,7.623321670798947902e-02,3.639572543210808572e-03,7.691317857407696523e-02,6.810165064183969219e-02,3.903690335356173324e-02,1.755762223927834903e-02,5.289260555006486397e-02,7.990980373174702556e-02,3.416512780837385743e-02,5.165044923764970652e-02,7.696261388613170884e-02,4.231223428432669652e-03,2.191868825605145367e-04,1.925026602824846805e-02,-2.624698817996025738e-02,4.928454148361783443e-03,1.827612143480920881e-02,-1.136715570273145494e-02,1.482168760044711223e-02,-3.318661187281089775e-02,4.536468682011517844e-02,-1.605858296160843010e-02,2.133959534740464091e-03,-2.168424867578147563e-02,-7.040474732361554078e-02,1.238183949879509763e-02,-3.524433725289701121e-03,-7.588211264752729376e-03,3.301428789554943649e-02,6.126049888701597806e-02,9.861766355223566816e-02,3.117328125029972252e-02,-2.539077516773297766e-02,9.670659693779488572e-03,-5.920469211681713556e-02,-7.026058335746684924e-02,9.212482725736497943e-03,-1.050861803763090269e-01,-5.635025656705156677e-02,9.993521658844374891e-03,-4.702077410966021970e-02,6.961891610385802232e-03,2.324980014679419935e-02,1.196616972324014358e-02,3.184879880925908791e-02,3.448448323422894507e-02,2.273714892932472004e-02,-2.743766972193387773e-03,2.847742160791429458e-02,4.114980970703416285e-02,3.507903717569739455e-02,3.104900990083584930e-02,-2.496753478612301000e-02,4.769999104461904171e-02,3.152534118225906040e-02,5.758955746368964179e-02
9.281755275049206888e-02,2.205493063869963868e-02,-9.412199996105320710e-02,-1.018846220216056836e-01,8.745374472715611303e-02,-1.353857233681119154e-01,9.909803844822991092e-03,1.315296446739079028e-01,-1.293976473985616882e-01,-3.287432859192105372e-01,3.707772036348078726e-01,4.202276801635962400e-01,1.000000000000000000e+00,4.646934902427099501e-01,3.455509808758563950e-01,4.399401956122114266e-01,3.896675736191454464e-01,5.780457158418703806e-02,2.725222769790052735e-01,5.303648700058925108e-02,1.211240897543692206e-02,-6.595273199425272237e-02,1.694935121933586683e-02,-2.997294241223165054e-02,-1.785817037913773053e-01,-9.172570692110031121e-02,-3.839934509592191070e-02,-4.621454864471359614e-03,-5.335927363026810727e-02,-8.292775581971990884e-02,-9.436445304589159699e-02,-9.150359503556164398e-02,-6.466693163855746773e-02,-1.829325959396396750e-02,-4.164697699009767967e-02,3.189666146427337645e-02,3.322661449096697694e-02,-7.953186005896599464e-02,2.949649387113548529e-02,2.783812142119106853e-02,-5.335053380822241988e-03,-2.962827931240695836e-02,-1.938240796876062808e-02,9.349256726081281443e-02,-4.896445512325141303e-02,4.072079151628397314e-02,1.125563966663999660e-01,5.614710517639387444e-02,2.284569561057179371e-02,1.530626290917383621e-02,6.163943155609508812e-02,3.410557376681121883e-02,3.333310822308230281e-02,5.431322638066299335e-02,5.769425168425915129e-02,3.499502308168234849e-02,3.953394608535641674e-02,4.548821451986172215e-02,2.152588586409297233e-02,2.134341150636897069e-02,-7.152695481045562471e-03,7.343806180022457997e-02,-4.424843347252284571e-03,3.457145428924966735e-03,-7.767620768814829935e-02,-1.289383952957683793e-02,-7.883930677908361495e-02,6.111462413214062590e-03,6.034712253106466057e-02,2.430623105450280264e-03,-1.102277768228012225e-02,-3.920105405462652459e-02,-3.051242308842545305e-03,4.923820777204501731e-02,-8.921967094597060485e-03,-2.718994009891796682e-02,-4.594966121379367302e-03,-2.889567572688524211e-02,-2.140660985235008293e-02,3.122191141325584337e-03,1.470950135037269943e-02,-5.132903296247803143e-02,8.945998442584427585e-03,-4.137154557963292068e-02,1.184697399318041314e-02,-4.271954237551995118e-03,7.403724251570997957e-03,3.320358770104564483e-02,3.941448075703577608e-02,-1.025948695160412184e-02,5.397448204976159486e-02,2.696159854478090770e-02,4.038725675344134736e-02,1.824510968393391538e-02,9.241852299617040866e-04,-2.095648605580627266e-02,1.192700173823973628e-02,7.295902715496080729e-03,1.391831289542454914e-02
8.538200490086823857e-02,3.985805031626026007e-02,-7.836860096897657613e-02,-7.806801397244614305e-02,1.030454802024505095e-01,-1.051859975225614002e-01,2.406417067757896100e-02,1.058485879737585122e-01,-4.991352400936827083e-02,-9.719358937271031784e-02,4.394772345931172164e-01,5.037992079219885122e-01,4.646934902427099501e-01,1.000000000000000000e+00,4.607467457795225707e-01,3.333910901945496552e-01,5.629078920942147679e-01,2.584708674624928149e-01,3.882990530198091039e-01,1.685022904863258397e-01,-5.090305271734015327e-03,-3.084283712270055600e-02,1.387128394171763535e-01,-4.527921925331446912e-02,-1.628941367952910502e-01,-1.756879986366924606e-01,-1.246723807553812985e-01,4.180521886582369562e-02,-8.436612778217075781e-02,-1.845900734643712016e-01,-1.459820464901579740e-01,-1.358999042868003493e-01,-6.486840350033928893e-02,-5.791136047681751803e-02,-9.140220925556462317e-02,-1.286632739429978411e-02,9.410698368096622954e-03,-2.450345842284915032e-02,-1.341454492234907259e-02,2.172925659685560548e-02,3.129592146183115143e-03,-2.240847117568311661e-02,-3.960418783979359481e-02,9.138501779674813863e-02,-8.730701911482301528e-03,3.694010361753957694e-02,7.535504060747352795e-02,7.438491381760681254e-02,4.828322423067531177e-02,5.236263663936571722e-02,8.804687480149560319e-02,7.052911493344091176e-02,6.206513371368731907e-02,1.001633197558402522e-01,2.350723401987060701e-02,3.815793828634957835e-02,2.292430643429816881e-02,-1.609166547363534081e-02,-3.405547470187480943e-04,4.137700793012009243e-02,-2.050560728754209985e-02,8.257442148584943215e-03,-5.161665637414107610e-02,2.784272773417211314e-02,-1.925117044213995807e-02,7.822391928899666974e-03,-4.369959286361867201e-02,-5.136338268585340788e-02,-2.569069364162644264e-03,-1.303551835161866762e-02,-4.915863789638009324e-02,1.270857862214930765e-02,3.604196447162044681e-02,8.852845946013175593e-02,6.630829651305823920e-03,-2.099630636210509868e-02,-1.645298458258515062e-02,-9.560044449853920268e-02,-6.213116070758206017e-02,-2.450426620840925884e-03,-6.255053970142576691e-02,-6.857226082731071592e-02,-6.298580709066597776e-03,-4.083227609190013402e-02,3.400535761186872924e-02,3.030465830066788289e-03,2.119777587998098595e-02,3.763509843689605283e-02,4.192358369970605042e-02,1.522788652094143533e-02,2.141885929739926336e-02,1.228518326934228966e-02,1.740653244749568174e-02,1.976453538754502706e-02,2.326564317670087520e-02,-8.327648548335567918e-03,2.044264965907548193e-02,-1.783337201560910397e-03,2.709843486144747696e-02
4.413100484129482692e-03,-1.367731259643211773e-02,-6.888516626607572857e-02,-7.284820844095316050e-02,9.179565699717080751e-02,-5.911975127510313288e-02,6.193119432363390631e-02,4.610825172391446597e-02,-9.810492224579704656e-02,-1.659352212677133731e-01,1.538889433060851852e-01,3.534532520416603929e-01,3.455509808758563950e-01,4.607467457795225707e-01,1.000000000000000000e+00,3.977287080155554322e-01,5.486201602589757531e-01,2.151156788100583861e-01,2.357953205288768062e-01,9.240351565863288985e-02,1.612882267629789021e-02,-5.402417164200632588e-02,6.921171926252274453e-02,-7.527604927796818779e-02,-2.738680316750345956e-01,-1.683207962013707482e-01,-6.245238970694273750e-02,-5.272819866167501035e-02,-5.351600588575095019e-02,-8.780180437248762126e-02,-1.553511181411630360e-01,-1.134875049980764161e-01,-2.091050018712894976e-02,-6.656802688009866298e-02,-2.902442579502043443e-02,1.119055359791703945e-02,4.739522968179359086e-02,-3.872695481938737139e-02,3.595708793050571284e-02,9.297125634712075093e-02,-4.741935744995817020e-02,-4.792887547447550328e-02,-5.094664704889304702e-02,1.076280673168938384e-01,-5.606701757733525970e-02,6.662966105568927933e-02,1.342487683422029787e-01,8.303850419445728270e-02,4.411319771297112641e-02,1.335596660955582805e-02,6.456985010745362741e-02,3.467180688794402332e-02,1.032580567144802085e-02,1.362519390850349885e-02,1.405572418163624502e-03,1.579378386989282665e-02,3.724854763230784488e-02,4.528450335736416976e-02,1.302391654245572614e-03,2.834169067877819609e-02,-2.355864367611715249e-02,-1.480516518986195289e-02,-2.369599063798033534e-02,-1.541503781405418987e-02,-5.627482635728500021e-02,-3.656307349265549428e-02,-4.909599896510512956e-02,3.070403416427705881e-02,-3.423573396257913876e-02,-4.952045621000131237e-02,1.558999442409809456e-02,-5.406419346142957161e-02,-4.894721254870673666e-02,2.768873024356447235e-02,-3.468159607917333399e-03,-6.415556938763398998e-02,-3.433898302903472949e-02,-6.307230172575575833e-02,-2.942495651738825241e-02,1.712913889567792974e-02,-2.083357228167499742e-02,-2.963879562244616309e-02,1.903359061079516051e-02,-2.530122625180788315e-02,1.932055621224557790e-02,5.562573823764550146e-02,5.698505740985741058e-02,4.638307305575073425e-02,3.064040885033750272e-02,8.156670443375877225e-03,3.070697523881798022e-02,1.478055910565734786e-02,1.811481082429768075e-02,3.500746597221703060e-02,2.993145278356621614e-02,2.801692487902216269e-02,3.248268549327165688e-02,1.374375480365270380e-02,1.092426211365720400e-02
