1.000000000000000000e+00,5.107586231389438236e-01,4.930003289701507807e-01,5.629690610179801658e-01,3.212988204640354617e-01,3.080890637437807000e-01,2.686335760293745989e-01,1.778145534610537093e-01,2.784254724224114463e-01,1.472966536946803684e-01,1.698077981849129003e-01,2.162100948567934333e-01,3.190149060651177593e-02,9.093303771683447501e-02,3.474108209323555768e-02,5.312436646578744259e-02,6.174082345492913626e-02,1.470793803875586336e-02,6.672054772613288109e-02,2.926494097054302759e-02,1.839669402063471865e-03,4.961660440424360552e-02,2.583177946287457810e-02,6.516859136897777682e-03,-1.614617003980658647e-02,3.645543957556998671e-02,6.151146115945776982e-03,-6.598211526414132430e-03,1.294446449262413000e-02,3.341704124051799590e-02,-3.604542513167681601e-03,2.244171788126532799e-02,8.695851367479171326e-03,6.503714658906473503e-03
5.107586231389438236e-01,1.000000000000000000e+00,5.434750510313314242e-01,6.903567969046683350e-01,5.097556760290524736e-01,3.147157332319269751e-01,2.635224704242431493e-01,1.805523988219008558e-01,2.801838553674517174e-01,1.561211682185091598e-01,1.837265125506775676e-01,2.065116705317329160e-01,1.296581548321589991e-02,7.646183815210759460e-02,2.475100707439539457e-02,2.851393581114559581e-02,5.447976143218459522e-02,1.675004012519330787e-02,1.026094459914390737e-02,1.398418357505060161e-02,-1.133723965927786867e-03,1.711439640981722923e-02,-6.058862301398860659e-03,9.073255742265482274e-03,6.500401241883196034e-03,5.406782952512117352e-02,3.604569159343638807e-02,1.983906396984311260e-02,3.636781198240490037e-02,7.591602569405828116e-02,2.482535309920091970e-02,4.209583609522019737e-02,2.045408704871721356e-02,1.980001726105209969e-02
4.930003289701507807e-01,5.434750510313314242e-01,1.000000000000000000e+00,5.098116651438180380e-01,5.171768693922988991e-01,3.070254971750036588e-01,2.912569054846834149e-01,1.859193530344030731e-01,2.708925761684448652e-01,1.844834130540803641e-01,1.991510545713038871e-01,1.917835635563934771e-01,6.013617801768843252e-02,1.144686416483791935e-01,7.880373848729387010e-02,6.882273331693766760e-02,9.635131817791417475e-02,5.090012572789554685e-02,6.353071524476705534e-02,4.297675280107827317e-02,3.389081395485003811e-02,4.749316838254119544e-02,2.710588276189722368e-02,3.777265348026477565e-02,8.187999917493854821e-03,4.419137589528931986e-02,5.710402413222109147e-02,8.189482298860528003e-03,3.160840895582682497e-02,5.147291144679464608e-02,1.844013330480557015e-03,3.595716230184930334e-02,4.962863537920745791e-03,-6.974456869129624578e-03
5.629690610179801658e-01,6.903567969046683350e-01,5.098116651438180380e-01,1.000000000000000000e+00,5.147796044238622803e-01,5.014716710414887091e-01,3.876938004250657932e-01,2.585271136057027408e-01,3.800713544596929228e-01,1.996492125614140190e-01,2.363485422109012357e-01,2.854602735997299745e-01,4.188555834755509910e-02,1.189639255760401582e-01,4.708562236118003091e-02,3.701134002535858003e-02,7.691816327797318387e-02,1.506064896578841565e-02,4.593227502098871928e-02,2.537406469086360070e-02,-9.955558657772358919e-04,4.441936452850943351e-02,8.961879845226373986e-03,9.911614830404756257e-03,-1.907054952885416099e-02,4.324129599959171399e-02,1.066196049662719580e-02,-3.682170883914514300e-03,3.884176169068597612e-02,5.824943879749596570e-02,1.030014007098478852e-02,3.750351140618175816e-02,1.612455160933260953e-02,1.769830085676664735e-02
3.212988204640354617e-01,5.097556760290524736e-01,5.171768693922988991e-01,5.147796044238622803e-01,1.000000000000000000e+00,3.456922226671375609e-01,3.875569328157533744e-01,2.697087731040082037e-01,3.104536227876873999e-01,2.224829544351959731e-01,2.199236675575008959e-01,2.328401148213808947e-01,2.230017497623090761e-02,9.649453989577903845e-02,2.569517305826567524e-02,2.919230394828295841e-02,7.652153414804747922e-02,2.470947351357209091e-04,7.721902950183983684e-03,3.333838458734258992e-02,-1.897651784679074347e-02,9.291333071495917403e-03,1.788505942193741732e-02,-2.078927317163954680e-02,-5.338081792168357376e-02,1.984415451240440290e-02,1.177612954092173946e-02,-1.589878086238177488e-02,3.594436832667244341e-02,4.058380868491366644e-02,1.118167534848110191e-02,2.388560817569578693e-02,-1.738933952975117367e-02,1.616791012243536932e-03
3.080890637437807000e-01,3.147157332319269751e-01,3.070254971750036588e-01,5.014716710414887091e-01,3.456922226671375609e-01,1.000000000000000000e+00,4.918419595625894147e-01,4.775539001739558254e-01,5.236357130900594070e-01,2.759457894080229456e-01,3.791054374835132745e-01,4.219787922881294007e-01,1.465300394160267972e-01,2.302125516933336835e-01,1.216622666708223055e-01,1.134592720126872678e-01,1.785287776536875204e-01,8.707501005004940342e-02,1.288613547273436133e-01,8.894697086783984186e-02,8.506265459443547450e-02,1.176283349514847532e-01,4.789647292762581193e-02,6.522082926146138826e-02,-2.316393260435388110e-02,3.678457421627064766e-02,4.647150530313101657e-02,-1.966278505508613217e-02,6.526320033285953892e-02,4.377640981607962972e-02,-1.235004774394418692e-02,3.864938305546850028e-02,-1.860202880120208346e-02,-3.439848919058256793e-02
2.686335760293745989e-01,2.635224704242431493e-01,2.912569054846834149e-01,3.876938004250657932e-01,3.875569328157533744e-01,4.918419595625894147e-01,1.000000000000000000e+00,5.360341989505206239e-01,6.609634673638667968e-01,5.044176323138933604e-01,3.663800419129285557e-01,5.698566264396535130e-01,1.715800820666383841e-01,1.588763407030988062e-01,7.286026172227035025e-02,1.443867773085282802e-01,1.403737622695669929e-01,6.348889665999364607e-02,9.868319842921814689e-02,4.722537247207655303e-02,5.431776796164669574e-02,8.212080787263575932e-02,1.794754865144035372e-02,5.013215276961952016e-02,-2.582579544327266372e-02,5.461114843141363223e-02,4.517740019227917125e-02,1.464757522844354655e-02,7.086049978849122410e-02,2.464874375351756852e-02,3.949606311562191968e-02,2.871235124834238192e-02,9.519750947042920214e-03,3.495578262302471290e-02
1.778145534610537093e-01,1.805523988219008558e-01,1.859193530344030731e-01,2.585271136057027408e-01,2.697087731040082037e-01,4.775539001739558254e-01,5.360341989505206239e-01,1.000000000000000000e+00,5.466104775216835687e-01,5.380221766270981698e-01,6.347874643957287510e-01,3.907086863580890856e-01,6.933447610205380196e-02,2.243406299324833264e-01,7.387820209749551732e-03,7.489474886826973099e-02,1.674906965874924103e-01,4.867870291159523410e-03,1.032803526601180216e-01,7.539641282025649760e-02,1.354526798504352043e-02,9.234018342354330389e-02,4.869544195122092745e-02,1.813759657670263245e-02,-1.323886134601859679e-02,2.302036593192534689e-02,6.755587771231003069e-02,4.508969992310590293e-03,8.639565371246507586e-02,2.172846299580500143e-02,3.571296244757977273e-02,3.067781806154181931e-02,9.724735665793557632e-04,-7.269662388436337868e-04
2.784254724224114463e-01,2.801838553674517174e-01,2.708925761684448652e-01,3.800713544596929228e-01,3.104536227876873999e-01,5.236357130900594070e-01,6.609634673638667968e-01,5.466104775216835687e-01,1.000000000000000000e+00,4.973664670979686120e-01,5.201843502364739136e-01,7.751933814317891747e-01,1.083392635670495929e-01,1.702195854738844105e-01,5.969049828135099961e-02,1.115923843712455371e-01,1.201998442935624939e-01,6.580781359028614608e-02,1.023504639263948801e-01,3.303828625157970850e-02,7.050901448699634089e-02,8.653693242721603729e-02,-8.345909484147161911e-03,7.860271549795873336e-02,-1.878301902088803585e-02,7.394549535991988554e-02,7.547775148607553664e-02,2.354030173145153434e-02,1.069443712445968114e-01,5.673853659761398521e-02,5.614608971919562291e-02,5.961887220333068893e-02,3.637274799435889772e-02,3.723936939350110109e-02
1.472966536946803684e-01,1.561211682185091598e-01,1.844834130540803641e-01,1.996492125614140190e-01,2.224829544351959731e-01,2.759457894080229456e-01,5.044176323138933604e-01,5.380221766270981698e-01,4.973664670979686120e-01,1.000000000000000000e+00,4.906703557376234648e-01,4.170767577976944862e-01,-6.058473730178480510e-02,-8.261384982590291859e-02,-9.818357840371884360e-02,-5.368828204918610347e-02,-6.519791238826616597e-02,-8.180040167588273348e-02,-2.676916073365452620e-02,-1.109914812755140451e-01,-5.913247496127453651e-02,-1.590667487987542164e-02,-9.400661492400187724e-02,-3.222830659269987352e-02,-5.587879747275305287e-02,-1.889401224185829550e-02,5.669657772021004238e-03,-5.557342931708040418e-02,2.217826108356255044e-02,-8.284704061357802893e-03,-6.391879873998080122e-03,1.286980728474332314e-02,-1.969202301706404062e-02,-1.977239393772886947e-02
1.698077981849129003e-01,1.837265125506775676e-01,1.991510545713038871e-01,2.363485422109012357e-01,2.199236675575008959e-01,3.791054374835132745e-01,3.663800419129285557e-01,6.347874643957287510e-01,5.201843502364739136e-01,4.906703557376234648e-01,1.000000000000000000e+00,3.315850952398995410e-01,-2.675808347472933765e-02,4.046155391052616013e-01,1.435659218180406795e-02,7.524591982885439449e-03,2.975595297239889137e-01,1.160215117845897481e-02,7.164285968020898954e-02,1.646622046550678953e-01,2.568876649241118651e-02,6.913485780584803508e-02,1.036153329656855221e-01,1.400864547724196482e-02,-2.010938576784015649e-02,3.011411976578872232e-02,5.778719930628942875e-02,1.348206785580692915e-02,7.147538856906768268e-02,9.019988604325599596e-03,1.872983529651344597e-02,1.340800785627849039e-02,5.798897042033903607e-04,-8.213818836200101683e-03
2.162100948567934333e-01,2.065116705317329160e-01,1.917835635563934771e-01,2.854602735997299745e-01,2.328401148213808947e-01,4.219787922881294007e-01,5.698566264396535130e-01,3.907086863580890856e-01,7.751933814317891747e-01,4.170767577976944862e-01,3.315850952398995410e-01,1.000000000000000000e+00,3.100520809322676041e-01,1.822727385753210028e-01,1.944717373729196730e-01,2.756633523525484630e-01,1.399302329235365128e-01,1.845220028133474910e-01,2.281526159526474362e-01,7.116379136321768217e-02,1.888146493116490132e-01,1.901365934216332765e-01,2.887634605382918829e-02,1.940196950448302982e-01,5.081362987062029712e-02,1.387224713902224793e-01,1.170359672627519915e-01,6.812495960351677704e-02,1.407100465309853721e-01,1.020730121131188106e-01,7.406319034551678282e-02,9.181330769418358240e-02,4.666251337399994481e-02,2.851950988283959501e-02
3.190149060651177593e-02,1.296581548321589991e-02,6.013617801768843252e-02,4.188555834755509910e-02,2.230017497623090761e-02,1.465300394160267972e-01,1.715800820666383841e-01,6.933447610205380196e-02,1.083392635670495929e-01,-6.058473730178480510e-02,-2.675808347472933765e-02,3.100520809322676041e-01,1.000000000000000000e+00,5.139974752990179585e-01,5.655837662684534140e-01,7.568651528924444927e-01,4.163853708989565527e-01,4.593966562597527337e-01,4.994849390853119409e-01,2.947925672403596820e-01,4.014330037618776270e-01,3.853557666315814978e-01,2.531281891199235190e-01,3.354978117603820142e-01,1.634259041988789796e-01,1.767169304832053589e-01,1.965580831222250580e-01,1.597980087505843083e-01,1.737710736175401838e-01,1.280076758469028408e-01,1.003882692400467902e-01,9.905041910502361546e-02,4.457355311341596599e-02,8.586484013550129139e-05
9.093303771683447501e-02,7.646183815210759460e-02,1.144686416483791935e-01,1.189639255760401582e-01,9.649453989577903845e-02,2.302125516933336835e-01,1.588763407030988062e-01,2.243406299324833264e-01,1.702195854738844105e-01,-8.261384982590291859e-02,4.046155391052616013e-01,1.822727385753210028e-01,5.139974752990179585e-01,1.000000000000000000e+00,5.082489276542569989e-01,4.453295009690064754e-01,7.629619372249197840e-01,4.038751748600337144e-01,3.599254349621242577e-01,4.960708718094316017e-01,3.752554801993618905e-01,2.974016909292075406e-01,3.695865499027750078e-01,2.785677547723734993e-01,1.610292467335925626e-01,1.823286816076312156e-01,2.164762316639550765e-01,1.540914887843131964e-01,1.891037872251070950e-01,1.161049486701553474e-01,9.018426343669649903e-02,1.094894265592648297e-01,5.743911961736200555e-02,3.214514459814222375e-02
3.474108209323555768e-02,2.475100707439539457e-02,7.880373848729387010e-02,4.708562236118003091e-02,2.569517305826567524e-02,1.216622666708223055e-01,7.286026172227035025e-02,7.387820209749551732e-03,5.969049828135099961e-02,-9.818357840371884360e-02,1.435659218180406795e-02,1.944717373729196730e-01,5.655837662684534140e-01,5.082489276542569989e-01,1.000000000000000000e+00,5.214466612636456944e-01,5.010217288605743891e-01,7.786911842200427980e-01,4.326503643492968232e-01,3.619534469986815384e-01,6.241792349164567710e-01,3.414411543967749707e-01,2.962653802269851755e-01,4.638700197164541406e-01,2.251157614948987029e-01,2.104012754927649109e-01,2.808761437750244561e-01,1.712148877741693220e-01,1.958782509054393661e-01,1.599527112891649117e-01,8.957153780297701096e-02,1.260715174730535348e-01,4.188209129910884509e-02,4.123746928354391807e-03
5.312436646578744259e-02,2.851393581114559581e-02,6.882273331693766760e-02,3.701134002535858003e-02,2.919230394828295841e-02,1.134592720126872678e-01,1.443867773085282802e-01,7.489474886826973099e-02,1.115923843712455371e-01,-5.368828204918610347e-02,7.524591982885439449e-03,2.756633523525484630e-01,7.568651528924444927e-01,4.453295009690064754e-01,5.214466612636456944e-01,1.000000000000000000e+00,5.034777424167459214e-01,4.572629457965953215e-01,6.476481756681851110e-01,3.661466985715695621e-01,4.112211580313276937e-01,4.976322618920674956e-01,3.090526511721103375e-01,3.507868601667147312e-01,1.752675529020642498e-01,1.777448284167100212e-01,2.050944265072983386e-01,1.584348559725017036e-01,1.824799343999031487e-01,1.353911234496369687e-01,1.038018107716314059e-01,1.106755487931125742e-01,5.101131350106555273e-02,9.098657458211461407e-03
6.174082345492913626e-02,5.447976143218459522e-02,9.635131817791417475e-02,7.691816327797318387e-02,7.652153414804747922e-02,1.785287776536875204e-01,1.403737622695669929e-01,1.674906965874924103e-01,1.201998442935624939e-01,-6.519791238826616597e-02,2.975595297239889137e-01,1.399302329235365128e-01,4.163853708989565527e-01,7.629619372249197840e-01,5.010217288605743891e-01,5.034777424167459214e-01,1.000000000000000000e+00,4.903475055633226831e-01,4.438037765941753032e-01,6.519595463694557447e-01,4.539399924698820366e-01,3.623474445294405100e-01,4.734001611553023126e-01,3.041082697178136840e-01,1.676344181390151122e-01,1.795776674591978705e-01,2.256030226068576894e-01,1.698068036475701703e-01,2.053652277542154792e-01,1.370784539317974615e-01,1.024658439792112824e-01,1.279325796982363483e-01,6.316828024701505451e-02,3.676420911953613008e-02
1.470793803875586336e-02,1.675004012519330787e-02,5.090012572789554685e-02,1.506064896578841565e-02,2.470947351357209091e-04,8.707501005004940342e-02,6.348889665999364607e-02,4.867870291159523410e-03,6.580781359028614608e-02,-8.180040167588273348e-02,1.160215117845897481e-02,1.845220028133474910e-01,4.593966562597527337e-01,4.038751748600337144e-01,7.786911842200427980e-01,4.572629457965953215e-01,4.903475055633226831e-01,1.000000000000000000e+00,5.110513518235845210e-01,4.120911998365145434e-01,7.818080294500969751e-01,4.003459135030878469e-01,3.443811122066408048e-01,5.695750977953255578e-01,2.768731613059376429e-01,2.723231309026284963e-01,3.344143233998997933e-01,2.028146731134528591e-01,2.402926386738244158e-01,1.845275810286881313e-01,1.061238340609594322e-01,1.629389879052837442e-01,6.469158494865320796e-02,2.832112431255746562e-02
6.672054772613288109e-02,1.026094459914390737e-02,6.353071524476705534e-02,4.593227502098871928e-02,7.721902950183983684e-03,1.288613547273436133e-01,9.868319842921814689e-02,1.032803526601180216e-01,1.023504639263948801e-01,-2.676916073365452620e-02,7.164285968020898954e-02,2.281526159526474362e-01,4.994849390853119409e-01,3.599254349621242577e-01,4.326503643492968232e-01,6.476481756681851110e-01,4.438037765941753032e-01,5.110513518235845210e-01,1.000000000000000000e+00,5.135289558076693295e-01,5.143507249133459913e-01,7.881080354573112290e-01,4.535357253580524217e-01,4.385038280314131898e-01,2.097030488071196797e-01,2.113020395493969972e-01,2.749948224603206426e-01,1.623915017235189606e-01,2.426521533091532401e-01,1.789394198091284194e-01,1.119707449881488792e-01,1.672377057386612575e-01,8.036068556405799590e-02,2.503839802932183306e-02
2.926494097054302759e-02,1.398418357505060161e-02,4.297675280107827317e-02,2.537406469086360070e-02,3.333838458734258992e-02,8.894697086783984186e-02,4.722537247207655303e-02,7.539641282025649760e-02,3.303828625157970850e-02,-1.109914812755140451e-01,1.646622046550678953e-01,7.116379136321768217e-02,2.947925672403596820e-01,4.960708718094316017e-01,3.619534469986815384e-01,3.661466985715695621e-01,6.519595463694557447e-01,4.120911998365145434e-01,5.135289558076693295e-01,1.000000000000000000e+00,5.121237606525230746e-01,4.164124876060512070e-01,7.217361072831351976e-01,2.826887431549398033e-01,1.531658209192495457e-01,1.371590695166704787e-01,2.115191750572971707e-01,1.063129035521104410e-01,1.700343288808384978e-01,1.048219582621140455e-01,6.307599692525663049e-02,1.055798585170904802e-01,4.385342542331800708e-02,3.221836021147495011e-02
1.839669402063471865e-03,-1.133723965927786867e-03,3.389081395485003811e-02,-9.955558657772358919e-04,-1.897651784679074347e-02,8.506265459443547450e-02,5.431776796164669574e-02,1.354526798504352043e-02,7.050901448699634089e-02,-5.913247496127453651e-02,2.568876649241118651e-02,1.888146493116490132e-01,4.014330037618776270e-01,3.752554801993618905e-01,6.241792349164567710e-01,4.112211580313276937e-01,4.539399924698820366e-01,7.818080294500969751e-01,5.143507249133459913e-01,5.121237606525230746e-01,1.000000000000000000e+00,4.989307623586120566e-01,4.654779238714351619e-01,7.032148241210821604e-01,3.603128881704158459e-01,3.130180139879134571e-01,4.336406494572770942e-01,2.280833993747451716e-01,3.040035288823608184e-01,2.256769582752756464e-01,1.274411785147225029e-01,2.100778338092249842e-01,9.347210937614305881e-02,5.048067725615895673e-02
4.961660440424360552e-02,1.711439640981722923e-02,4.749316838254119544e-02,4.441936452850943351e-02,9.291333071495917403e-03,1.176283349514847532e-01,8.212080787263575932e-02,9.234018342354330389e-02,8.653693242721603729e-02,-1.590667487987542164e-02,6.913485780584803508e-02,1.901365934216332765e-01,3.853557666315814978e-01,2.974016909292075406e-01,3.414411543967749707e-01,4.976322618920674956e-01,3.623474445294405100e-01,4.003459135030878469e-01,7.881080354573112290e-01,4.164124876060512070e-01,4.989307623586120566e-01,1.000000000000000000e+00,5.109780957290965819e-01,4.787035790085657494e-01,2.191694023396141000e-01,2.274754393544535236e-01,3.094557993083690284e-01,1.551498832690792751e-01,2.788596790871831765e-01,2.043295193039095792e-01,1.389359865894642110e-01,1.791466484621300481e-01,9.766621183477162960e-02,4.056510829877963548e-02
2.583177946287457810e-02,-6.058862301398860659e-03,2.710588276189722368e-02,8.961879845226373986e-03,1.788505942193741732e-02,4.789647292762581193e-02,1.794754865144035372e-02,4.869544195122092745e-02,-8.345909484147161911e-03,-9.400661492400187724e-02,1.036153329656855221e-01,2.887634605382918829e-02,2.531281891199235190e-01,3.695865499027750078e-01,2.962653802269851755e-01,3.090526511721103375e-01,4.734001611553023126e-01,3.443811122066408048e-01,4.535357253580524217e-01,7.217361072831351976e-01,4.654779238714351619e-01,5.109780957290965819e-01,1.000000000000000000e+00,2.950689456320141901e-01,1.791035759050751131e-01,1.261993566919484000e-01,2.477661413104826349e-01,9.790238657730213068e-02,2.058668819933409666e-01,1.252529875700050255e-01,1.032329422212208414e-01,1.205309343429703112e-01,7.350934665065787799e-02,6.134092884189126793e-02
6.516859136897777682e-03,9.073255742265482274e-03,3.777265348026477565e-02,9.911614830404756257e-03,-2.078927317163954680e-02,6.522082926146138826e-02,5.013215276961952016e-02,1.813759657670263245e-02,7.860271549795873336e-02,-3.222830659269987352e-02,1.400864547724196482e-02,1.940196950448302982e-01,3.354978117603820142e-01,2.785677547723734993e-01,4.638700197164541406e-01,3.507868601667147312e-01,3.041082697178136840e-01,5.695750977953255578e-01,4.385038280314131898e-01,2.826887431549398033e-01,7.032148241210821604e-01,4.787035790085657494e-01,2.950689456320141901e-01,1.000000000000000000e+00,5.186523157724298727e-01,5.522820386101243706e-01,5.654881034312592147e-01,3.668234553283702959e-01,4.099877011042209474e-01,3.105565691534492578e-01,1.983181245467957876e-01,2.905092726667503067e-01,1.621581114689039371e-01,8.255362699485280231e-02
-1.614617003980658647e-02,6.500401241883196034e-03,8.187999917493854821e-03,-1.907054952885416099e-02,-5.338081792168357376e-02,-2.316393260435388110e-02,-2.582579544327266372e-02,-1.323886134601859679e-02,-1.878301902088803585e-02,-5.587879747275305287e-02,-2.010938576784015649e-02,5.081362987062029712e-02,1.634259041988789796e-01,1.610292467335925626e-01,2.251157614948987029e-01,1.752675529020642498e-01,1.676344181390151122e-01,2.768731613059376429e-01,2.097030488071196797e-01,1.531658209192495457e-01,3.603128881704158459e-01,2.191694023396141000e-01,1.791035759050751131e-01,5.186523157724298727e-01,1.000000000000000000e+00,5.478390828515108391e-01,6.377008778151421753e-01,5.771758655249770165e-01,3.064824015195684037e-01,2.754879744437207512e-01,1.541387752008733236e-01,2.258129420033021251e-01,1.269044135381028060e-01,5.534043915845580919e-02
3.645543957556998671e-02,5.406782952512117352e-02,4.419137589528931986e-02,4.324129599959171399e-02,1.984415451240440290e-02,3.678457421627064766e-02,5.461114843141363223e-02,2.302036593192534689e-02,7.394549535991988554e-02,-1.889401224185829550e-02,3.011411976578872232e-02,1.387224713902224793e-01,1.767169304832053589e-01,1.823286816076312156e-01,2.104012754927649109e-01,1.777448284167100212e-01,1.795776674591978705e-01,2.723231309026284963e-01,2.113020395493969972e-01,1.371590695166704787e-01,3.130180139879134571e-01,2.274754393544535236e-01,1.261993566919484000e-01,5.522820386101243706e-01,5.478390828515108391e-01,1.000000000000000000e+00,5.505806492755215276e-01,6.497378989052973175e-01,4.556689908237962494e-01,3.801292414872122771e-01,2.528424791572849162e-01,3.308167319198525025e-01,2.075998517908317353e-01,1.196728247278870672e-01
6.151146115945776982e-03,3.604569159343638807e-02,5.710402413222109147e-02,1.066196049662719580e-02,1.177612954092173946e-02,4.647150530313101657e-02,4.517740019227917125e-02,6.755587771231003069e-02,7.547775148607553664e-02,5.669657772021004238e-03,5.778719930628942875e-02,1.170359672627519915e-01,1.965580831222250580e-01,2.164762316639550765e-01,2.808761437750244561e-01,2.050944265072983386e-01,2.256030226068576894e-01,3.344143233998997933e-01,2.749948224603206426e-01,2.115191750572971707e-01,4.336406494572770942e-01,3.094557993083690284e-01,2.477661413104826349e-01,5.654881034312592147e-01,6.377008778151421753e-01,5.505806492755215276e-01,1.000000000000000000e+00,5.482919300021500408e-01,5.856512280806012161e-01,4.698794421731439797e-01,2.765075280643933264e-01,4.073968130165909751e-01,2.322306323604791667e-01,1.431080292624751504e-01
-6.598211526414132430e-03,1.983906396984311260e-02,8.189482298860528003e-03,-3.682170883914514300e-03,-1.589878086238177488e-02,-1.966278505508613217e-02,1.464757522844354655e-02,4.508969992310590293e-03,2.354030173145153434e-02,-5.557342931708040418e-02,1.348206785580692915e-02,6.812495960351677704e-02,1.597980087505843083e-01,1.540914887843131964e-01,1.712148877741693220e-01,1.584348559725017036e-01,1.698068036475701703e-01,2.028146731134528591e-01,1.623915017235189606e-01,1.063129035521104410e-01,2.280833993747451716e-01,1.551498832690792751e-01,9.790238657730213068e-02,3.668234553283702959e-01,5.771758655249770165e-01,6.497378989052973175e-01,5.482919300021500408e-01,1.000000000000000000e+00,3.680365542725151373e-01,4.100661351365751384e-01,3.028414292236298322e-01,3.298695609733632295e-01,2.356581709636495214e-01,1.218504954361761261e-01
1.294446449262413000e-02,3.636781198240490037e-02,3.160840895582682497e-02,3.884176169068597612e-02,3.594436832667244341e-02,6.526320033285953892e-02,7.086049978849122410e-02,8.639565371246507586e-02,1.069443712445968114e-01,2.217826108356255044e-02,7.147538856906768268e-02,1.407100465309853721e-01,1.737710736175401838e-01,1.891037872251070950e-01,1.958782509054393661e-01,1.824799343999031487e-01,2.053652277542154792e-01,2.402926386738244158e-01,2.426521533091532401e-01,1.700343288808384978e-01,3.040035288823608184e-01,2.788596790871831765e-01,2.058668819933409666e-01,4.099877011042209474e-01,3.064824015195684037e-01,4.556689908237962494e-01,5.856512280806012161e-01,3.680365542725151373e-01,1.000000000000000000e+00,5.220385644560980865e-01,5.289902930072473142e-01,5.623982329160841509e-01,3.557881140756870009e-01,3.023746671226992810e-01
3.341704124051799590e-02,7.591602569405828116e-02,5.147291144679464608e-02,5.824943879749596570e-02,4.058380868491366644e-02,4.377640981607962972e-02,2.464874375351756852e-02,2.172846299580500143e-02,5.673853659761398521e-02,-8.284704061357802893e-03,9.019988604325599596e-03,1.020730121131188106e-01,1.280076758469028408e-01,1.161049486701553474e-01,1.599527112891649117e-01,1.353911234496369687e-01,1.370784539317974615e-01,1.845275810286881313e-01,1.789394198091284194e-01,1.048219582621140455e-01,2.256769582752756464e-01,2.043295193039095792e-01,1.252529875700050255e-01,3.105565691534492578e-01,2.754879744437207512e-01,3.801292414872122771e-01,4.698794421731439797e-01,4.100661351365751384e-01,5.220385644560980865e-01,1.000000000000000000e+00,5.289402579930225778e-01,6.368504370126701897e-01,4.968310396467053858e-01,2.316156423545696064e-01
-3.604542513167681601e-03,2.482535309920091970e-02,1.844013330480557015e-03,1.030014007098478852e-02,1.118167534848110191e-02,-1.235004774394418692e-02,3.949606311562191968e-02,3.571296244757977273e-02,5.614608971919562291e-02,-6.391879873998080122e-03,1.872983529651344597e-02,7.406319034551678282e-02,1.003882692400467902e-01,9.018426343669649903e-02,8.957153780297701096e-02,1.038018107716314059e-01,1.024658439792112824e-01,1.061238340609594322e-01,1.119707449881488792e-01,6.307599692525663049e-02,1.274411785147225029e-01,1.389359865894642110e-01,1.032329422212208414e-01,1.983181245467957876e-01,1.541387752008733236e-01,2.528424791572849162e-01,2.765075280643933264e-01,3.028414292236298322e-01,5.289902930072473142e-01,5.289402579930225778e-01,1.000000000000000000e+00,5.232954583411616456e-01,6.047258509943839178e-01,5.318115352152074093e-01
2.244171788126532799e-02,4.209583609522019737e-02,3.595716230184930334e-02,3.750351140618175816e-02,2.388560817569578693e-02,3.864938305546850028e-02,2.871235124834238192e-02,3.067781806154181931e-02,5.961887220333068893e-02,1.286980728474332314e-02,1.340800785627849039e-02,9.181330769418358240e-02,9.905041910502361546e-02,1.094894265592648297e-01,1.260715174730535348e-01,1.106755487931125742e-01,1.279325796982363483e-01,1.629389879052837442e-01,1.672377057386612575e-01,1.055798585170904802e-01,2.100778338092249842e-01,1.791466484621300481e-01,1.205309343429703112e-01,2.905092726667503067e-01,2.258129420033021251e-01,3.308167319198525025e-01,4.073968130165909751e-01,3.298695609733632295e-01,5.623982329160841509e-01,6.368504370126701897e-01,5.232954583411616456e-01,1.000000000000000000e+00,5.511661484158494329e-01,3.660501582618184702e-01
8.695851367479171326e-03,2.045408704871721356e-02,4.962863537920745791e-03,1.612455160933260953e-02,-1.738933952975117367e-02,-1.860202880120208346e-02,9.519750947042920214e-03,9.724735665793557632e-04,3.637274799435889772e-02,-1.969202301706404062e-02,5.798897042033903607e-04,4.666251337399994481e-02,4.457355311341596599e-02,5.743911961736200555e-02,4.188209129910884509e-02,5.101131350106555273e-02,6.316828024701505451e-02,6.469158494865320796e-02,8.036068556405799590e-02,4.385342542331800708e-02,9.347210937614305881e-02,9.766621183477162960e-02,7.350934665065787799e-02,1.621581114689039371e-01,1.269044135381028060e-01,2.075998517908317353e-01,2.322306323604791667e-01,2.356581709636495214e-01,3.557881140756870009e-01,4.968310396467053858e-01,6.047258509943839178e-01,5.511661484158494329e-01,1.000000000000000000e+00,6.766687262212561782e-01
6.503714658906473503e-03,1.980001726105209969e-02,-6.974456869129624578e-03,1.769830085676664735e-02,1.616791012243536932e-03,-3.439848919058256793e-02,3.495578262302471290e-02,-7.269662388436337868e-04,3.723936939350110109e-02,-1.977239393772886947e-02,-8.213818836200101683e-03,2.851950988283959501e-02,8.586484013550129139e-05,3.214514459814222375e-02,4.123746928354391807e-03,9.098657458211461407e-03,3.676420911953613008e-02,2.832112431255746562e-02,2.503839802932183306e-02,3.221836021147495011e-02,5.048067725615895673e-02,4.056510829877963548e-02,6.134092884189126793e-02,8.255362699485280231e-02,5.534043915845580919e-02,1.196728247278870672e-01,1.431080292624751504e-01,1.218504954361761261e-01,3.023746671226992810e-01,2.316156423545696064e-01,5.318115352152074093e-01,3.660501582618184702e-01,6.766687262212561782e-01,1.000000000000000000e+00
