1.000000000000000000e+00,4.760394942174507871e-01,3.169911450591388347e-01,1.270883243255260808e-01,4.559950765729662431e-02,3.444232499148910942e-02,-2.859473456094605015e-02,2.711416048437011520e-02,1.574092622123899471e-02,-6.555530655419780639e-02,-8.377281370579620079e-02,-5.460912005044080836e-02,-5.540832473657102131e-02,-6.421911492830059687e-02,-5.751295461922272673e-02,-3.446729670521312544e-02,-1.391547213097684213e-02,-2.741919031754400105e-02,1.644263467444767937e-02,1.059090851479422071e-02,2.251069289484852742e-02,6.315338553908468773e-03,-3.352749926014634251e-03,-1.690773654274645111e-03,-4.423237246487201485e-02,2.767765601696516725e-02,3.870037443980962194e-02,-2.399741246436186415e-02,-6.541247925553085596e-02,-6.092546649028258987e-02,-3.323860769785735164e-02,-4.117467031569919944e-02
4.760394942174507871e-01,1.000000000000000000e+00,5.718292107894678011e-01,2.013887517750219958e-01,7.969303634596655236e-03,-7.840676785776908020e-02,-1.147200811885602245e-01,-9.303310508617201879e-02,-6.944240222668549012e-02,-9.023137415750813461e-02,-6.935643079192918559e-02,-1.014453299876795500e-01,-6.374600756782634881e-02,-7.764888999108407464e-02,-1.128542768145518321e-01,-7.527785822001850646e-02,-4.137717015141754301e-02,-4.326012375570032625e-02,4.454248867844503787e-03,1.205672136227386483e-02,4.152228480002903566e-02,3.865348210830626963e-02,1.896143039128561983e-02,5.883878305952763496e-03,3.153195234606443603e-02,5.625918498213756253e-02,-1.626718082119877132e-02,-3.804430524422628551e-02,5.150890415199294026e-02,-1.356619670031225348e-02,-2.098514532434641103e-02,-2.598393709254241332e-02
3.169911450591388347e-01,5.718292107894678011e-01,1.000000000000000000e+00,5.720307182654126299e-01,1.217761504260635730e-01,-5.394607324609171362e-02,-1.088264533112951460e-01,-8.945824538326975495e-02,-9.099831686760306848e-02,-9.604278460327500544e-02,-8.673842624848859817e-02,-7.233626137599340200e-02,-8.975557888130455964e-02,-8.689442371031930179e-02,-1.465109480594616043e-01,-1.199729933559483819e-01,-1.001051484999359170e-01,-7.361113000378198545e-02,-2.690151872109990128e-02,-2.371600171197619719e-02,2.172108505876304760e-02,4.335126050798360914e-02,6.536341519096532104e-02,-2.961779194707041263e-02,1.563175279438342889e-03,4.280668875798795958e-02,-5.552655449605173321e-02,-9.174359098281265057e-03,5.127286975623503856e-02,-3.200600205754615402e-02,-6.499815037810997842e-02,-8.572474384205525100e-02
1.270883243255260808e-01,2.013887517750219958e-01,5.720307182654126299e-01,1.000000000000000000e+00,4.311301970821486140e-01,9.316293092005246967e-02,-3.987131159050161244e-02,-3.924844269339658465e-02,-3.321168335415882605e-02,-7.294722263182909505e-02,-5.509221178255541140e-02,-3.105575922370017172e-02,-6.494629085967963678e-02,-4.877658236546621173e-02,-1.027153758874882195e-01,-9.675067393027451945e-02,-8.357687385936977964e-02,-8.659470999217645792e-02,-3.112675950360077604e-02,-3.281514232007001763e-02,-1.599843431326588433e-02,-9.785020227496760755e-04,-8.962668136306235420e-03,-8.782281775680093883e-02,-3.426761042189084561e-02,-1.745955825783798016e-02,-7.190173833956903238e-02,-3.032368658423674479e-02,3.926369680813353302e-02,-5.572520763368114805e-02,-1.067016425044487182e-01,-8.358821835068443173e-02
4.559950765729662431e-02,7.969303634596655236e-03,1.217761504260635730e-01,4.311301970821486140e-01,1.000000000000000000e+00,5.221509976007562281e-01,1.749686829193241866e-01,6.951669886826707112e-02,6.817295908872489374e-02,6.885110601094234992e-03,1.135354036263026833e-02,7.028208427237518131e-03,-5.590980096464821109e-03,1.245867029671794517e-02,-2.722021257410106240e-02,-1.198079509755071125e-02,-4.312916722227731758e-02,-8.152258941184652163e-02,-7.330136634659525918e-02,-5.050047038143486849e-02,-4.817641220499304690e-03,-2.248009399274236361e-02,-8.533858715836897813e-02,-1.216381813281899454e-01,-1.180855126454999071e-01,-1.127229595076484764e-01,-7.749449184753150199e-02,-1.312738401437247571e-01,-1.616438137470588982e-02,-5.251306790033527516e-02,-4.669382514780003740e-02,-3.525218340008315354e-02
3.444232499148910942e-02,-7.840676785776908020e-02,-5.394607324609171362e-02,9.316293092005246967e-02,5.221509976007562281e-01,1.000000000000000000e+00,5.046431028272303498e-01,2.562669980976193251e-01,1.779743821075225885e-01,1.011929139446377246e-01,6.980418673741976832e-02,4.120654261127838086e-02,1.025613932996931460e-01,6.226171118907027069e-02,4.040210472406794567e-02,4.831757043376032346e-02,-1.125081114824271790e-02,-5.654620082786598889e-02,-1.077162179627893651e-01,-1.220946447784959643e-01,-7.133022851141017362e-02,-8.784179846315047502e-02,-1.402536146249085403e-01,-1.795742773391887370e-01,-1.888104823689465417e-01,-1.262608582119862100e-01,-5.944878818525409225e-02,-1.306302589996486685e-01,-5.835515937225668748e-02,-4.346415397139112569e-02,-1.894561357176354974e-02,-1.985110267195926842e-02
-2.859473456094605015e-02,-1.147200811885602245e-01,-1.088264533112951460e-01,-3.987131159050161244e-02,1.749686829193241866e-01,5.046431028272303498e-01,1.000000000000000000e+00,4.829247766317203427e-01,2.117858758648756279e-01,1.415241206373306082e-01,4.203731170154664798e-02,-5.296645300074055013e-03,1.025875370856875052e-01,3.307514836421008436e-02,6.414353650268754883e-03,3.194051599019610832e-02,-1.179591228130723313e-02,-1.469688328059411825e-02,-9.238833652049514844e-02,-8.767397757054375129e-02,-7.155434711005929926e-02,-7.276692082315244781e-02,-9.297198991262421719e-02,-1.419183618009680903e-01,-1.848268066084101380e-01,-1.375261285302691872e-01,-6.705616315550001760e-02,-1.041008830923650652e-01,-1.157022805437724899e-01,-6.329269980231702619e-02,1.011266684164955146e-02,3.928126369386941014e-02
2.711416048437011520e-02,-9.303310508617201879e-02,-8.945824538326975495e-02,-3.924844269339658465e-02,6.951669886826707112e-02,2.562669980976193251e-01,4.829247766317203427e-01,1.000000000000000000e+00,4.544323725321038898e-01,1.414588217195865694e-01,1.456481048003834683e-02,-1.558174297679570941e-02,6.396842466161332952e-02,-5.274825079520786136e-02,-2.342530389437079419e-02,2.067068035893253677e-02,7.496899874541968802e-03,-3.165404379713275713e-03,-6.446407412363160117e-02,-6.098136593389800325e-02,-4.801248490117838996e-02,-7.078743045126199840e-02,-7.882721544410763170e-02,-7.973822058539917212e-02,-1.327959141925411368e-01,-6.084755063582205498e-02,-1.093164154366124685e-02,-6.551279841826487815e-02,-1.281670585030646459e-01,-1.024666565449510180e-01,1.114998493734028128e-03,1.277281426302033333e-02
1.574092622123899471e-02,-6.944240222668549012e-02,-9.099831686760306848e-02,-3.321168335415882605e-02,6.817295908872489374e-02,1.779743821075225885e-01,2.117858758648756279e-01,4.544323725321038898e-01,1.000000000000000000e+00,4.408087174896139215e-01,2.533374193012821185e-01,1.608071483427740145e-01,1.204821280305254372e-01,6.292122541904175692e-02,4.550501524856777336e-02,3.683155636519748477e-02,-2.280420325684769101e-02,-6.375590629083437155e-02,-1.222654714703601542e-01,-1.112484308672234967e-01,-8.723314127577545818e-02,-9.230605245172894546e-02,-1.469040604768276914e-01,-1.101140467031545139e-01,-1.179772516374589381e-01,-1.004284736200951322e-01,-2.574003959726480287e-02,-8.804217532688198011e-02,-9.608102116001400461e-02,-7.883628264849561196e-02,-3.980688736937658401e-02,-4.441070669381878139e-03
-6.555530655419780639e-02,-9.023137415750813461e-02,-9.604278460327500544e-02,-7.294722263182909505e-02,6.885110601094234992e-03,1.011929139446377246e-01,1.415241206373306082e-01,1.414588217195865694e-01,4.408087174896139215e-01,1.000000000000000000e+00,5.469332557547215146e-01,2.000578835453082349e-01,2.466506469929570233e-01,1.669694172494990136e-01,1.043559379856854735e-01,5.735356285534492365e-02,-1.973739486871576437e-02,-7.308185290292407155e-02,-9.839441890818775849e-02,-9.886890290865821274e-02,-1.062485514190728841e-01,-1.474919256680018442e-01,-1.793460616055190804e-01,-1.443263015167138841e-01,-1.429578335031974068e-01,-1.027333372199363826e-01,-6.979960421818742766e-02,-5.159716238551381035e-02,-5.783039900737702022e-02,-1.640399639855331243e-02,1.251135731365623713e-02,9.146563630954826496e-03
-8.377281370579620079e-02,-6.935643079192918559e-02,-8.673842624848859817e-02,-5.509221178255541140e-02,1.135354036263026833e-02,6.980418673741976832e-02,4.203731170154664798e-02,1.456481048003834683e-02,2.533374193012821185e-01,5.469332557547215146e-01,1.000000000000000000e+00,4.720639779447223794e-01,3.270890334357946516e-01,3.298554988987015824e-01,2.041853017829602657e-01,1.106775583245115102e-01,-8.209891266560426920e-03,-7.440056254260486723e-02,-1.060756568070914396e-01,-1.471709557761831377e-01,-1.262454022489993000e-01,-1.519580683754923611e-01,-1.713557827939885536e-01,-1.363149436408560844e-01,-1.249902019966122185e-01,-1.476058201371635570e-01,-9.735152635490305906e-02,-5.910119225556651618e-02,-6.417068462939169715e-02,-5.383106168707139927e-02,-4.249465963234427823e-02,-3.853159577671667196e-02
-5.460912005044080836e-02,-1.014453299876795500e-01,-7.233626137599340200e-02,-3.105575922370017172e-02,7.028208427237518131e-03,4.120654261127838086e-02,-5.296645300074055013e-03,-1.558174297679570941e-02,1.608071483427740145e-01,2.000578835453082349e-01,4.720639779447223794e-01,1.000000000000000000e+00,4.695181449014427799e-01,3.470979978958522172e-01,3.364947399959294372e-01,1.323706686230316232e-01,-3.506916869720008711e-02,-1.098519148823455110e-01,-1.351936452434440439e-01,-1.475987864757143941e-01,-1.188816786315162050e-01,-1.207675068396486806e-01,-1.526588620964925702e-01,-1.062212901519381386e-01,-1.385898889588541294e-01,-1.590993530990299776e-01,-1.086506215620252069e-01,-7.705320284667832587e-02,-6.853284405051399131e-02,-5.463876813446931491e-02,-6.575702206103568870e-02,-3.757487096184529418e-02
-5.540832473657102131e-02,-6.374600756782634881e-02,-8.975557888130455964e-02,-6.494629085967963678e-02,-5.590980096464821109e-03,1.025613932996931460e-01,1.025875370856875052e-01,6.396842466161332952e-02,1.204821280305254372e-01,2.466506469929570233e-01,3.270890334357946516e-01,4.695181449014427799e-01,1.000000000000000000e+00,5.011993113642034814e-01,3.546546373180225475e-01,2.282780713313915244e-01,4.212429714415449195e-02,-5.016611507765649652e-02,-1.253591894788274597e-01,-1.684963349936693111e-01,-1.899721348834782220e-01,-2.323292332498083368e-01,-2.267629682832854043e-01,-1.773256812066418553e-01,-1.870212051302867218e-01,-1.534259571705038627e-01,-9.414407098429801446e-02,-4.588066105642692183e-02,-5.442625722103663910e-02,-3.211194951147330195e-02,-2.535146863457511668e-02,-2.885458212058238103e-02
-6.421911492830059687e-02,-7.764888999108407464e-02,-8.689442371031930179e-02,-4.877658236546621173e-02,1.245867029671794517e-02,6.226171118907027069e-02,3.307514836421008436e-02,-5.274825079520786136e-02,6.292122541904175692e-02,1.669694172494990136e-01,3.298554988987015824e-01,3.470979978958522172e-01,5.011993113642034814e-01,1.000000000000000000e+00,4.082587727622645768e-01,2.333945306605117453e-01,4.155826114102317836e-02,-4.644751187174007978e-02,-7.508408147750141037e-02,-1.015161146677462517e-01,-1.124005719810146214e-01,-1.771467241515992386e-01,-1.738358647326468664e-01,-1.125343253429923196e-01,-1.274516515285370744e-01,-1.696993981414428032e-01,-9.469575073737959703e-02,-4.777865114853223349e-02,-5.211383674500398577e-02,1.993849964917023335e-02,-1.738583502716855092e-02,-3.393536085554306470e-02
-5.751295461922272673e-02,-1.128542768145518321e-01,-1.465109480594616043e-01,-1.027153758874882195e-01,-2.722021257410106240e-02,4.040210472406794567e-02,6.414353650268754883e-03,-2.342530389437079419e-02,4.550501524856777336e-02,1.043559379856854735e-01,2.041853017829602657e-01,3.364947399959294372e-01,3.546546373180225475e-01,4.082587727622645768e-01,1.000000000000000000e+00,4.349350139332643916e-01,1.611478257584249563e-01,9.258503968909041282e-04,-1.276398713517679084e-01,-1.544498840528497619e-01,-2.122506081197643724e-01,-2.074565493148095296e-01,-1.942550499822474908e-01,-1.028677238119088122e-01,-1.198172259143666235e-01,-1.068187360586147078e-01,-5.659774385136762814e-02,-7.812249925105146410e-03,-5.694783196424129529e-02,2.020179022594475321e-03,-1.376578488524534891e-02,-1.825742030778277486e-02
-3.446729670521312544e-02,-7.527785822001850646e-02,-1.199729933559483819e-01,-9.675067393027451945e-02,-1.198079509755071125e-02,4.831757043376032346e-02,3.194051599019610832e-02,2.067068035893253677e-02,3.683155636519748477e-02,5.735356285534492365e-02,1.106775583245115102e-01,1.323706686230316232e-01,2.282780713313915244e-01,2.333945306605117453e-01,4.349350139332643916e-01,1.000000000000000000e+00,5.037182318113787582e-01,2.587520513514117160e-01,-5.276645307972976234e-02,-1.595882616306517621e-01,-1.947383614865228763e-01,-1.747914059096540851e-01,-1.603945671746988821e-01,-6.084882703312719660e-02,-9.679107454543756095e-02,-1.161226529313937050e-01,-8.290958069804282848e-02,-1.451768016253749023e-02,-1.895586813739804505e-02,2.753165634386965308e-02,-2.143474120419914045e-02,-2.745422340096333180e-02
-1.391547213097684213e-02,-4.137717015141754301e-02,-1.001051484999359170e-01,-8.357687385936977964e-02,-4.312916722227731758e-02,-1.125081114824271790e-02,-1.179591228130723313e-02,7.496899874541968802e-03,-2.280420325684769101e-02,-1.973739486871576437e-02,-8.209891266560426920e-03,-3.506916869720008711e-02,4.212429714415449195e-02,4.155826114102317836e-02,1.611478257584249563e-01,5.037182318113787582e-01,1.000000000000000000e+00,5.631598333314963289e-01,1.190112832011292338e-01,-8.671032210721439648e-02,-1.764642520539910220e-01,-1.792838991653038505e-01,-1.214909327600817296e-01,-2.525203782202430774e-02,-6.120348880550019466e-02,-5.296111209274728671e-02,-4.883658026747585146e-02,-2.290940038764901696e-02,-2.859786453434868744e-02,1.558808446741704115e-02,3.583753909037277596e-03,-5.658542697885533129e-03
-2.741919031754400105e-02,-4.326012375570032625e-02,-7.361113000378198545e-02,-8.659470999217645792e-02,-8.152258941184652163e-02,-5.654620082786598889e-02,-1.469688328059411825e-02,-3.165404379713275713e-03,-6.375590629083437155e-02,-7.308185290292407155e-02,-7.440056254260486723e-02,-1.098519148823455110e-01,-5.016611507765649652e-02,-4.644751187174007978e-02,9.258503968909041282e-04,2.587520513514117160e-01,5.631598333314963289e-01,1.000000000000000000e+00,4.337193481916976623e-01,3.031014727131434161e-02,-8.152161828588555537e-02,-8.691121911837210168e-02,-6.062377764345036613e-02,1.631823382213869883e-02,7.835681997795301834e-03,-4.153608184068911628e-03,-3.890712840085492480e-02,-2.814785184513359309e-02,-3.164818729734703712e-02,-5.409036061429202749e-03,5.767770339818846861e-03,-3.859570830623924777e-03
1.644263467444767937e-02,4.454248867844503787e-03,-2.690151872109990128e-02,-3.112675950360077604e-02,-7.330136634659525918e-02,-1.077162179627893651e-01,-9.238833652049514844e-02,-6.446407412363160117e-02,-1.222654714703601542e-01,-9.839441890818775849e-02,-1.060756568070914396e-01,-1.351936452434440439e-01,-1.253591894788274597e-01,-7.508408147750141037e-02,-1.276398713517679084e-01,-5.276645307972976234e-02,1.190112832011292338e-01,4.337193481916976623e-01,1.000000000000000000e+00,4.683431777045467537e-01,1.198992662364311429e-01,-4.387096347218366610e-02,-3.501141852617523087e-02,4.260847274629998849e-02,4.462332576295215819e-03,1.939239795465474633e-02,-4.775750042882931368e-02,-2.768200129517431329e-02,-6.024444483295696845e-02,1.137106567882541393e-02,1.703596520141787904e-02,2.343363719304029751e-03
1.059090851479422071e-02,1.205672136227386483e-02,-2.371600171197619719e-02,-3.281514232007001763e-02,-5.050047038143486849e-02,-1.220946447784959643e-01,-8.767397757054375129e-02,-6.098136593389800325e-02,-1.112484308672234967e-01,-9.886890290865821274e-02,-1.471709557761831377e-01,-1.475987864757143941e-01,-1.684963349936693111e-01,-1.015161146677462517e-01,-1.544498840528497619e-01,-1.595882616306517621e-01,-8.671032210721439648e-02,3.031014727131434161e-02,4.683431777045467537e-01,1.000000000000000000e+00,4.575408318510095218e-01,8.657913011796207481e-02,2.205290026005622683e-02,5.214983473357809318e-02,-1.251100532667360349e-02,-3.236377231981689851e-03,-6.697788011104406636e-02,-4.193748503936242655e-02,-5.383448117914279435e-02,5.252846023456527770e-03,1.484745639151128019e-02,2.598200703031252473e-02
2.251069289484852742e-02,4.152228480002903566e-02,2.172108505876304760e-02,-1.599843431326588433e-02,-4.817641220499304690e-03,-7.133022851141017362e-02,-7.155434711005929926e-02,-4.801248490117838996e-02,-8.723314127577545818e-02,-1.062485514190728841e-01,-1.262454022489993000e-01,-1.188816786315162050e-01,-1.899721348834782220e-01,-1.124005719810146214e-01,-2.122506081197643724e-01,-1.947383614865228763e-01,-1.764642520539910220e-01,-8.152161828588555537e-02,1.198992662364311429e-01,4.575408318510095218e-01,1.000000000000000000e+00,4.006842881541704537e-01,1.450663221443572737e-01,1.104418924147013287e-01,6.374300375671654306e-02,4.051134854825075814e-03,-6.419491498490442760e-02,-2.621029123398180977e-02,-2.394533836845592206e-02,-1.635032229944763989e-03,4.975361287204711595e-03,1.102661350858379768e-02
6.315338553908468773e-03,3.865348210830626963e-02,4.335126050798360914e-02,-9.785020227496760755e-04,-2.248009399274236361e-02,-8.784179846315047502e-02,-7.276692082315244781e-02,-7.078743045126199840e-02,-9.230605245172894546e-02,-1.474919256680018442e-01,-1.519580683754923611e-01,-1.207675068396486806e-01,-2.323292332498083368e-01,-1.771467241515992386e-01,-2.074565493148095296e-01,-1.747914059096540851e-01,-1.792838991653038505e-01,-8.691121911837210168e-02,-4.387096347218366610e-02,8.657913011796207481e-02,4.006842881541704537e-01,1.000000000000000000e+00,5.015546129111957407e-01,2.238486587008899908e-01,2.075849317002516625e-01,9.350048880459670142e-02,-2.687562372629986873e-02,-1.341983136428131183e-02,3.503488776060573878e-02,-1.181046170598297690e-03,-1.891182572905638661e-03,5.295509644140174686e-03
-3.352749926014634251e-03,1.896143039128561983e-02,6.536341519096532104e-02,-8.962668136306235420e-03,-8.533858715836897813e-02,-1.402536146249085403e-01,-9.297198991262421719e-02,-7.882721544410763170e-02,-1.469040604768276914e-01,-1.793460616055190804e-01,-1.713557827939885536e-01,-1.526588620964925702e-01,-2.267629682832854043e-01,-1.738358647326468664e-01,-1.942550499822474908e-01,-1.603945671746988821e-01,-1.214909327600817296e-01,-6.062377764345036613e-02,-3.501141852617523087e-02,2.205290026005622683e-02,1.450663221443572737e-01,5.015546129111957407e-01,1.000000000000000000e+00,3.873731535818758509e-01,3.406564259668295458e-01,1.875187298913348066e-01,7.393590910064657545e-03,2.722181470879709089e-02,4.633163232442441548e-02,-1.381663279532844603e-02,-2.954198138155266287e-02,-2.381965535410452209e-02
-1.690773654274645111e-03,5.883878305952763496e-03,-2.961779194707041263e-02,-8.782281775680093883e-02,-1.216381813281899454e-01,-1.795742773391887370e-01,-1.419183618009680903e-01,-7.973822058539917212e-02,-1.101140467031545139e-01,-1.443263015167138841e-01,-1.363149436408560844e-01,-1.062212901519381386e-01,-1.773256812066418553e-01,-1.125343253429923196e-01,-1.028677238119088122e-01,-6.084882703312719660e-02,-2.525203782202430774e-02,1.631823382213869883e-02,4.260847274629998849e-02,5.214983473357809318e-02,1.104418924147013287e-01,2.238486587008899908e-01,3.873731535818758509e-01,1.000000000000000000e+00,4.886466126492526318e-01,2.001451639233294000e-01,-1.264620143578803948e-03,-2.277132492491310001e-02,1.222214293397645875e-02,-2.250362647614034817e-02,1.298517878582794612e-02,-3.421478847160570880e-02
-4.423237246487201485e-02,3.153195234606443603e-02,1.563175279438342889e-03,-3.426761042189084561e-02,-1.180855126454999071e-01,-1.888104823689465417e-01,-1.848268066084101380e-01,-1.327959141925411368e-01,-1.179772516374589381e-01,-1.429578335031974068e-01,-1.249902019966122185e-01,-1.385898889588541294e-01,-1.870212051302867218e-01,-1.274516515285370744e-01,-1.198172259143666235e-01,-9.679107454543756095e-02,-6.120348880550019466e-02,7.835681997795301834e-03,4.462332576295215819e-03,-1.251100532667360349e-02,6.374300375671654306e-02,2.075849317002516625e-01,3.406564259668295458e-01,4.886466126492526318e-01,1.000000000000000000e+00,5.461306852660877675e-01,1.192784672718578409e-01,6.932728051834731453e-02,8.132506274721597317e-02,1.651579844154256460e-02,1.580691302441142310e-02,-1.722701897208294905e-02
2.767765601696516725e-02,5.625918498213756253e-02,4.280668875798795958e-02,-1.745955825783798016e-02,-1.127229595076484764e-01,-1.262608582119862100e-01,-1.375261285302691872e-01,-6.084755063582205498e-02,-1.004284736200951322e-01,-1.027333372199363826e-01,-1.476058201371635570e-01,-1.590993530990299776e-01,-1.534259571705038627e-01,-1.696993981414428032e-01,-1.068187360586147078e-01,-1.161226529313937050e-01,-5.296111209274728671e-02,-4.153608184068911628e-03,1.939239795465474633e-02,-3.236377231981689851e-03,4.051134854825075814e-03,9.350048880459670142e-02,1.875187298913348066e-01,2.001451639233294000e-01,5.461306852660877675e-01,1.000000000000000000e+00,3.977275552310116091e-01,1.686326172113953026e-01,9.712437265527339159e-02,7.642281952878539342e-02,6.772217384187288747e-02,9.488536185857650990e-03
3.870037443980962194e-02,-1.626718082119877132e-02,-5.552655449605173321e-02,-7.190173833956903238e-02,-7.749449184753150199e-02,-5.944878818525409225e-02,-6.705616315550001760e-02,-1.093164154366124685e-02,-2.574003959726480287e-02,-6.979960421818742766e-02,-9.735152635490305906e-02,-1.086506215620252069e-01,-9.414407098429801446e-02,-9.469575073737959703e-02,-5.659774385136762814e-02,-8.290958069804282848e-02,-4.883658026747585146e-02,-3.890712840085492480e-02,-4.775750042882931368e-02,-6.697788011104406636e-02,-6.419491498490442760e-02,-2.687562372629986873e-02,7.393590910064657545e-03,-1.264620143578803948e-03,1.192784672718578409e-01,3.977275552310116091e-01,1.000000000000000000e+00,4.634251027821608138e-01,1.352288651722082791e-01,1.044776991773698205e-01,6.151957355214645456e-02,1.389378621547927677e-02
-2.399741246436186415e-02,-3.804430524422628551e-02,-9.174359098281265057e-03,-3.032368658423674479e-02,-1.312738401437247571e-01,-1.306302589996486685e-01,-1.041008830923650652e-01,-6.551279841826487815e-02,-8.804217532688198011e-02,-5.159716238551381035e-02,-5.910119225556651618e-02,-7.705320284667832587e-02,-4.588066105642692183e-02,-4.777865114853223349e-02,-7.812249925105146410e-03,-1.451768016253749023e-02,-2.290940038764901696e-02,-2.814785184513359309e-02,-2.768200129517431329e-02,-4.193748503936242655e-02,-2.621029123398180977e-02,-1.341983136428131183e-02,2.722181470879709089e-02,-2.277132492491310001e-02,6.932728051834731453e-02,1.686326172113953026e-01,4.634251027821608138e-01,1.000000000000000000e+00,3.486710542982972005e-01,1.376801141515806570e-01,1.806460337149713019e-02,-3.494736009806932026e-02
-6.541247925553085596e-02,5.150890415199294026e-02,5.127286975623503856e-02,3.926369680813353302e-02,-1.616438137470588982e-02,-5.835515937225668748e-02,-1.157022805437724899e-01,-1.281670585030646459e-01,-9.608102116001400461e-02,-5.783039900737702022e-02,-6.417068462939169715e-02,-6.853284405051399131e-02,-5.442625722103663910e-02,-5.211383674500398577e-02,-5.694783196424129529e-02,-1.895586813739804505e-02,-2.859786453434868744e-02,-3.164818729734703712e-02,-6.024444483295696845e-02,-5.383448117914279435e-02,-2.394533836845592206e-02,3.503488776060573878e-02,4.633163232442441548e-02,1.222214293397645875e-02,8.132506274721597317e-02,9.712437265527339159e-02,1.352288651722082791e-01,3.486710542982972005e-01,1.000000000000000000e+00,4.458218753602749551e-01,1.403123580802487225e-01,2.340046372679970357e-02
-6.092546649028258987e-02,-1.356619670031225348e-02,-3.200600205754615402e-02,-5.572520763368114805e-02,-5.251306790033527516e-02,-4.346415397139112569e-02,-6.329269980231702619e-02,-1.024666565449510180e-01,-7.883628264849561196e-02,-1.640399639855331243e-02,-5.383106168707139927e-02,-5.463876813446931491e-02,-3.211194951147330195e-02,1.993849964917023335e-02,2.020179022594475321e-03,2.753165634386965308e-02,1.558808446741704115e-02,-5.409036061429202749e-03,1.137106567882541393e-02,5.252846023456527770e-03,-1.635032229944763989e-03,-1.181046170598297690e-03,-1.381663279532844603e-02,-2.250362647614034817e-02,1.651579844154256460e-02,7.642281952878539342e-02,1.044776991773698205e-01,1.376801141515806570e-01,4.458218753602749551e-01,1.000000000000000000e+00,4.531900542415955302e-01,2.416699721101468468e-01
-3.323860769785735164e-02,-2.098514532434641103e-02,-6.499815037810997842e-02,-1.067016425044487182e-01,-4.669382514780003740e-02,-1.894561357176354974e-02,1.011266684164955146e-02,1.114998493734028128e-03,-3.980688736937658401e-02,1.251135731365623713e-02,-4.249465963234427823e-02,-6.575702206103568870e-02,-2.535146863457511668e-02,-1.738583502716855092e-02,-1.376578488524534891e-02,-2.143474120419914045e-02,3.583753909037277596e-03,5.767770339818846861e-03,1.703596520141787904e-02,1.484745639151128019e-02,4.975361287204711595e-03,-1.891182572905638661e-03,-2.954198138155266287e-02,1.298517878582794612e-02,1.580691302441142310e-02,6.772217384187288747e-02,6.151957355214645456e-02,1.806460337149713019e-02,1.403123580802487225e-01,4.531900542415955302e-01,1.000000000000000000e+00,4.846418255198111646e-01
-4.117467031569919944e-02,-2.598393709254241332e-02,-8.572474384205525100e-02,-8.358821835068443173e-02,-3.525218340008315354e-02,-1.985110267195926842e-02,3.928126369386941014e-02,1.277281426302033333e-02,-4.441070669381878139e-03,9.146563630954826496e-03,-3.853159577671667196e-02,-3.757487096184529418e-02,-2.885458212058238103e-02,-3.393536085554306470e-02,-1.825742030778277486e-02,-2.745422340096333180e-02,-5.658542697885533129e-03,-3.859570830623924777e-03,2.343363719304029751e-03,2.598200703031252473e-02,1.102661350858379768e-02,5.295509644140174686e-03,-2.381965535410452209e-02,-3.421478847160570880e-02,-1.722701897208294905e-02,9.488536185857650990e-03,1.389378621547927677e-02,-3.494736009806932026e-02,2.340046372679970357e-02,2.416699721101468468e-01,4.846418255198111646e-01,1.000000000000000000e+00
