1.000000000000000000e+00,4.231024437135263438e-01,4.407931935879363383e-01,4.213135216006438366e-01,2.598041550190671178e-01,1.643944973399032727e-01,1.905505704329200356e-01,1.168797466723714845e-01,3.542239847024221400e-02,2.148827503400023153e-01,9.124306343760205107e-02,2.619796855210204112e-01,-4.966529633799316584e-02,1.046860276079874807e-01,2.068977929734807930e-01,3.802106754642625014e-02,-6.847755575220190738e-02,4.756176984325728024e-02,9.675549847703712736e-02,-1.867840410510800409e-01,-1.611042453493435056e-01,1.295627618671157388e-01,1.022680002964874296e-02,-2.445675007808646995e-01,-1.344504381284774008e-01,9.321075233891208678e-02,-1.082588434803093552e-01,-8.935059992358121428e-03,-1.132431054690030969e-01,-1.733912295428915729e-01,-3.975254351868836439e-02,-8.230617263591682303e-03,-1.495040892332276383e-01,3.214213845398918024e-02,8.973892719343557617e-03,-1.920206942343299222e-02,-5.477655390183598649e-02,9.954264873490933918e-02,1.725511873613139180e-01,2.121716085741062185e-01,2.322701661912578708e-01,1.326991104850275549e-01,1.442347502351888910e-01,1.310410551008023283e-01,-7.523280688404845873e-02,-1.584611410608853244e-01,-2.760208142977061407e-01,-2.007457470842138880e-01,-2.194721758724907656e-01,-1.376039323637730794e-01,-1.338823718290854947e-01,-1.488022387265157676e-01,-7.388191460717857817e-02,-2.188828291580558749e-01,3.440422910736173207e-02,1.498830848019702677e-01,1.035572985798790951e-01,1.455247831967660943e-01,9.045423172254390964e-02,1.389169156878843903e-01,1.681573437293567563e-01,1.048206478169076694e-01,9.956911371649453113e-02,1.913148613743277104e-01,2.605851861041730833e-01,1.160417315142885930e-01,-8.985144531572371307e-02,-1.594670175407222890e-01,2.538685841525384346e-02,-1.647748564723280351e-01,4.098160059583020459e-02,-4.688432652868906175e-02,-1.404808978389134599e-01,-2.106394550196569182e-01,-1.225021484694716473e-01,-1.840447475086646467e-01,4.421164920657228575e-02,-1.526546670264234407e-01,-1.773796891296559874e-01,3.195772705837565675e-02,-5.366701034308747620e-02,-1.960054740421656450e-01,-1.082370148369839052e-01,-1.214051580949436493e-01,1.080368943602540710e-01,1.051148900358248872e-01,4.291891974408115762e-02,2.083903196512953415e-01,7.265732658852702870e-03,-1.203572698994984647e-01,1.197027678585977223e-01,1.935202469962996608e-01,-8.545017304072072273e-02,-5.589192052948711159e-02,1.930362298790183895e-01,1.172669547643929583e-01,8.159840272925905635e-02,-2.951124934499710709e-02,1.974316172678867720e-01,1.205205423239651685e-01,5.831226785709606869e-03,-1.514147027231221854e-01,-1.067114336441645356e-01,-3.667504675269946113e-02,-1.046139791327943408e-01,-9.733158317025996167e-03,4.298204716680092963e-02,-1.181584426854011549e-01,6.631583010877380169e-02,-2.990996294532098990e-02,-8.045089019276513431e-02,-1.797992609384443108e-01,-8.463125445780016187e-02,-8.569536258651448690e-02,-2.075209316547602656e-01,-1.261864488262104955e-01,-5.369955016122307523e-02,-2.329809894604281673e-01,-1.067001119181700958e-01,4.355589928201655803e-02,-3.268305495116477499e-02,2.023597702693449574e-01,1.666793852128418130e-01,2.400508983321440193e-01,1.042832217644909520e-01,2.314397787167141174e-01,1.680879187066852964e-01,-6.672941637262179426e-02,2.267681553763203628e-01,6.958141154966772379e-02,1.114343493293817600e-01,8.469525556384653597e-02,7.091398691663618192e-02,1.149294971942230736e-01,4.699065574247029975e-02,1.427157619971970715e-02,8.776565721793926078e-02,2.033713891604638571e-02,4.612758459193771338e-02
4.231024437135263438e-01,1.000000000000000000e+00,4.032804730593463893e-01,5.201050719729000127e-01,4.116603832469427626e-01,1.512966043352041989e-01,2.368462110869767878e-01,2.114841138353921735e-01,3.982757998418950257e-02,3.660777023645049866e-01,1.850619356489022205e-01,3.281704728761897227e-01,-1.047681977263273528e-01,1.142919804535865863e-01,2.455553344594148257e-01,-1.485732938047897543e-02,-1.474158373755777851e-01,-2.876347066952731138e-02,1.200053009411418542e-01,-3.061825309683707252e-01,-1.646777642383280282e-01,2.652217609936252107e-01,-1.873198166266205542e-02,-3.541751970458777432e-01,-2.203248135529440599e-01,1.535312151497618960e-01,-1.311757752143818678e-01,-2.887095344345291456e-02,-2.098772899223152189e-01,-2.210559860436506485e-01,-1.047647556427696094e-02,-4.610633826301160920e-02,-2.547177233674213781e-01,6.353994347222568151e-04,-2.205024167750891176e-02,-3.806108474384679169e-02,1.571183057880747372e-02,1.965378859350875584e-01,2.465627833402944391e-01,3.349165819815063116e-01,3.810064298024576357e-01,1.542429008472191998e-01,2.832011263801832990e-01,1.518013573646339043e-01,-9.637214175229562307e-02,-2.155328110602760250e-01,-3.669581454546653188e-01,-2.909063016378922173e-01,-2.731058109695113645e-01,-1.040165528602242928e-01,-9.382109287330558933e-02,-1.677144178746935721e-01,-3.231875714461675264e-02,-2.570841097041273171e-01,8.718569403841297874e-03,2.262980520258887351e-01,7.170149381812764011e-02,2.164978136258917663e-01,5.324315629749536843e-02,1.659786909617478046e-01,2.877041937878829780e-01,1.540446978765356023e-01,9.334606649179927329e-02,2.192516514810314565e-01,3.496634047040168558e-01,1.073758792639867843e-01,-1.325945653546093395e-01,-2.368743532097701554e-01,-8.826163559743655657e-03,-2.796844126697943245e-01,-2.479359747924852336e-02,-1.559997318922015652e-01,-2.118514297671188484e-01,-2.826766199661470136e-01,-2.684005088729874422e-01,-2.035745840982582378e-01,6.353703874496148540e-02,-2.909717975271553514e-01,-2.182028267954325695e-01,1.550859800187602833e-01,-1.139845138138643882e-01,-3.291205861870890037e-01,-7.427138367734939517e-02,-1.677777676648929961e-01,5.595859819348313752e-02,2.405041961718268340e-01,1.607337731585844476e-01,3.478392625951462480e-01,-1.030202223822365287e-01,-1.969384157015998671e-01,2.702789308032158555e-01,2.688637970337665051e-01,-2.202609620687535630e-01,-3.838470368364912261e-02,3.559570213134823358e-01,1.300397727492910993e-01,1.306064394808628404e-01,-9.612020917819164012e-02,2.943487848967429321e-01,2.515698136024019926e-01,8.772203978493200993e-02,-2.006613259311467723e-01,-3.008088397444990889e-02,1.304194042867618253e-01,-1.830512236567030382e-01,-1.613201370317585148e-01,-6.398871106845911878e-03,-5.950464228601785865e-02,1.438046456364857340e-01,-9.933791850541487389e-02,-2.217104494182438046e-01,-3.317353509095121722e-01,-1.557764313024163072e-01,-1.848947910201344247e-01,-2.995648202040254726e-01,-2.272286955516221729e-01,-4.710606214901107147e-02,-2.456306128567961600e-01,-9.887323548006765606e-02,3.759089503938373156e-02,-7.852787593868558458e-02,2.471679229347481244e-01,1.999919557081196175e-01,3.463835855742961600e-01,6.127831470449841833e-02,3.218005811514921821e-01,2.512643730843037160e-01,-1.367078198867492378e-01,3.026401516291595817e-01,1.104847594079587103e-01,2.095025740485164378e-01,1.374054932790615968e-01,3.852592409982522753e-02,1.650758737447237945e-01,4.867921942829003118e-02,6.409205583280601359e-02,1.403915382414117341e-01,2.484507528038183005e-03,1.554641139382232674e-02
4.407931935879363383e-01,4.032804730593463893e-01,1.000000000000000000e+00,3.711958545531800491e-01,4.013529169843887412e-01,3.445160918605447709e-01,2.804135085770550484e-01,1.422752231303633375e-01,1.386263794015097917e-01,2.552743220184300332e-01,2.561321797461789118e-01,2.648828980377105902e-01,-7.867539341207742398e-02,-8.524222664623783716e-05,1.424069232732892432e-01,-9.590314743738494185e-02,-5.443031163368670239e-02,-1.332099532902426657e-02,2.164143761289712420e-01,-2.133889477866457163e-01,-1.351757867224100407e-01,2.815678906833953277e-01,6.781391600680472531e-02,-2.851296799708675778e-01,-1.138031186176602511e-01,2.247439135975314584e-01,-1.059608443728395945e-02,-2.944619679295020637e-02,-2.931344800907350057e-01,-2.034267391206612263e-01,6.284374013253707369e-02,-8.114670753018668470e-02,-2.279432428305061820e-01,-6.768236708092520426e-02,-1.086617677674383414e-01,-3.697761164846626036e-02,1.200083598105394361e-01,1.817625176787226460e-01,9.121126063764141423e-02,2.492336720958247265e-01,2.248917265453954095e-01,-1.315811971626121117e-02,9.580873516127209888e-02,-5.942173168894872987e-02,-1.280400574727489360e-01,-1.568614224521316103e-01,-2.161114756616364652e-01,-1.049692813961734666e-01,-1.946096177399413985e-01,-1.116428221325929671e-01,-2.164374072849657993e-01,-1.574013364057776920e-01,-1.031397262613295285e-01,-1.838983450588348167e-01,1.210706762184938640e-01,1.586116321397288975e-01,1.444018892393744147e-01,2.498975614545226320e-01,8.399129294462322204e-02,6.910139343096700915e-02,2.538322844300292536e-01,2.064560375012300109e-01,2.613746333348558604e-02,1.117612034260459936e-01,3.331492140161910753e-01,1.171015369709381276e-01,-1.066979501390930979e-01,-2.867178389643249559e-01,-5.703652601080658885e-02,-1.989891481006610952e-01,-1.290847201903139174e-01,-6.027251064133998942e-02,-4.289967521598262584e-02,-2.369261088564997286e-01,-1.529627242337010529e-01,-1.105282434263453323e-01,1.547930186810242414e-01,-2.657956559455013079e-01,-2.021096912819365377e-01,2.328358525006964386e-01,-2.011247742077685099e-02,-3.117150888453331103e-01,-5.485929604347832694e-02,-1.412108265520257699e-01,5.214944219462575026e-02,1.600855621168821574e-01,2.172121491862569198e-01,2.656929295571180405e-01,-5.139757792746334902e-02,-4.267634145948429741e-02,2.702751294104589475e-01,1.841368593081147975e-01,-1.120624753765258330e-01,1.068414310291029706e-01,2.772265478858366716e-01,6.532339520984417613e-02,-2.195537512992355375e-02,-1.382564021215469396e-01,3.121817013098669991e-01,2.211379994361989676e-01,1.532112199408864617e-01,-1.663441627050928351e-01,9.515175788174373706e-02,5.886439030309547488e-02,-1.485706309435947114e-01,-1.502161366275457099e-01,-1.532069924923355198e-01,-6.504949486187057428e-02,-2.680522459158310097e-02,-2.204425322188885983e-01,-2.500697678373245414e-01,-2.424261968615938900e-01,-1.830291577919203050e-01,-1.974022895569798319e-01,-1.517734328258209531e-01,-1.634714291597501867e-01,8.170744567365614830e-02,-1.389442199630420149e-01,-7.009949701422417412e-02,1.553541875510983106e-01,2.277161226221522533e-02,2.672287497488872177e-01,1.027217702532237376e-01,3.196428516292493804e-01,1.195785059668964395e-01,2.321529756345357964e-01,3.343215299278143871e-01,-1.241390172569933198e-02,2.311978795259689301e-01,1.853853745563840277e-02,5.703084158374120693e-02,5.698811472861757543e-02,4.509709865063049605e-02,1.084945695915146141e-01,-8.273287863168565792e-02,-4.075772421507512649e-02,1.578918337315481785e-02,-1.596691872140191260e-01,-6.536880849931382687e-02
4.213135216006438366e-01,5.201050719729000127e-01,3.711958545531800491e-01,1.000000000000000000e+00,4.415005878910885362e-01,3.780222405186690615e-01,3.711642185859684306e-01,1.417011155455630000e-01,-1.098867359135799471e-01,2.675100054839660291e-01,1.140821770664745272e-01,4.357408357254464182e-01,-1.482744344240266056e-02,2.944308018917256020e-01,3.919507778613525728e-01,1.709183351649956051e-01,1.038454106765292484e-01,1.205173967475706570e-01,3.051298069475477104e-01,-2.032038101773734340e-01,-3.239215929303592700e-01,2.552431985758499833e-01,1.954586338545211688e-01,-3.883250789177765672e-01,-5.737084289021665562e-02,3.851218540062466000e-01,-5.333997373584516838e-02,1.932709002932343767e-01,-3.378747535110904199e-01,-3.869399873962959258e-01,1.709408362461252440e-01,9.872630422411546314e-02,-2.554020798644349721e-01,1.322580603226341245e-01,-1.111367364256482942e-01,-2.450895032557431352e-01,-1.218633100562079297e-01,1.502034709095683707e-01,2.792139756872232259e-01,2.914864038693457671e-01,4.324999262381017950e-01,1.826122494647648142e-01,2.542885971944838230e-01,7.441349415595283068e-02,-2.448855922390001660e-01,-3.628979773559048994e-01,-4.419118612146111236e-01,-2.902948465399312616e-01,-4.691677281738239613e-01,-3.301502093686107253e-01,-3.155163302131187564e-01,-3.280673657111449204e-01,-2.454717816156362364e-01,-4.758430362418771264e-01,-6.478455772365941667e-02,1.115354813804336209e-01,-1.256536364404816919e-01,2.126166866221304019e-01,-6.225619812439207867e-02,2.097128494419618072e-01,4.224982172744115583e-01,9.333225096873420945e-02,-9.541345129150885854e-03,3.463976181769259921e-01,4.124867449513545670e-01,3.263496892604164645e-01,-3.187378261318488115e-02,-1.492881307191520068e-01,1.992554153659202854e-01,-1.417200011206431187e-01,1.307460836774834434e-01,3.623828903942345747e-02,-1.181010658417804976e-01,-4.343423194738443849e-01,-2.697120012295887714e-01,-2.800874831920803776e-01,2.397057727648659875e-01,-1.927490069156577723e-01,-3.785362415176910522e-01,1.476873156288723010e-01,7.169133709160291357e-02,-3.726307055359486253e-01,-2.568105359361885220e-01,-3.654781128051675099e-01,-7.091756394394274632e-02,8.539580092919966947e-02,1.317747943152301204e-01,4.070738350275228123e-01,1.419137733747731500e-01,-1.269642000378959357e-01,2.317080230299746746e-01,4.240144481554102840e-01,-1.469151604523855417e-02,-3.097221844501185303e-02,3.356675841202800825e-01,3.243934383016312539e-01,-5.273822468790990460e-03,3.859309245052709725e-02,4.904147595858397435e-01,2.380963301523719988e-01,4.903261923038620962e-02,-3.560052274516978810e-01,-1.262840512646027924e-01,-1.484048759357844798e-02,-3.647969111257111097e-01,-1.715785569455297865e-01,-2.220998622970793979e-01,-2.511560287781914869e-01,-1.209504613757671765e-01,-3.006728854389323358e-01,-1.921518854520292974e-01,-3.631203662590153924e-01,-3.325378267637261187e-01,-3.647739121941739882e-02,-2.846477624139087670e-01,-1.134045013957928755e-01,1.076161391212857449e-01,-2.513961215026324081e-01,2.674636381261610504e-02,2.147920982623194308e-01,1.529651843127958766e-01,4.228793069207273936e-01,3.650888070813862463e-01,4.839817903848459557e-01,3.437787418935139283e-01,4.729387513291651857e-01,4.421505194470187194e-01,4.701750615400952793e-02,4.538514686295438971e-01,2.565024633135654653e-01,1.049807997025054979e-01,2.285405882225080010e-01,9.290602949921067388e-02,1.768097779461041963e-01,3.706354155977382991e-02,-6.347093351229990410e-02,1.146077692938238524e-01,-4.122266896459984842e-02,-8.529447077876797789e-02
2.598041550190671178e-01,4.116603832469427626e-01,4.013529169843887412e-01,4.415005878910885362e-01,1.000000000000000000e+00,4.072530053661053140e-01,4.185656731287757948e-01,3.620587341204529186e-01,2.073072122841178588e-01,4.561129030068991064e-01,4.250304319512968054e-01,2.804790329482806377e-01,-2.551794133734486825e-01,-1.444460962896084756e-03,3.313133459146496707e-01,-2.234238936073190684e-01,-1.838630965846668741e-01,-1.284815596304810514e-01,1.845679162755613778e-01,-4.345386767755784474e-01,-1.209465138202963364e-01,4.376107804159666270e-01,-5.721837118979234554e-02,-4.551836457554591653e-01,-3.133193577372415661e-01,2.074193823402230019e-01,-1.411426113034345009e-01,-1.610269292496706028e-01,-3.220437125400698597e-01,-2.970460609619259285e-01,-8.415266838519308568e-02,-1.580390808757856647e-01,-4.848845963843171902e-01,-3.530680029742973985e-02,2.043829235691918197e-02,1.144927613037148434e-01,1.998145364053709738e-01,4.384605232424620413e-01,2.355866293496814423e-01,4.809854822729719981e-01,3.840798228046160556e-01,-3.055210167327070819e-02,3.600921693619447139e-01,8.292032869097222536e-02,-1.272278780826873179e-01,-2.007748751294499701e-01,-3.503205254189341589e-01,-2.226701360512595429e-01,-3.124588844426294809e-01,5.699150381037670909e-02,-1.907999886308091586e-01,-3.548472485339698723e-01,6.241008246589978964e-02,-2.045053511649966294e-01,2.620238321350866761e-01,3.421536468676574239e-01,2.729396583714127078e-01,2.803473219712452336e-01,2.178344503728294468e-01,1.534883192291549847e-01,2.345173724825356520e-01,3.025118699265503253e-01,1.818496180859607569e-01,1.060708397884412707e-01,4.693673202340797324e-01,7.482587954455169332e-02,-3.497837013382904536e-01,-4.999175832206509407e-01,-1.386935999426414934e-01,-4.643186136922187179e-01,-2.178786263051499528e-01,-3.022096126299919638e-01,-2.329337612674780011e-01,-3.502852253980192065e-01,-4.514777749812964869e-01,-1.323227314304904201e-01,1.524278346680066620e-01,-4.297068377662331962e-01,-2.125700795130721077e-01,3.661563867241810488e-01,-1.419650364750819627e-01,-4.346833158076399695e-01,7.909561472843603530e-03,-1.241750033441892942e-01,5.153485629714223658e-03,3.793067733906849148e-01,3.099389027288165233e-01,4.393554852880823258e-01,-1.800667519265489458e-01,-1.749440753179953012e-01,4.272815059817359762e-01,2.728026429229076788e-01,-3.076649792294353092e-01,9.475676295054827336e-02,4.789456725557380556e-01,6.459109445671637473e-02,9.565237587474159642e-02,-2.311948985800998391e-01,3.223087657873995315e-01,3.611925654283931753e-01,3.223205797784788884e-01,-1.723463354147744819e-01,1.008230629124026861e-01,2.733203844719655495e-01,-1.325522711096507600e-01,-1.987156273571857867e-01,-1.511487337557666510e-01,-1.086623361331410242e-01,6.560096105889437479e-02,-2.613187886891134570e-01,-3.862472977763571902e-01,-5.409838851560840878e-01,-2.566967225202035352e-01,-3.418964216764753261e-01,-2.484243881758934347e-01,-4.266526554651740022e-01,-7.200324108951257004e-03,-2.346942883172442040e-01,-2.769909907812433958e-01,1.172117452882773109e-01,1.127858017106542904e-02,3.112594486200020438e-01,1.250354377906815473e-01,4.805202117379752669e-01,9.587202049540605175e-02,3.010417678176732226e-01,3.799627360832358303e-01,-1.375892386439004633e-01,2.942391486578874726e-01,6.053049599010996290e-02,1.885606104368785507e-01,1.264749392341968925e-01,-7.665908754834574457e-02,1.912857946423583144e-01,2.085700257697181009e-02,8.970315887129549914e-02,1.608528177373625412e-01,-7.993880766375716096e-02,-1.070453437036314182e-01
1.643944973399032727e-01,1.512966043352041989e-01,3.445160918605447709e-01,3.780222405186690615e-01,4.072530053661053140e-01,1.000000000000000000e+00,4.831846321228669972e-01,-3.394318573529850336e-02,2.483896770014313582e-01,1.096060771313987076e-01,4.023609633630715332e-01,2.899751381740410250e-01,-1.839947103044873786e-02,-1.414062517168027944e-01,-2.671818280316688374e-02,-2.024987547962240342e-01,-3.738269003886533076e-02,-1.710802919904827746e-01,4.055159918769022931e-01,-1.782699423608146427e-01,1.761128391547905556e-02,5.552218865409925819e-01,2.057666015994682462e-01,-2.644033374659085500e-01,1.104653517968122965e-02,4.743265327602264048e-01,4.065723867770650868e-01,-8.920100868531523342e-02,-6.130881633472037295e-01,3.704885047817093463e-02,3.147841238611971959e-01,-3.439169074777563284e-01,-3.164528836740728157e-01,-3.862123304070938512e-01,-4.093598171238053141e-01,-1.603198878656107440e-01,3.423082893849780373e-01,2.502359612109942288e-01,-1.683276228917165718e-01,1.632651187554566841e-01,2.249638780924066717e-01,-2.811939465175540276e-01,4.112228729246743264e-02,-3.431841893832841550e-01,-4.104037292539073345e-01,-1.821527635612366081e-01,-1.531491409709507256e-01,5.938581189241487479e-02,-2.211868965940081144e-01,-2.045021212357507612e-01,-4.874738561173725948e-01,-1.623424074615153478e-01,-1.707751545425610917e-01,-8.799790769902775256e-02,3.576781986287704274e-01,1.479429358014073825e-01,2.350449346042702004e-01,5.071112880460187933e-01,4.727069840485106922e-02,-2.359572751391365020e-01,3.486971452576921870e-01,4.544263814193820195e-01,-1.956018763930539028e-01,-1.110382978826198880e-01,3.328228531649433664e-01,2.054303982399099393e-01,2.279896162533905091e-02,-3.234703113677315223e-01,-1.505869735129494735e-01,-1.070838253035331228e-01,-2.622901778018741359e-01,6.757605137479874569e-02,3.025831264952095756e-01,-1.091519885009374080e-01,-2.080450529113372915e-01,2.411838813294360784e-01,4.508358257039221662e-01,-3.371675028777099126e-01,-1.866013222223371626e-01,5.681018978191914037e-01,1.375453649705351833e-01,-4.030472060420456359e-01,1.053040173099183408e-01,-2.678262709707778799e-01,-2.942958621050571488e-01,1.512004254359495536e-01,5.219414957014066880e-01,1.602120697033893038e-01,-6.972549176321422848e-02,2.918237397043120795e-01,4.549183869231436250e-01,4.554512326160321117e-02,1.645667276772117341e-02,4.523543151903031689e-01,2.821113512650051391e-01,-6.561349605399818818e-02,-3.561890343813237658e-01,-3.210609322694932821e-01,4.093385112499837164e-01,2.860306068029146442e-01,2.666659247565075219e-01,-2.578933621889755931e-02,2.457705563377876601e-01,9.092792535154586853e-02,-2.279309253632987864e-01,-3.844345627005312238e-01,-3.747194456316931821e-01,2.392645189452042437e-02,-2.331456974601324537e-03,-4.124716567131335720e-01,-5.080010720679652980e-01,-2.404586787544077398e-01,-5.294872133444062934e-01,-2.126620260094497783e-01,6.603630607368936312e-02,-7.022731457618969567e-03,4.268638148651994757e-01,4.212077569096848995e-02,-9.301627071831792062e-03,4.269725183008371561e-01,1.802611465271984625e-01,3.860951417566211852e-01,-2.883734325924067199e-02,2.951768766507605335e-01,2.405011495825955248e-01,1.054120458416505923e-01,4.834119092848506161e-01,1.277919697843649949e-01,8.556061345380060190e-02,-9.626086024089902660e-02,-3.147349515648302232e-01,-7.587467856313527548e-02,-1.675093457867145863e-01,-2.054086729566630964e-01,-3.415750189203239917e-01,-3.534781847649199338e-01,-2.517569940053174804e-01,-3.689123656425020159e-01,-2.332654000723613785e-01
1.905505704329200356e-01,2.368462110869767878e-01,2.804135085770550484e-01,3.711642185859684306e-01,4.185656731287757948e-01,4.831846321228669972e-01,1.000000000000000000e+00,3.735191666494308560e-01,3.964553595327138802e-01,4.272885977734889873e-01,5.723288161271523622e-01,2.981309712992612493e-01,-3.471897782264873333e-01,-2.462586087831015180e-01,2.234943501109910302e-01,-2.386969024897587777e-01,-2.653821659029555469e-01,-3.518937467650030682e-01,6.259608673483696428e-02,-4.331884180465430112e-01,1.277094281858636438e-01,4.848011351437984673e-01,-1.773562866712631858e-01,-3.565468867253793750e-01,-3.413057513772392859e-01,1.334336874425043895e-01,1.067028822908638042e-01,-3.248356477305407997e-01,-3.807104980840697039e-01,8.906871247637313666e-03,-5.235121539226079979e-02,-3.914661443796967344e-01,-4.634887955698834827e-01,-2.671759730680133282e-01,-7.059135665187592223e-02,1.731725631795254794e-01,3.935538354794909099e-01,4.765773095909863755e-01,-9.053352054380826852e-02,4.240291440423504254e-01,2.231499048298997145e-01,-3.059008670488158610e-01,2.836169918539802604e-01,-4.558747597546083247e-02,-6.161085814919255166e-02,-1.319884371763677955e-01,-2.856973123822291738e-01,-5.271531065556462475e-02,-1.549520298019078646e-01,5.458086747149602791e-02,-1.932357090757008400e-01,-1.477971328872853263e-01,1.607172485328268174e-01,-3.812622702060557145e-02,4.356429131211121963e-01,4.304542016442926555e-01,2.300359048521243011e-01,4.073764405968994806e-01,2.789960456033849234e-01,-9.092183542487206060e-02,1.346482384093256601e-01,4.356218992506281085e-01,1.013945087200019274e-01,-1.205072619005183726e-01,3.651762759188325602e-01,4.612092034068152047e-02,-2.366229074266260335e-01,-4.817070574351522416e-01,-1.564629254287776550e-01,-3.750803768324055265e-01,-4.245745853679523396e-01,-2.768425906405473924e-01,-1.117407622959555417e-02,-1.158058595121436996e-01,-3.497831174950227218e-01,3.651821903397090008e-02,1.218330472630344691e-01,-5.354668505044946070e-01,-1.159185745559917352e-01,4.646039361814406909e-01,-2.119190381913127752e-01,-4.385375168129367895e-01,1.662988603358282746e-01,-4.339195704049298580e-02,8.222556686893463251e-02,4.651028424454605181e-01,5.216278360755264298e-01,2.793169108109658239e-01,-3.667591946163452077e-01,2.457336997779679608e-02,5.718315910684955705e-01,6.406144760178203446e-02,-3.470761181970779541e-01,3.040227311388171150e-01,4.904678204680520404e-01,-1.711967911922894769e-01,-1.750234952039506769e-02,-4.726366729107483455e-01,2.570823808046865389e-01,4.186404034717824962e-01,3.336282390658342756e-01,7.836761933801612845e-02,2.732446948182130630e-01,2.817876699577996358e-01,6.235681407099340212e-02,-2.474893518445956675e-01,-7.069934374337731586e-02,1.242732292233210932e-02,1.897383189214967569e-01,-2.223113490449537544e-01,-4.046857812850976344e-01,-5.092589392775574986e-01,-5.122180077753005767e-01,-4.185335186623510006e-01,-2.451996096008302040e-01,-3.542553509453318372e-01,1.458100791713729527e-01,-2.062129209868990565e-01,-2.411103172700188590e-01,1.163801793833142695e-01,4.925169438836768214e-03,2.272887655460399947e-01,-4.366100414777934757e-02,3.364128482821825972e-01,5.767026615976222036e-03,1.165603059909360584e-01,3.129976045081268587e-01,-1.619115095171828056e-01,1.641053217604398762e-01,-1.797029493224681362e-01,-1.464240653314489438e-01,-2.600190005741211119e-02,-2.549058736660092528e-01,-1.267241876464532575e-03,-1.055489974587655311e-01,-1.033527235904497660e-01,6.307153701496874543e-02,-1.564382645827601670e-01,-1.601521160813880740e-01
1.168797466723714845e-01,2.114841138353921735e-01,1.422752231303633375e-01,1.417011155455630000e-01,3.620587341204529186e-01,-3.394318573529850336e-02,3.735191666494308560e-01,1.000000000000000000e+00,4.018919646303385496e-01,4.740313109018628457e-01,4.073237391848634759e-01,-7.684681332554418876e-02,-6.184858713513091688e-01,-2.521620273136052637e-01,3.305266371731752639e-01,-3.247809631903431082e-01,-2.680164138399280249e-01,-3.474146988131187608e-01,-2.780462313498845428e-01,-3.161813215370139485e-01,2.553948219096120464e-01,1.370453058976056071e-01,-3.834048410138408691e-01,-1.171097612711249486e-01,-3.819347811146151517e-01,-2.086367596698559257e-01,-1.505591901813531364e-01,-3.220980344219059321e-01,-4.052639765436879052e-03,8.969824315512325841e-03,-2.698602091043643125e-01,-2.487848172925539447e-01,-3.330322070090524500e-01,-3.963210795363642652e-02,2.446709401079584234e-01,3.389760275284149360e-01,1.719051060065024950e-01,3.904563917208676571e-01,4.635959852670416825e-02,3.413605674916650456e-01,-5.663049692765131926e-02,-1.959279094960297563e-01,1.768486563464273242e-01,6.955441689812484618e-02,2.226725540468481868e-01,-8.549628474948528511e-02,-3.242185715250496258e-01,-2.608456679609844064e-01,-4.735038844183424300e-02,2.741001140169640471e-01,2.477825553771402789e-01,-4.544160820652389660e-02,4.380953222198840091e-01,1.492912424447782604e-01,2.205460476075487286e-01,5.175212943377384134e-01,1.829395757817833534e-01,1.209559025890248468e-01,3.501441456376586103e-01,7.789894708886085928e-02,-1.235777745471170891e-01,1.784721544424570927e-01,2.919708016771355719e-01,-6.467978042647125336e-02,1.985626027965850249e-01,-1.834668217800677070e-01,-4.058715624937356270e-01,-2.851393292817971936e-01,-1.205627460354077862e-01,-4.186233333393645784e-01,-3.322451219039295189e-01,-3.702613675564856988e-01,-2.084822773433382681e-01,3.164271478728768877e-02,-1.913413865712708661e-01,3.152821106542470775e-02,-3.080991243663795398e-01,-4.022924748494373093e-01,1.985239784013707043e-01,1.607107651030080520e-01,-4.773617214023204158e-01,-9.007791514244310738e-02,2.779737191670447749e-01,2.682110195447096612e-01,2.509768895326139893e-01,4.754564158812888408e-01,2.657194011956742208e-01,1.692660160420952076e-01,-4.490563585748382214e-01,-1.604306693761554381e-01,3.415089014327759021e-01,-6.922083690507480069e-02,-4.614377890358697387e-01,8.662170672379300440e-02,3.166779027881646558e-01,-2.472281473491963755e-01,2.353424139877745569e-01,-3.755193080100394654e-01,-2.265758344457671422e-02,2.086648768961017197e-01,4.175043160547062815e-01,2.405702772598704853e-01,2.351268536235515405e-01,3.386133157414690231e-01,3.164388358073350616e-01,-5.057724280164416220e-02,9.938647355594355803e-02,1.281844997111173390e-01,1.781211924960623971e-01,1.325348260660314803e-01,-9.614792357411419688e-02,-4.289115504406081913e-01,-1.268453758896314065e-01,-3.107762858183104604e-01,-2.276948932979676044e-01,-3.902418077974227906e-01,-1.801789110214841449e-01,-2.623953306774008953e-01,-3.079716134466193855e-01,-2.060915860094874597e-01,-1.617656831958655950e-01,-7.709445937323931852e-02,-1.654408045063896493e-01,1.437885428319523595e-01,-2.638474518580409822e-01,-5.230779495041701366e-02,3.567402810544536423e-02,-4.638290826918540222e-01,1.931661429429190266e-02,-1.667041017170773631e-01,1.546969070125004120e-01,1.627153837321306667e-02,-1.096033724500932033e-01,1.001169390235099738e-01,6.962661192817237721e-02,1.462008311836095198e-01,1.841248461493095734e-01,9.594144732115397756e-02,-8.008024583160285037e-02
3.542239847024221400e-02,3.982757998418950257e-02,1.386263794015097917e-01,-1.098867359135799471e-01,2.073072122841178588e-01,2.483896770014313582e-01,3.964553595327138802e-01,4.018919646303385496e-01,1.000000000000000000e+00,2.308228452038741108e-01,5.845925641003710815e-01,-1.199942629169543640e-01,-3.787160089424647658e-01,-5.630227647005595637e-01,-1.789279507858035911e-01,-5.633281611738466532e-01,-3.781950676434009950e-01,-5.162418405521099762e-01,-1.955686252493625821e-01,-2.757946446312737332e-01,4.612945250770505434e-01,3.286878681025068860e-01,-3.419367328043241283e-01,-8.388179324622090441e-03,-2.747488188021074418e-01,-1.839183089213208833e-01,1.505569267174455550e-01,-5.126437019213528901e-01,-1.098055119287936754e-01,3.166890871223171922e-01,-2.307417549233824750e-01,-5.049542347660841424e-01,-2.710237212943635288e-01,-4.134071443023708547e-01,4.449481034665912771e-02,4.465253458447085988e-01,4.700761089914905488e-01,3.308730056113715068e-01,-2.946980309062934289e-01,2.321920056787740716e-01,-1.817888518304096035e-01,-4.636485613747580725e-01,7.487149807115925371e-02,-1.615567256675543295e-01,1.164683507231622367e-01,2.521566905303652684e-01,1.254317080861406218e-02,4.252660185091906332e-03,2.427119787654638539e-01,3.103414125153286518e-01,1.516818667490681394e-01,2.576200328034157216e-01,4.536283231896090506e-01,4.148203214719189957e-01,4.662779580169685301e-01,5.320115260562450210e-01,4.995069026895533892e-01,3.015946392220043015e-01,4.132423804325308647e-01,-2.805237655935069463e-01,-2.029293245550353175e-01,4.420155398336256258e-01,1.291086592648718334e-01,-4.385110811316834112e-01,7.761744451961205549e-02,-4.141568036324824731e-01,-4.232175471431804947e-01,-4.630152210379900324e-01,-4.944934003679685164e-01,-3.888036714736442523e-01,-6.353272429006723288e-01,-3.352623601748524473e-01,8.114237566231220777e-02,2.910503093648950101e-01,-1.535273163609868485e-01,3.949889760676366102e-01,-1.068119603850501420e-01,-4.187744253316934562e-01,2.869620373106970268e-01,3.965793919879093687e-01,-3.170761264251892309e-01,-9.001778221664545609e-02,4.789288810561120879e-01,2.487644586881715414e-01,3.432735515303290963e-02,4.255150989552595742e-01,4.580618130732644899e-01,-4.430867412013114043e-02,-5.449415739485339305e-01,1.232786363489456055e-01,4.241476882073617061e-01,-2.943168019322048301e-01,-3.831783292361591875e-01,3.464887658611337518e-01,2.382014379430280882e-01,-4.562366750627941392e-01,3.220923952427388794e-04,-5.241987759371364852e-01,-1.352019988660728977e-01,1.575212910222414942e-01,4.277145783173521010e-01,3.965403816019480998e-01,4.400146114615322013e-01,3.250475985763731646e-01,3.599525980386629742e-01,-1.801732922868947984e-01,4.936887084259328207e-02,2.995416003839602714e-01,3.581504480833161419e-01,9.089702956237129261e-02,-2.844733006439725820e-01,-2.453226134069158570e-01,-1.133204155025543669e-01,-4.589585451169472807e-01,7.213579605366332581e-02,-2.835294699449510958e-01,8.819783239575633080e-03,5.110433194875860230e-02,-2.353174428408136842e-01,-7.512626095818798755e-02,-1.963711593074662087e-01,-1.574682647529585811e-01,-3.764241308357288984e-01,-3.546369061538569289e-02,-3.364663354100388970e-01,-2.565166712495798862e-01,-4.771675146327353928e-02,-3.631617209707170835e-01,-2.756020819757845630e-01,-4.286748581588759044e-01,-2.417411982443073148e-01,-3.637596109647521780e-01,-3.152808684606632217e-01,-2.164449269662331310e-01,-1.141671684272881210e-01,4.288384195355882111e-02,-6.813515052354891799e-02,-4.828147246566443646e-02,-4.627620634402512118e-02
2.148827503400023153e-01,3.660777023645049866e-01,2.552743220184300332e-01,2.675100054839660291e-01,4.561129030068991064e-01,1.096060771313987076e-01,4.272885977734889873e-01,4.740313109018628457e-01,2.308228452038741108e-01,1.000000000000000000e+00,4.671330144109532845e-01,4.252412958485342620e-01,-3.503223912266428819e-01,-9.048082754547361051e-02,2.596416188606862629e-01,-2.196147882988967459e-01,-4.354166667945728597e-01,-2.723704588358867862e-01,-6.305194950344941707e-02,-6.790582030777402300e-01,-2.703481027827742481e-02,4.327147564436265026e-01,-3.524935006984026287e-01,-5.848686730782255427e-01,-6.398279403956315114e-01,-7.715331500452864144e-02,-3.295155593496748025e-01,-3.966664082388037249e-01,-1.657610181516190329e-01,-2.475253164301169928e-01,-3.392951416472567705e-01,-2.252717349051113205e-01,-5.745854839821523674e-01,-2.472311284034477141e-02,2.221453707985476256e-01,2.763071873937390510e-01,1.637580606619783719e-01,5.097819566085578513e-01,3.692147501589800318e-01,6.145230827241657812e-01,4.217259376680783656e-01,6.049852581410286589e-02,5.154703068298344126e-01,2.614850532696998409e-01,1.511853812464311886e-01,-6.759974009786456906e-02,-2.751898636013178079e-01,-2.939371887434991670e-01,-1.407484332749686928e-01,1.416571811250743329e-01,-4.586598081934938065e-02,-2.361992701301187658e-01,1.955368007193883650e-01,-1.397537359947238766e-01,2.127601156013972372e-01,4.394746236805774364e-01,2.503617919084914489e-01,7.478166134709381130e-02,3.552658020333363531e-01,3.412374130443088238e-01,5.468108158952704467e-02,2.072914993587874621e-01,4.214614774386056806e-01,2.019525984034837296e-01,5.028428296524395380e-01,-2.671482214715140829e-02,-4.026603787417595837e-01,-4.760907754655353541e-01,-2.317407736080021388e-02,-6.325189021609270990e-01,-3.251762597230111740e-01,-5.500615465697610285e-01,-4.820258274042797386e-01,-3.016412989288733137e-01,-5.831915863900590802e-01,-1.940132922709611740e-01,-5.177076840446683675e-02,-5.373209545504323836e-01,-2.413529006313404335e-01,2.142380110779127933e-01,-3.908901852336496563e-01,-4.952283853147014803e-01,2.025783583956721270e-02,-1.867880137450194517e-02,2.992151245263031667e-01,5.746736345646544786e-01,2.543305432859031545e-01,5.516500849607967050e-01,-3.638693150285302047e-01,-4.308047870125488732e-01,4.926471371576758296e-01,3.297882791526897672e-01,-5.692298115822548299e-01,-8.926308221477050053e-02,6.498692989427832245e-01,3.536699392204223358e-02,4.213369959181308966e-01,-3.174813373366350833e-01,1.900674950135969321e-01,5.620639847351504015e-01,2.656810520578236634e-01,-2.426936218008289917e-02,1.532672636571605351e-01,4.141231803493882757e-01,7.480287510600315548e-02,-1.611455097350472099e-01,7.457419829976832948e-02,-7.250380159896695209e-02,2.258385115211056782e-01,-8.584337086289857421e-02,-2.892862711150046007e-01,-5.405581735603686155e-01,-2.489913808642398863e-01,-4.839850931517129529e-01,-4.794990364920723724e-01,-5.152551569711022461e-01,-2.954883366076022089e-01,-4.777440930996899038e-01,-4.375383619466483021e-01,-1.578111958086923228e-01,-9.659146476984059593e-02,1.253529773359783051e-01,1.273936955798700699e-01,4.835606394779538020e-01,-1.154495186672075263e-01,3.172318783799605857e-01,1.725699894877379126e-01,-3.596274348106973662e-01,1.964640459864400168e-01,1.120348912852508864e-02,2.705358972135014639e-01,2.347936646819767381e-01,1.069641271972093938e-01,2.543248068748964474e-01,2.064590639081338996e-01,1.929284808914071003e-01,2.485056631770759250e-01,1.621548516731903256e-01,-3.989711873149017450e-03
9.124306343760205107e-02,1.850619356489022205e-01,2.561321797461789118e-01,1.140821770664745272e-01,4.250304319512968054e-01,4.023609633630715332e-01,5.723288161271523622e-01,4.073237391848634759e-01,5.845925641003710815e-01,4.671330144109532845e-01,1.000000000000000000e+00,1.476881035843271017e-01,-4.910449450751542266e-01,-5.168123809919207279e-01,1.643859334504197203e-02,-5.230732247520493150e-01,-3.819522999200062330e-01,-5.216215552974193814e-01,2.386974172891826937e-02,-4.538392353993311867e-01,3.135153063016544728e-01,5.669781131199962410e-01,-2.661662229543219627e-01,-2.933629937483912542e-01,-3.832537352612236936e-01,5.274923282031995786e-02,1.694327452593638872e-01,-5.026453845315219660e-01,-3.904158119620735889e-01,1.511407668859625630e-01,-1.102917075086819881e-01,-5.542602805835259439e-01,-5.073622317066286413e-01,-4.139960216254608416e-01,-5.875512312967080819e-02,2.944609198878807566e-01,5.103409532527108938e-01,4.973954462441370628e-01,-1.600891506346365234e-01,4.289926029606794255e-01,1.199344954116481898e-01,-4.100897162737272561e-01,2.186397133719951147e-01,-1.534380586802893409e-01,-4.443188891491550024e-02,3.872120035106126068e-02,-1.245749765022571426e-01,-3.116659670055708584e-02,2.121297945117902456e-02,2.198627344961719687e-01,-6.985412407846984528e-02,-2.431950084656024288e-02,3.243155846498210204e-01,2.092050167744892719e-01,4.582334516122804069e-01,5.469603717361717354e-01,3.630360846967120025e-01,3.711620614360634507e-01,3.287461477204151050e-01,-1.487521728177038371e-01,6.512070941364508925e-02,4.730208477449866500e-01,1.152060820429660210e-01,-2.545585103505345059e-01,3.685585566084171316e-01,-1.594825141297709914e-01,-3.972950964667137375e-01,-6.397452333100412947e-01,-3.812883340717966307e-01,-4.973482343974166553e-01,-6.005776332787118310e-01,-3.679622813123345493e-01,4.526893184130866693e-02,6.393951056428423541e-02,-3.351031492888809638e-01,3.055411824718186620e-01,7.990937184142009320e-02,-6.404031147385651490e-01,6.992068743869352121e-02,6.066427122780355674e-01,-3.172663765181442108e-01,-4.128254537278847058e-01,3.985635231062333306e-01,6.413608667253098417e-02,9.618990008566784440e-04,5.731823345148636673e-01,6.605642001372767913e-01,2.044398855017115768e-01,-5.377569824352389505e-01,1.036269411010570379e-01,6.868821129412767679e-01,-1.100569679002954687e-01,-4.294315849637376781e-01,4.738044785720190166e-01,5.153702008460541162e-01,-3.865388836573346865e-01,-3.272620776705883333e-02,-6.354175498361464003e-01,1.666409010876167551e-01,4.276584337561093463e-01,5.281809468350512349e-01,2.544076548208137334e-01,4.911187511791834104e-01,4.345668453186392610e-01,1.757984045275564344e-01,-3.346394080058852638e-01,-6.904335045259940573e-02,1.979840651474367719e-01,3.122079083984861669e-01,-1.404623530218943595e-01,-5.515585438772192539e-01,-4.821351200718633767e-01,-3.980215109944551521e-01,-5.883046502402609068e-01,-4.370726417477360098e-02,-3.751615473576133120e-01,9.970376919777762525e-02,-8.682063772489306830e-02,-3.130422335574595261e-01,1.050478299665739551e-01,-7.205557416179135533e-02,1.048969420673415281e-01,-2.970813638709636217e-01,2.569772394116577874e-01,-1.808825647991222918e-01,-6.484542293433553928e-02,2.565873209292081625e-01,-3.187880778855919361e-01,-8.157344316397917294e-02,-3.519972920590426768e-01,-1.600939346039116917e-01,-1.786696358655517070e-01,-2.190769992744265870e-01,-6.519827583788592729e-02,-1.697544837977295329e-01,-3.310263178402135520e-02,-3.831425505621088162e-02,-1.620549324408415703e-01,-1.456229250131623743e-01
