1.000000000000000000e+00,5.048845810458724159e-01,3.904341837943927085e-01,3.296622758481466686e-01,2.107188740114369074e-01,9.835737104440922529e-02,7.143328654832369062e-02,9.817541247874821131e-02,9.018104612019670063e-02,4.711198041748670268e-02,2.361580175497629552e-02,7.389223049298913361e-03,7.178929579511995375e-03,-2.134452265969619122e-02,-5.974285679900910931e-03,-4.497204796502148050e-02,-1.473513118411203839e-02,-2.833851381279679435e-02,-4.152600795339885659e-02,-1.171649407877856271e-02,-4.906053294236619074e-03,6.895284605878781829e-03,4.404408422668297345e-03,1.903852854549667808e-02,1.121922560987316346e-02,2.023979265759179996e-02,1.508949444807627591e-02,1.388970105371703512e-02,1.060347645932148246e-02,1.409082225076162438e-02,-1.539885169142092558e-02,-4.546884098885258657e-03,-1.600569988532229981e-02,3.037746303427684693e-04,-5.087345446295979835e-04,-1.691341323785656992e-02,-6.227596490636975665e-03,-2.743280580693614398e-02,-1.612602438771023813e-02,-8.889743084686480348e-03,-4.990064697534707383e-02,-1.294841840294099281e-02,-5.435122992720824858e-02,-2.357413341235467009e-03,-1.250109256703960982e-02,-2.690849833602631039e-02,-1.433824390219579775e-02,-5.757495585363376321e-03,-2.437477132098883961e-02,-2.839141255256047436e-02,-1.050011057671711330e-02,3.036233088190112492e-03,-2.489138196066922534e-02,-2.437509377292171667e-02,1.362947741798189267e-03,-1.462658408545169583e-02,-1.129954564841740249e-02,1.562945275156093702e-03,-1.406498253460553884e-02,-1.186166374817208304e-02,-1.997296083568458978e-03,1.359562816621100526e-02,1.643464270464743780e-03,-8.076306657721375737e-03,1.542770824234155312e-02,1.791489999248721196e-02,-7.512181690574790648e-03,-5.592346910209310476e-03,2.457560891964740910e-03,6.206214262891076791e-03,-4.425108429460967302e-03
5.048845810458724159e-01,1.000000000000000000e+00,3.880369959467857011e-01,3.836980346091585226e-01,2.995828883423428679e-01,1.616356923650002775e-01,1.119133803881106198e-01,9.458673997658149923e-02,1.193553250386411857e-01,2.292006845089050379e-02,2.611318304302970295e-02,-1.158185859682071654e-02,2.809569495357496383e-03,-5.417874882635996450e-04,2.241840771025182394e-02,-2.556883067533496576e-02,1.456941626992004982e-02,3.828903866065768184e-04,-2.366586699498279128e-02,1.385070044495361266e-02,1.070884762284500524e-02,1.176039523827196107e-02,1.383102875533258336e-02,3.157319720214760150e-02,1.361641913568848762e-02,9.909643378328543070e-03,8.070560900372295010e-03,-4.994132291667193954e-03,2.852777937131505126e-03,-4.198930648868149339e-03,-2.721683202074532890e-02,-2.303068592937656395e-02,-3.804141946610052616e-02,-1.017419361971503948e-02,-4.534619306037072570e-03,-2.924394094960728122e-02,-1.424243395411473913e-02,-4.437775736053920644e-02,-1.347608980535498942e-02,-4.027121353962213532e-03,-5.164772085490183795e-02,-2.131688622058210830e-02,-4.352761578165761924e-02,-3.147941330595941702e-03,-1.593504895241050837e-02,-4.291934463387804544e-02,-5.270669104088345110e-03,-1.867066344013891890e-02,-4.368327772508664303e-02,-1.843486136191439112e-02,3.218687907231027739e-03,7.001070806979665245e-03,-2.741001422627705950e-02,-1.513588801169542426e-02,-5.969481148150860075e-03,-6.938537284262025207e-03,-5.869980217388552808e-03,6.988427224520784090e-03,-1.587644570223948823e-02,2.363946368549895479e-03,9.986713696259979720e-03,1.023930635569575073e-02,1.717986094669648675e-02,4.885728487185567702e-03,3.380313806593464310e-02,3.151623883610076698e-02,-5.752447047420373343e-04,-1.199481301243342929e-02,6.457370036276967144e-03,-2.977253221013108006e-03,-1.282586938264911394e-02
3.904341837943927085e-01,3.880369959467857011e-01,1.000000000000000000e+00,4.775056837198746740e-01,5.907647140276133246e-01,1.903237500605836907e-01,1.266795665609862509e-01,2.278069201085170248e-01,2.098442019857638952e-01,8.421855284576609812e-02,5.930660527551492173e-02,1.008593097155694764e-02,-1.678576104184337225e-02,-2.415501242110170560e-02,-1.121541164545639471e-02,-4.397600385064225070e-02,-2.064857582826977456e-02,-3.759325709350901101e-02,-1.411266987433596604e-02,2.730881247196577551e-03,3.095381832686893570e-02,1.073459939062498467e-02,1.304056811686572261e-02,1.805335624274354706e-02,-6.863916801768178179e-03,7.619099094652634525e-03,-4.121032358039344000e-03,-5.577496603134115931e-03,3.618199484818610174e-04,8.296993019400736996e-03,-1.862163790335558122e-02,-2.014242927304927752e-02,-3.415402940190356146e-02,-6.504317545557293696e-03,-2.725370693786380652e-02,-1.232309616465641910e-02,-1.781278048902045462e-03,-1.295876737822913329e-02,-1.932040201881208424e-02,1.391954265907307912e-02,-2.577989208151133804e-02,-2.306534912849412047e-02,-3.118613496546255096e-02,4.872583181636331619e-03,-5.982143084241445946e-03,-2.026951741312302616e-02,-1.444919545139999699e-02,-2.898486447842219677e-02,-2.238962768555036523e-02,-3.809336376868954419e-03,-1.311243479510533667e-02,2.758680442131142361e-03,-1.195564791808722410e-02,7.735560079149714175e-04,1.806572405372835880e-04,5.797512353116665573e-03,9.818025331265892511e-03,7.256141001166278685e-03,8.643592656238194283e-03,1.445585510836804727e-02,1.237928153526354422e-02,9.891384897921550942e-03,-8.428411609052275863e-03,-7.309806417907621992e-03,1.267798192049398795e-02,1.992328866402652554e-02,-3.525120962810800347e-03,-2.543481471610720829e-02,5.637778906005434278e-03,1.341824297912953779e-03,-1.110251117068802385e-03
3.296622758481466686e-01,3.836980346091585226e-01,4.775056837198746740e-01,1.000000000000000000e+00,3.538426464858771547e-01,2.403538086334048585e-01,3.213729809425535655e-01,2.501444214773098085e-01,2.319089836366161617e-01,1.158157664331555814e-01,1.151371096771219016e-01,3.170133416411905630e-02,2.645882671301451675e-02,-1.567845544194084936e-02,-9.333519113467615702e-03,-5.241346634589866965e-02,5.604510166752313394e-03,-1.003183262667278926e-02,-2.201127645174889153e-02,2.353040119158237783e-03,1.929209128718760435e-02,-2.143523514532083216e-03,3.271918251564915475e-02,3.881799562303151624e-02,1.834387128911544457e-02,2.891857168218681454e-02,1.609708535035832321e-03,1.137668992419908071e-02,9.790201769082079383e-03,2.177251371153191700e-02,-1.214044374395081404e-03,-1.649839540051850975e-02,-1.587627035683791821e-02,3.563790580765790333e-03,5.200036560185816031e-03,-1.255992241293113314e-02,-9.799740565850754634e-03,-1.567668031454200195e-02,5.563110640943569503e-03,4.783290729912691858e-03,-2.358275933630440274e-02,-1.542424209290007078e-02,-3.564803218765984910e-02,1.999166964517494136e-02,-1.527548783428566564e-02,-3.574580189328659813e-02,-2.184673849401145423e-02,-1.381646241643886934e-02,-2.356376746755217688e-02,-1.439278296679262145e-02,-1.530330939644353357e-02,5.282419785404019602e-03,-1.180496397790002996e-02,-1.670241231478288360e-02,1.321181969693384882e-02,1.012152261202466617e-02,-9.479986480283881384e-03,1.489398329240915891e-02,6.282045853994518321e-03,-4.452990305985229762e-03,1.404265296131538762e-02,1.568303717632922589e-02,9.347145957763611972e-04,-5.180745796626143145e-03,2.130959720764589657e-02,2.672298912188679140e-02,7.467137671155493588e-03,3.047267096405684855e-03,9.792781408758942027e-03,-1.752152902313275839e-03,-9.077139368054414764e-03
2.107188740114369074e-01,2.995828883423428679e-01,5.907647140276133246e-01,3.538426464858771547e-01,1.000000000000000000e+00,3.025682624445188984e-01,1.358000520709013448e-01,2.802856844728102148e-01,2.896136807850600015e-01,1.220934821323078207e-01,7.841618366698442644e-02,3.461218742391555803e-02,-1.718245619032679819e-02,1.682438793610811084e-02,2.255607042392250225e-02,-3.439894928754939907e-02,1.787131724815854694e-02,-1.050339492399294042e-03,2.316174140493279521e-02,4.633780407219610653e-02,4.622458944431982047e-02,3.007837199788591584e-02,4.047164816512281715e-02,2.513494714221365181e-02,7.650469646751580262e-03,2.187987603995204464e-02,1.703094440370203980e-02,7.660219062847371634e-03,2.769983144682598708e-02,1.781333348137286929e-02,4.719843346282565598e-03,-1.214255618566244775e-02,-2.965783037703130509e-02,-1.505464750272999088e-03,-2.272211282549278788e-02,3.285427954688435563e-03,3.067233876747516973e-03,5.585822511122787160e-03,-2.919663491654842999e-02,2.977617573907984181e-03,-1.703630772933781984e-02,-1.805300630036595425e-02,-2.260785302833389493e-02,2.432219403170233704e-02,1.209006251230671132e-03,-8.075149572666041539e-03,-1.907804764107702555e-02,-1.335038002679254758e-02,-1.933631238512341019e-02,-2.304340287366785089e-03,-1.940292784411915342e-03,-6.173377331251082845e-03,-5.587909836715919051e-03,1.994323162762666468e-02,-1.158660732507405845e-02,-2.503799963281265646e-04,-8.066762708729725839e-03,-6.909252805718119235e-03,-1.445823776088236111e-02,-6.119641387528763736e-03,1.484320456742335877e-02,1.857546023664360252e-02,1.078844008888649002e-02,1.262974138701415325e-02,3.340656925330102306e-02,2.424921751150185822e-02,6.032305396797702293e-03,-4.967894543043698159e-03,1.693839588404949525e-02,2.185170922313388678e-02,1.982443804975747917e-02
9.835737104440922529e-02,1.616356923650002775e-01,1.903237500605836907e-01,2.403538086334048585e-01,3.025682624445188984e-01,1.000000000000000000e+00,3.668632381335719117e-01,2.282897899068678793e-01,2.797519179459170280e-01,8.854852192029137592e-02,1.116571859463149630e-01,4.808683639816809657e-02,4.207211418663484026e-02,2.286183373785993442e-02,5.422998386728686976e-02,2.578153321078776976e-03,2.082898632118695970e-02,4.071105174204587424e-02,5.758562135812538008e-02,4.063831825700412598e-02,2.265479522717776459e-02,3.213623805463999145e-02,7.748592687684603686e-02,4.713300424983057207e-02,5.624272419248969868e-02,4.281180392158364517e-02,1.118365620930063947e-02,2.325921133868595267e-02,2.277435450071344653e-02,2.416445194725733506e-02,3.367763939593371170e-02,2.433156584266102374e-02,7.045680512703259533e-03,2.830635569630488013e-02,2.034393404387764212e-02,2.432795245632416586e-02,2.272248826381051065e-02,-1.165573659374784417e-03,3.900237759939803595e-02,4.258601082651249786e-02,7.502138541903840586e-03,1.730169551509775847e-02,-1.218097860426013354e-02,2.256723624876355930e-02,7.026956835489582033e-03,7.073911486128028892e-03,-1.391127771741993736e-02,7.295713808294861276e-03,5.464911668541698811e-03,7.111862977209993525e-03,1.792413205755766584e-02,1.293196177843972290e-02,1.084091661857329927e-02,3.190060539775987219e-02,8.348995553242069892e-03,-3.528621578156917755e-03,-5.551335381265536627e-03,1.826869080774552387e-02,-1.957745109009922067e-03,1.896070389533418676e-03,3.241741100305266243e-02,2.327041729368450537e-02,3.024751187437651687e-02,1.244399622190757795e-02,4.442911940602627119e-02,3.231325064373484490e-02,1.484462465089330524e-02,2.774580451689982394e-02,-1.206230115396388167e-03,9.906074608266656617e-03,1.319934535039623928e-02
7.143328654832369062e-02,1.119133803881106198e-01,1.266795665609862509e-01,3.213729809425535655e-01,1.358000520709013448e-01,3.668632381335719117e-01,1.000000000000000000e+00,4.344886852942126954e-01,4.974453052496199401e-01,3.427729318078253651e-01,2.663150669292075889e-01,1.957049590468711020e-01,8.290364196048083389e-02,2.893645271999340830e-03,6.688373012814742558e-02,-1.638357648161507807e-02,1.715694347798374028e-02,-2.666719473965634135e-02,2.684272897364269744e-02,4.116075106038569881e-02,5.094372965522600896e-03,6.408589743263886328e-03,7.243071772483865300e-02,4.309237978514491446e-02,4.762760725977875642e-02,5.479749430265096893e-02,4.946494973928989604e-03,2.467604127248462439e-02,4.775493757323519273e-02,1.178658795322779472e-02,4.024306359061746025e-02,1.313051684642114504e-02,4.845391030614747824e-03,2.850641014961582259e-02,2.401470585142122943e-02,1.376446929657212069e-02,1.617677373539439661e-02,2.174278695666876510e-02,4.168974386901753287e-02,3.776332789441465970e-02,1.960403486915448037e-02,4.340876489082556161e-02,-4.043019348911025199e-03,6.256352501568593349e-02,3.180750833171815117e-02,9.605604085745397119e-03,-1.584888446604569567e-02,5.988129720348208188e-03,-1.143465127051635985e-02,7.254090086131955231e-03,-1.267654920695894354e-02,2.501420595432495703e-02,2.168196189500838991e-02,1.332355602353862793e-02,6.189187012947717191e-03,1.313535559264161247e-02,-1.979567668784390153e-02,1.142198330368156961e-02,-9.680618946452071438e-03,-5.689969644098409607e-02,1.078634690491258805e-02,2.264757097556688997e-02,3.295484423899490423e-02,1.644639208958120075e-02,4.770655706228123932e-02,2.288004399486511312e-02,1.802107861878155665e-02,2.194972068584238184e-02,1.827012900012663782e-02,5.989994734990588578e-03,-1.001104635352461324e-02
9.817541247874821131e-02,9.458673997658149923e-02,2.278069201085170248e-01,2.501444214773098085e-01,2.802856844728102148e-01,2.282897899068678793e-01,4.344886852942126954e-01,1.000000000000000000e+00,5.025104071961405960e-01,5.450143404337187691e-01,3.603070899897176105e-01,2.490092654889536905e-01,8.417768533918920659e-02,3.400773273851216694e-02,5.399819762815696866e-02,-4.433696767434440467e-02,4.741300159084121946e-02,-3.312408954224008162e-02,-2.099389413705797167e-02,2.510492418000529607e-02,1.658271597393851798e-02,2.677448651916742792e-02,6.754757352037718543e-02,1.834331434125722679e-02,3.616984766418705147e-03,9.242302336737225760e-03,-1.013145861771386040e-02,1.612490755754222155e-02,2.050622689761561965e-02,8.898583297292613978e-03,2.705584859543583645e-02,1.064778755093913169e-02,-8.088497101822925139e-03,2.916563953213129404e-02,5.212041065980900154e-03,2.606535694772190923e-02,5.224663848506931607e-02,3.643917878202061755e-02,3.370212025185587157e-02,4.700635555717833092e-02,3.110494389342002494e-02,3.074027492033042444e-02,6.871322768308150628e-03,4.882745026838258839e-02,3.452214258036245820e-02,4.055033697010947125e-02,-9.441453388162436913e-03,2.592495425725643496e-02,-1.627213744310944399e-02,-1.362160577924708890e-02,-7.364768147712140965e-03,2.356794123014754883e-02,2.995746710456724526e-02,2.473235508110101233e-02,2.541471510888037438e-02,4.151395115024449772e-02,-4.041377636551753659e-03,1.608007896802963327e-02,3.370039758881581554e-02,1.314172320443141896e-02,1.371736811304624659e-02,6.061319537105975055e-03,3.121068108932900306e-03,-6.074477147889481045e-03,1.952803904687828995e-02,-9.987730198529299122e-03,-1.485235026319399292e-02,-7.726030955852415498e-03,1.352102227293920829e-02,6.814943008996324041e-03,-3.946336475725469375e-03
9.018104612019670063e-02,1.193553250386411857e-01,2.098442019857638952e-01,2.319089836366161617e-01,2.896136807850600015e-01,2.797519179459170280e-01,4.974453052496199401e-01,5.025104071961405960e-01,1.000000000000000000e+00,3.327103290622235310e-01,2.975853023584497659e-01,2.071143042791133426e-01,1.897693235116919286e-02,-1.482560569993379013e-02,2.396929606388345513e-02,-8.195446800563338519e-02,-6.143013926317360610e-03,-4.441781103473380066e-02,-2.457514790826473630e-02,1.695704532185305161e-02,3.024039734263025969e-02,1.922715218197533146e-02,4.821089799636534695e-02,4.278683846255626477e-02,2.467357908006881026e-02,3.195980672528313943e-02,1.841289020372030225e-02,1.053165967603263142e-02,1.561549021900851195e-02,-9.010794126039082033e-05,8.509261371740387339e-03,-1.499293447518102416e-02,-2.661803825691344202e-02,9.245067601707806018e-03,-2.138735561300088642e-02,-1.409636697227784237e-02,9.440293261609500330e-03,-1.460397324396333317e-02,4.821163754848686108e-04,5.618139935728314570e-03,-2.518159725758695525e-02,-4.326781299195167803e-03,-2.741977614297059010e-02,3.218071894155240947e-02,5.318929746598493116e-03,1.711504262229891424e-02,-6.408084341055334671e-03,-5.687886732041400224e-03,-1.784822070626253254e-02,-1.028445376427986058e-02,-5.423085017637102948e-03,7.598413561413263143e-03,1.227868378277657997e-02,1.753605440034045407e-02,2.418331834276833334e-02,-6.957070017432188599e-03,-2.838969378257416229e-02,-1.205632174898525061e-02,-4.601956206089973141e-03,-2.062049526347553216e-02,2.297150802217413565e-03,6.491203965642534761e-03,2.288226585252065015e-02,1.384680878890135261e-02,3.424175709764037956e-02,6.586051085635224490e-03,1.153798611288985899e-02,2.012430343726048787e-02,5.032540211278378750e-03,2.229061231873680562e-02,1.023809839389316564e-02
4.711198041748670268e-02,2.292006845089050379e-02,8.421855284576609812e-02,1.158157664331555814e-01,1.220934821323078207e-01,8.854852192029137592e-02,3.427729318078253651e-01,5.450143404337187691e-01,3.327103290622235310e-01,1.000000000000000000e+00,4.943943833113027542e-01,5.349665207266005584e-01,1.642043635076243790e-01,1.319178475534145689e-01,1.486160551313548961e-01,2.716832363146211293e-02,1.258897909579471674e-01,-1.881339366915807040e-02,4.465088720412560552e-02,6.483283313553266092e-02,2.853139032258336302e-02,5.950986542778225266e-03,1.091509334687229132e-01,4.336812466825697154e-02,3.377854836597905808e-02,3.570386254504160500e-02,3.518385444080837643e-02,3.329996838648425356e-02,5.003307775054437190e-02,2.834607386782362834e-02,4.034583452385465119e-02,2.799865296142015070e-02,2.772878457876526773e-02,4.123012706899000651e-02,3.219248640903903114e-02,4.121895533245912430e-02,5.213733800799742746e-02,5.818830903318466391e-02,4.125879942522961419e-02,3.678002655039850494e-02,4.700312034404951350e-02,6.128830507229637847e-02,2.093672946256714545e-02,5.749275785960977769e-02,6.451298623891504880e-02,6.010402686129368011e-02,1.303941642351269178e-02,6.099258449046709996e-02,5.844630245222281681e-03,-8.929379252558130101e-03,3.213563675332974101e-02,6.472011022985947604e-02,3.805182942001605201e-02,4.431344189802992328e-02,5.206686451913938862e-02,4.530403083019592103e-02,7.343222304347689355e-03,5.156088746242834531e-02,2.775535938022046303e-02,9.773299603941555669e-03,2.263559083673811687e-02,1.300381989964491565e-02,2.746415339218013368e-03,-2.364826213262127483e-02,-7.375836766647483542e-03,-2.795097765906678217e-02,-3.404520824944302221e-02,-1.115578609528840130e-02,-1.511871104089371372e-02,5.988720230189226515e-03,7.052577167097282169e-03
2.361580175497629552e-02,2.611318304302970295e-02,5.930660527551492173e-02,1.151371096771219016e-01,7.841618366698442644e-02,1.116571859463149630e-01,2.663150669292075889e-01,3.603070899897176105e-01,2.975853023584497659e-01,4.943943833113027542e-01,1.000000000000000000e+00,2.953364281545430292e-01,1.128386265846411662e-01,6.936048253991269896e-02,1.276875335222316110e-01,8.939566155811864978e-02,6.615186610320937521e-02,-1.517843818383749974e-02,4.800316487913840191e-02,2.502856339005037761e-02,4.777179007973873619e-03,-8.445175992305901588e-03,8.293604103999104027e-02,7.124987736626316182e-02,3.580202403425548213e-02,4.724512846924188575e-02,3.499985092718031765e-02,4.474924035887559853e-02,6.605805378292374519e-02,2.657619318999645056e-02,6.010793017257462512e-02,4.129109445062707079e-02,5.080472894552653940e-02,6.053179507639312729e-02,3.644214448116331329e-02,6.659777150262022327e-02,8.448141147513056615e-02,7.392102956537660585e-02,5.987829438929491432e-02,5.150267378809818969e-02,4.336854027061772671e-02,5.961564290336813371e-02,1.372140488294868073e-02,6.637310420657202559e-02,7.535104723147005579e-02,5.189000534310215379e-02,1.406948778396968115e-02,7.274007915493484189e-02,2.274419268688072579e-02,-1.324447049974062686e-02,2.331752988100596613e-02,6.125696049540874100e-02,-3.867666293352575377e-03,6.611233708599016483e-03,3.950907885969583838e-02,6.490053331776456103e-02,1.781261446393565253e-03,5.848203325243195999e-02,2.553095847180330419e-02,-1.303826868405441597e-02,4.008705798088745692e-02,3.247914680317869930e-03,-5.972702696043091959e-03,-2.912846822287909129e-02,-2.504838338335383177e-02,-4.299453787289338191e-02,-3.764949308239178005e-02,-1.286548224888890181e-02,-8.901693932641266752e-03,4.747912377187132188e-03,-9.297519293539651536e-03
7.389223049298913361e-03,-1.158185859682071654e-02,1.008593097155694764e-02,3.170133416411905630e-02,3.461218742391555803e-02,4.808683639816809657e-02,1.957049590468711020e-01,2.490092654889536905e-01,2.071143042791133426e-01,5.349665207266005584e-01,2.953364281545430292e-01,1.000000000000000000e+00,2.756378640227057919e-01,1.762817397433447120e-01,1.741729828607022079e-01,2.435541224760926632e-02,1.785478767162948233e-01,8.410697522678872370e-03,7.966806573795696955e-02,4.593581792520792795e-02,3.842834584454083574e-02,-3.674951475083260144e-03,8.887305062792902333e-02,1.850018460717470919e-02,8.201747114804003660e-03,3.250226134927019367e-02,1.703894932140488302e-02,3.262443008197408317e-02,3.425914139929463198e-02,2.844307024008916468e-02,3.478512937343852113e-02,2.404477232314886082e-02,2.048568340229810908e-02,4.760072864714322283e-02,2.550278471651020243e-02,5.500030600678659093e-02,4.243399853559864238e-02,6.019148329559300542e-02,3.558383354919692626e-02,3.833851681430280878e-02,2.024593055778167727e-02,4.277757732534989699e-02,3.397789341395120524e-03,2.631979896789338191e-02,4.557172501841601914e-02,3.417479410341413282e-02,1.756479389514594910e-02,2.836163161938429558e-02,-1.498668522994386822e-03,1.170345432815666012e-02,5.314916917001221569e-02,5.651830341996832985e-02,2.255806932308473262e-02,4.839698028168326616e-02,4.089427200579867638e-02,9.784635732074959541e-03,-4.525726489075684346e-03,1.351453365511585090e-02,4.850839914663773560e-03,-1.182790508111507093e-02,2.257821259132002101e-02,1.489588587280044930e-02,2.283991163828328827e-02,-1.337545610689039365e-03,1.067766874026282497e-03,-2.904591637146243521e-02,-2.365345650164070446e-02,-6.624955700048331883e-04,-3.926881210222961383e-02,2.658519926230241189e-03,1.173747827021021485e-03
7.178929579511995375e-03,2.809569495357496383e-03,-1.678576104184337225e-02,2.645882671301451675e-02,-1.718245619032679819e-02,4.207211418663484026e-02,8.290364196048083389e-02,8.417768533918920659e-02,1.897693235116919286e-02,1.642043635076243790e-01,1.128386265846411662e-01,2.756378640227057919e-01,1.000000000000000000e+00,2.443955285350123685e-01,8.432497829541577006e-02,-1.076807154346694634e-01,2.935502461299224763e-01,1.746846634128212672e-01,5.961842856570554600e-02,4.711056790668822353e-02,7.439753754976946576e-02,3.709823185687440017e-02,8.188608956887921675e-02,1.926403585630196563e-02,1.096084517896525612e-02,2.843109582510852662e-02,-1.811791033346904500e-02,5.125531887099837869e-02,-3.094760516342666759e-03,2.073378140658457824e-02,4.716166838505193859e-02,3.372270821438434069e-02,3.755321632830354445e-02,2.677059504971538578e-02,-1.038820371022380765e-03,6.181740688558409746e-02,4.983277911114857711e-02,6.311729795962781053e-02,3.845150584214186706e-02,3.402054431707197957e-02,3.288122786959521426e-02,4.342447838187973863e-02,3.079354339957476178e-02,1.907525888907089448e-02,4.092222347533848448e-02,4.988131028247522192e-02,2.599889374830208558e-02,5.315255441244750440e-03,3.211241983410958317e-02,2.989937588804640611e-02,1.578822177922482167e-02,2.335857602862445245e-02,1.923767550612938762e-02,1.672530850665837274e-02,2.188771883481444719e-02,1.535627703723523203e-02,5.575723903451281979e-03,2.037514092890713516e-02,-1.563801823957284773e-02,-7.060860990717620321e-03,2.127133257824588911e-02,1.957440683315528340e-02,3.995988424950001200e-02,2.356838319199007145e-02,2.385237972427059830e-02,3.062742565514398572e-03,1.253475165073103526e-02,-1.625280211442451869e-02,-5.148220934339666627e-02,-8.146630360703724025e-03,-1.120935885258833673e-03
-2.134452265969619122e-02,-5.417874882635996450e-04,-2.415501242110170560e-02,-1.567845544194084936e-02,1.682438793610811084e-02,2.286183373785993442e-02,2.893645271999340830e-03,3.400773273851216694e-02,-1.482560569993379013e-02,1.319178475534145689e-01,6.936048253991269896e-02,1.762817397433447120e-01,2.443955285350123685e-01,1.000000000000000000e+00,4.914173788789567565e-01,4.423697701792202452e-01,6.132406493609425802e-01,2.165140478938592239e-01,2.498548696118416401e-01,2.786934698864906301e-01,1.481089810870959700e-01,7.988280739253196538e-02,1.582476301566884958e-01,1.174892762356470055e-01,8.324860291554091185e-02,6.940684779045527830e-02,8.649059241549163224e-02,6.529029768061776762e-02,4.877393472710340322e-02,6.000977192028732199e-02,6.714597076508849183e-02,6.480744023811248200e-02,5.695275863986591636e-02,4.926908292952517088e-02,6.528018169439740725e-02,5.967905626052620593e-02,3.451686371832039801e-02,4.773223025323490576e-02,4.787150662223649267e-02,3.964494508463377309e-02,1.295817901836046789e-02,3.252623434062610480e-02,-5.415950985770894704e-03,1.047053665436698818e-04,3.377790712934591183e-02,6.609473042107230287e-03,1.308300514292233020e-02,9.892797935021077974e-03,-1.101932401249160372e-02,1.446192149709679990e-03,5.062430730940035289e-02,4.668886086696440174e-02,3.566370114238211209e-02,4.161086479176143854e-02,5.864733379649295086e-02,4.426479101376153136e-02,-5.049408147241046634e-03,4.953149777586543512e-02,-1.632742384162472887e-02,-2.482439477063707461e-02,3.733706051121431918e-02,3.950761907008684681e-02,3.880064730268722312e-02,2.882112368162066326e-02,3.836516174777754307e-02,2.993606256284556122e-02,2.198316590009229132e-02,-1.148330705098921795e-02,-4.685984477764917194e-02,8.400808659475691997e-03,4.025851938906068600e-02
-5.974285679900910931e-03,2.241840771025182394e-02,-1.121541164545639471e-02,-9.333519113467615702e-03,2.255607042392250225e-02,5.422998386728686976e-02,6.688373012814742558e-02,5.399819762815696866e-02,2.396929606388345513e-02,1.486160551313548961e-01,1.276875335222316110e-01,1.741729828607022079e-01,8.432497829541577006e-02,4.914173788789567565e-01,1.000000000000000000e+00,4.213955334886244075e-01,3.766871299158158770e-01,-7.336683511759982401e-02,1.208643133526456082e-01,1.928109875432559017e-01,5.226515894257326850e-02,-7.565895836187975197e-03,3.546438375075800647e-02,4.483928526386891239e-02,1.815581680588162702e-02,3.720448846709348972e-02,2.875649085995210606e-03,7.436552474534564340e-03,1.779629163813299317e-02,2.343902067147877240e-03,3.225084555798489461e-02,3.037770920475487899e-02,4.930037122242598990e-02,3.000665870914142816e-02,3.383575936375820409e-02,5.926867427452722076e-02,3.975520764813081365e-02,4.175109241697785856e-02,2.873308648532033743e-02,3.678675381008799511e-02,9.204060033396898113e-03,3.613764851771204129e-02,-2.197491049613946659e-02,-3.715261334590361578e-03,2.687556683037876579e-02,-2.745711900621704976e-02,-9.833932347279358138e-03,1.875366059466969382e-02,-2.982233103487191145e-02,-3.907911953482639394e-02,3.980798269416518931e-02,4.810209878748294976e-02,-1.155805319255824408e-02,1.027909286334119203e-03,2.567635414971553703e-02,1.389297995138838969e-02,-5.987552116023481773e-03,4.099299270311974885e-02,-3.626261382901012961e-03,-3.318674266545167811e-02,2.867877692049089489e-02,-4.848694294729338772e-03,6.755280979302202490e-04,6.644521936513110572e-03,9.952313027870468912e-03,-2.974013414315203416e-03,-6.525807019420084253e-03,-4.125174453113331086e-02,-6.162080317710261906e-02,-2.054077921204285062e-02,4.363964862569984747e-03
-4.497204796502148050e-02,-2.556883067533496576e-02,-4.397600385064225070e-02,-5.241346634589866965e-02,-3.439894928754939907e-02,2.578153321078776976e-03,-1.638357648161507807e-02,-4.433696767434440467e-02,-8.195446800563338519e-02,2.716832363146211293e-02,8.939566155811864978e-02,2.435541224760926632e-02,-1.076807154346694634e-01,4.423697701792202452e-01,4.213955334886244075e-01,1.000000000000000000e+00,1.684577879039271253e-01,1.547297098171279174e-02,1.796917405809652646e-01,2.027481160080630840e-01,6.144751440543171767e-02,-2.425040480067467211e-02,3.467684446564271022e-02,1.060707638420553822e-01,4.517861554763513698e-02,5.996734478383156791e-02,5.215380822998800375e-02,9.244426229592045061e-03,4.063063182231055337e-03,1.869207526177572658e-04,7.688712608456970028e-03,2.921941004759507840e-03,1.572909286999431321e-03,1.132469701523727140e-02,3.050365408076721740e-02,5.425738120971039004e-03,3.057220577495629692e-03,-2.287768600561661259e-02,1.183465402546305008e-02,2.857194816627010511e-02,-2.484948833212496239e-02,-4.922835614351321089e-03,-4.192414402939859813e-02,-3.977998518683881386e-03,2.076101519890700270e-02,-3.473318529761416917e-02,3.655891140106545378e-03,3.053045366650284156e-02,-1.686567275822318732e-02,-9.439355458466164306e-03,4.534773568362243656e-02,5.255110099697394427e-02,1.467378545972605579e-02,2.711813566736437364e-02,4.104457090246772105e-02,1.358658083670266810e-02,3.120647281165068662e-02,8.428522296935893332e-02,7.135027487841357971e-03,1.528879079214945716e-02,3.415118395493652731e-02,-1.093054122306211804e-03,-2.038274251735301343e-02,-3.487962651786113955e-04,-1.613968779432299605e-02,1.325687893090923310e-02,6.566877290218034978e-03,9.242658000893985357e-03,-3.294476810066142985e-02,1.634230646073932258e-02,4.007555006850462009e-02
-1.473513118411203839e-02,1.456941626992004982e-02,-2.064857582826977456e-02,5.604510166752313394e-03,1.787131724815854694e-02,2.082898632118695970e-02,1.715694347798374028e-02,4.741300159084121946e-02,-6.143013926317360610e-03,1.258897909579471674e-01,6.615186610320937521e-02,1.785478767162948233e-01,2.935502461299224763e-01,6.132406493609425802e-01,3.766871299158158770e-01,1.684577879039271253e-01,1.000000000000000000e+00,3.410953526262553437e-01,3.018619231118666035e-01,2.980314347746117476e-01,1.739567441228196953e-01,1.193518494451601686e-01,1.902452312933431977e-01,9.791809238320862974e-02,9.948349045082434394e-02,9.816795467561788280e-02,8.696989510485327035e-02,1.041659495169806188e-01,8.564323176038238228e-02,8.462645513300277866e-02,1.066173493317485871e-01,8.977707529171341516e-02,9.830101648471684106e-02,6.579731585982753761e-02,9.171357134275412437e-02,7.533812482373937469e-02,3.283989352371202708e-02,8.450592590402870863e-02,8.427992552671009774e-02,6.062079290806918208e-02,4.508009698720730207e-02,6.298597292934132730e-02,2.903305659829693089e-02,2.842704173060326897e-02,6.388861349350544172e-02,3.356624663112935808e-02,3.315509723309219975e-02,2.899463861215825430e-02,1.627953918269643696e-02,1.328791968192129507e-03,4.071165456805841271e-02,4.099944842403285133e-02,3.279305877725442048e-02,2.912396687274065865e-02,4.412057621151525139e-02,5.054484722831044385e-02,1.980771082644245534e-02,2.686130962890583701e-02,-7.770505593011883989e-03,-1.734363168873047714e-02,2.462648743851542088e-02,2.549484239977754113e-02,2.312316939770057284e-02,7.639906903383015873e-04,2.398928774335432057e-02,1.045632777930920534e-02,-3.635503520882953088e-03,-2.340740499882488362e-02,-4.653942283133574720e-02,-1.178721495402833795e-02,2.363735833611185430e-02
-2.833851381279679435e-02,3.828903866065768184e-04,-3.759325709350901101e-02,-1.003183262667278926e-02,-1.050339492399294042e-03,4.071105174204587424e-02,-2.666719473965634135e-02,-3.312408954224008162e-02,-4.441781103473380066e-02,-1.881339366915807040e-02,-1.517843818383749974e-02,8.410697522678872370e-03,1.746846634128212672e-01,2.165140478938592239e-01,-7.336683511759982401e-02,1.547297098171279174e-02,3.410953526262553437e-01,1.000000000000000000e+00,3.088572566669157693e-01,1.282125575533041573e-01,8.074283764194363500e-02,1.463393615346986754e-01,1.863467735158776395e-01,5.334087216630290645e-02,1.377129208149512063e-01,9.219504608942848123e-02,1.148293500321818511e-01,1.170498103336950063e-01,9.842938138441803542e-02,7.377145310209425044e-02,8.320142491594126333e-02,5.033569690302758942e-02,3.261803513890115108e-02,1.471177611075375619e-02,4.933335427876312657e-02,-2.854604099906683790e-02,-4.524206852195739037e-02,-3.232681988214015662e-03,4.512593193372564995e-03,-1.624563262065126940e-02,-8.680718543661196385e-03,-5.026866695074463758e-03,-5.122569795469092066e-03,1.108132110757330431e-02,-2.856580526980864818e-03,-1.094681805644306775e-02,-8.886513887745266585e-03,1.513655108438903552e-02,-5.912595008322290430e-03,-8.582971391139412529e-03,1.706755599597864145e-02,-1.902714210725326566e-02,-2.818751436370552088e-02,7.555669776760290737e-03,1.381952874654960098e-02,1.959628604239479002e-02,-1.789985314892440435e-02,3.561321310291396675e-02,-2.897464776085322338e-02,3.973665442408368109e-03,6.210795361741543175e-02,8.775717830273002673e-02,6.713367231289410486e-02,2.628604531736956906e-02,6.018545951820909040e-02,6.031667206616340982e-02,1.891682975241999742e-02,3.252419805860382040e-02,1.176690775134983137e-02,5.074137243054688967e-02,2.176876187536871607e-02
-4.152600795339885659e-02,-2.366586699498279128e-02,-1.411266987433596604e-02,-2.201127645174889153e-02,2.316174140493279521e-02,5.758562135812538008e-02,2.684272897364269744e-02,-2.099389413705797167e-02,-2.457514790826473630e-02,4.465088720412560552e-02,4.800316487913840191e-02,7.966806573795696955e-02,5.961842856570554600e-02,2.498548696118416401e-01,1.208643133526456082e-01,1.796917405809652646e-01,3.018619231118666035e-01,3.088572566669157693e-01,1.000000000000000000e+00,2.052688692912249813e-01,1.120612137169997163e-01,2.417171214802978918e-01,2.302117947184979807e-01,-2.806684106763073644e-02,1.081904657172524514e-01,3.864964337531938410e-02,3.847577098373179683e-02,7.216537021603480762e-02,8.302836182313309832e-02,3.915338729357405873e-02,8.287192900030909692e-02,3.657749389246269661e-02,6.157475777829731628e-02,3.558694541247897636e-02,6.972347253398504530e-02,5.096969921726639957e-02,2.132210945703442301e-02,6.648363382424925250e-02,7.895219617314340466e-02,6.869973312556447442e-02,7.329638202345228892e-02,6.001736120824051335e-02,6.309691685393852001e-02,5.517000145827265223e-02,3.043935058874928934e-02,1.911515539731942562e-02,2.292233895930697457e-02,6.928626306534089140e-03,1.173730909452664825e-02,3.178023649551808827e-02,5.692622009279337675e-02,1.667569708880065407e-02,-5.714927501179676607e-03,4.708870087529668652e-02,9.350942851352680735e-04,8.961273228143804698e-03,-2.850499906417075860e-02,1.141093186975654546e-02,-3.993261253082911605e-02,-2.744988729061504165e-03,4.846248446006905068e-03,7.233649312603072923e-02,1.830117609481927282e-02,7.935601064406693980e-03,2.616514575064981044e-02,-2.928489914649645351e-03,-1.408517580400768174e-02,8.889942938346813081e-03,-1.909556836162264182e-02,1.329090884101620344e-02,4.610597548021983655e-02
-1.171649407877856271e-02,1.385070044495361266e-02,2.730881247196577551e-03,2.353040119158237783e-03,4.633780407219610653e-02,4.063831825700412598e-02,4.116075106038569881e-02,2.510492418000529607e-02,1.695704532185305161e-02,6.483283313553266092e-02,2.502856339005037761e-02,4.593581792520792795e-02,4.711056790668822353e-02,2.786934698864906301e-01,1.928109875432559017e-01,2.027481160080630840e-01,2.980314347746117476e-01,1.282125575533041573e-01,2.052688692912249813e-01,1.000000000000000000e+00,3.270565997014888704e-01,2.776356290453390607e-01,3.470557268902543790e-01,2.994885450210158506e-01,1.942540881896621385e-01,1.992344144248449633e-01,1.547383171745849439e-01,6.748540178325994343e-02,5.607231641225271512e-02,6.618053691012065753e-02,5.001916028636819306e-02,7.129759735492013049e-03,-1.671654756768566411e-02,1.020844604372709609e-02,1.205763303934177799e-02,3.839690392063460785e-04,-2.492611788813256513e-03,1.204993253825576913e-02,4.080060003802034319e-02,2.890191113615799001e-02,3.464959418537062741e-02,4.055645184421356741e-02,2.760830126248248889e-02,2.221897698182720426e-02,-1.025552453362174425e-02,-1.536655455344288369e-03,1.014159464810483573e-02,-7.291560380118726307e-03,3.630415545333030847e-02,3.672386914442943989e-02,3.108990277063986701e-02,3.181918209072905068e-02,5.257449292210850805e-02,9.080135143786166596e-02,3.996925936001754359e-02,3.832025455141553627e-02,2.564521217481768520e-02,7.137927815011585464e-02,5.394556254069891865e-02,3.145634305472014974e-02,6.839394845300528214e-02,5.061595222529706450e-02,6.111239457420573201e-02,3.563828577449520973e-02,5.706057666233577824e-02,8.044173830375096756e-02,4.395673959070582615e-02,4.117114393361879371e-02,1.742391161863360294e-02,1.729605997655372582e-02,3.157652023385976864e-02
-4.906053294236619074e-03,1.070884762284500524e-02,3.095381832686893570e-02,1.929209128718760435e-02,4.622458944431982047e-02,2.265479522717776459e-02,5.094372965522600896e-03,1.658271597393851798e-02,3.024039734263025969e-02,2.853139032258336302e-02,4.777179007973873619e-03,3.842834584454083574e-02,7.439753754976946576e-02,1.481089810870959700e-01,5.226515894257326850e-02,6.144751440543171767e-02,1.739567441228196953e-01,8.074283764194363500e-02,1.120612137169997163e-01,3.270565997014888704e-01,1.000000000000000000e+00,3.203525883274735975e-01,2.345116589246029892e-01,2.888903805010232806e-01,2.114832090243557727e-01,2.523278318599898040e-01,1.156171817967194260e-01,1.150865592639963714e-01,4.507961563624066775e-02,8.952752435022695576e-02,5.941048623154270014e-02,3.714044113732194174e-02,1.558865634064849660e-02,3.473433892728004097e-02,2.581409185578783030e-02,3.627186382665588404e-02,3.288490383781247223e-02,3.770231373054008794e-02,5.981620094736662951e-02,3.653397872218192011e-02,2.359394325522955888e-02,3.749111172139574233e-02,1.669470047810000038e-02,3.218196584502325958e-02,-4.617916191761660058e-03,1.847678062535205654e-02,-2.072444751712902104e-03,-1.478646059157775680e-02,5.477236132558799958e-02,3.806696484837641253e-02,3.827630214241024148e-02,3.481387392629298888e-02,1.776405515490019418e-02,7.116558028579191009e-02,4.972492926525246687e-02,2.409758137009298737e-02,1.429091482158442034e-02,4.019089565896139665e-02,1.088867386404950358e-02,3.284170066677413735e-02,6.481927396275746767e-03,1.196490793839071788e-02,-6.407066167462851201e-03,-3.321781584658500819e-02,1.809887494195637839e-02,4.249922948700021047e-02,-1.419847270692976143e-02,9.375673165212769847e-03,-2.061443077145283520e-02,1.832135834733937194e-02,2.846047526474305631e-02
6.895284605878781829e-03,1.176039523827196107e-02,1.073459939062498467e-02,-2.143523514532083216e-03,3.007837199788591584e-02,3.213623805463999145e-02,6.408589743263886328e-03,2.677448651916742792e-02,1.922715218197533146e-02,5.950986542778225266e-03,-8.445175992305901588e-03,-3.674951475083260144e-03,3.709823185687440017e-02,7.988280739253196538e-02,-7.565895836187975197e-03,-2.425040480067467211e-02,1.193518494451601686e-01,1.463393615346986754e-01,2.417171214802978918e-01,2.776356290453390607e-01,3.203525883274735975e-01,1.000000000000000000e+00,2.196789429258300952e-01,8.769029362586965026e-02,2.026194054666924371e-01,1.017946301839490614e-01,1.272086954592120123e-01,1.050098608734756772e-01,1.099497948578524453e-01,6.137718983871488787e-02,9.094946466348965974e-02,7.198089942169338951e-02,4.364112688061842771e-02,7.180123718600714411e-02,3.690241567858293381e-02,5.015838436896533775e-02,4.599021582993948615e-02,4.939096825249630895e-02,6.011604758872967497e-02,6.044303563005982288e-02,5.549088814383375257e-02,5.728193749349167613e-02,6.613859327348285688e-02,5.817887963339118257e-02,2.632751655898938128e-02,5.671950813862856183e-02,3.430273357903990822e-02,6.281719130009270555e-03,2.595221467004339699e-02,2.518687908974115777e-02,2.939766112014657179e-02,1.958346260614646228e-02,-1.361811677927002480e-02,4.544115011432561801e-02,5.724667149893367113e-02,2.355720018699699464e-02,-1.920055013200517094e-02,3.023197419273475003e-02,1.331747556392711383e-02,1.381936021324337190e-02,6.331402247296757935e-02,3.714621142566074119e-02,3.514493271472633740e-02,7.256405480409266681e-03,3.309471818851655173e-02,4.859191292697281200e-02,-5.269268212344282477e-03,2.177581613417778686e-02,1.623341093068945279e-02,2.249250971955715772e-02,2.728611727910813800e-02
