1.000000000000000000e+00,5.177497461651270338e-01,4.790525650142641312e-01,5.894470164555827285e-01,3.403500200326806113e-01,4.214491016800339662e-01,2.897813827930098562e-01,1.902720652173608695e-01,2.653636826026560813e-01,1.571832247769184010e-01,1.458902045868200326e-01,2.151417042669542812e-01,1.056457240661927699e-01,8.012372607209995723e-02,9.848579005079695359e-02,8.128421407904203033e-02,3.212904123707878423e-02,5.403573477567896050e-02,7.541190458516688899e-02,2.226162821945744386e-02,5.361648281957402673e-02,5.586785463633470172e-02,3.915056222922395912e-02,6.601266500992026241e-03,-2.956079890104986244e-02,-3.081978076490270169e-02,-1.031778061081420819e-05,-4.154125045641086228e-02,-1.133118799402549511e-02,-4.894029650507412260e-02,-1.483688733346501427e-02,-3.671570084869317518e-02,-2.474640753776393212e-02,-6.323676977137625450e-03
5.177497461651270338e-01,1.000000000000000000e+00,5.346777581232087240e-01,6.794274676323130979e-01,5.617145965655280238e-01,3.500644149652955561e-01,3.238365292669409534e-01,2.125268089964599261e-01,2.603216079179562770e-01,2.130645437458748015e-01,1.320149657941468435e-01,2.236661227005305452e-01,9.127504733097288603e-02,6.584955212635690280e-02,8.564277023743227524e-02,5.074918305733338436e-02,-9.860329744268399657e-03,3.683204515238272525e-02,2.913288528717703635e-02,-1.723833843416174710e-02,2.993987559771568718e-02,7.701347323408988706e-03,-6.076160977953480938e-03,-1.275018861858692558e-02,1.061759456974857400e-02,-2.005301421076861879e-02,2.860926964218806628e-02,-2.182602683829896334e-02,-5.769168370715199723e-04,-7.349994705321768323e-03,1.484177715828196610e-02,-1.320758269126659848e-02,1.182995590674317324e-02,2.034291744314504699e-02
4.790525650142641312e-01,5.346777581232087240e-01,1.000000000000000000e+00,5.655574956775504258e-01,6.701818345497962959e-01,4.771726646101246416e-01,3.751525159944756882e-01,2.884130977906638749e-01,3.253329931010976450e-01,2.367811464862578097e-01,2.113436404767366494e-01,2.516939748988412662e-01,1.120011591426354480e-01,8.470851627882919344e-02,1.075375413995730833e-01,6.999533818395002605e-02,-2.113033228098030319e-03,3.752161606058104781e-02,3.155371236242710681e-02,-2.710216323038740216e-02,3.858636350733644915e-02,8.007094625960746101e-03,-9.769507128275567442e-03,1.455315910414440791e-02,-1.260928017082266206e-02,-4.148687063142765530e-02,1.900849089490758842e-02,-3.669884587432369755e-02,-1.743452334814164784e-02,-3.877471640961625832e-02,-2.229963365910208814e-02,-3.658593381714136950e-02,-2.323462653726050473e-02,-1.494919523222164662e-02
5.894470164555827285e-01,6.794274676323130979e-01,5.655574956775504258e-01,1.000000000000000000e+00,5.426295424285244584e-01,5.858538424173166392e-01,4.662277023323080916e-01,2.657538662906537841e-01,3.959574972553331906e-01,2.479495891800410357e-01,1.811922490965357513e-01,3.263994603898112135e-01,1.608513143017579194e-01,1.144807531564191044e-01,1.461510674520464237e-01,1.100136855134821595e-01,3.670670867139048249e-02,9.068516236222731730e-02,7.973095212044092883e-02,1.600220928556807254e-02,8.616755970281696209e-02,3.766665907131381413e-02,2.363096633175549091e-02,1.952002016631543789e-03,-4.324557288642953863e-03,-2.963195754376973107e-02,2.845986845960872536e-02,-3.642436643968668258e-02,5.507800597224219059e-03,-1.397074141130587831e-02,2.243264103994653189e-02,-2.091355367108198998e-02,3.248732595394151785e-04,1.400989880299058528e-02
3.403500200326806113e-01,5.617145965655280238e-01,6.701818345497962959e-01,5.426295424285244584e-01,1.000000000000000000e+00,3.998865930140854119e-01,4.486611039454967420e-01,3.303110159699126913e-01,3.433847535978931109e-01,2.959740453788409220e-01,1.885263974789692376e-01,2.766651049080705027e-01,9.778173824909767997e-02,8.706603117190873931e-02,9.693579502798065073e-02,7.282760814143612871e-02,2.654362370322174789e-03,4.116663426222574862e-02,3.692878165251028966e-02,-1.064139484869311252e-02,3.696439557713527418e-02,8.869103302410679540e-03,-1.682327193058163594e-03,-1.297595024850720265e-02,-2.666671060087529369e-02,-6.321774665758006506e-02,4.960385594313355788e-03,-4.221180424482694898e-02,-3.759095504063383886e-02,-4.951056103434867822e-02,-1.016071329637486392e-02,-5.286183151208022346e-02,-1.045623529372230985e-02,-1.730943238503447959e-02
4.214491016800339662e-01,3.500644149652955561e-01,4.771726646101246416e-01,5.858538424173166392e-01,3.998865930140854119e-01,1.000000000000000000e+00,5.094340985986106629e-01,4.658246788190553711e-01,5.157793880140482123e-01,3.055509174311369369e-01,3.339422773963557356e-01,3.907996780426381545e-01,1.663219719518794493e-01,1.221770506407119372e-01,1.830814559462449476e-01,1.033494329136050854e-01,3.716087016159221740e-02,9.888916761394991872e-02,8.530104110025799047e-02,1.309398557532071190e-02,9.386603676493958381e-02,3.983744867367036008e-02,2.885845167210495527e-02,-2.149663327255848730e-03,-2.876827360925658661e-02,-3.156189264662603855e-02,1.412957327535178421e-02,-4.233036911022951265e-02,2.429471693771048310e-02,2.083498367434704832e-02,3.104366117199062677e-02,1.348333349292533609e-02,1.186282658887383851e-02,1.919113392482074340e-02
2.897813827930098562e-01,3.238365292669409534e-01,3.751525159944756882e-01,4.662277023323080916e-01,4.486611039454967420e-01,5.094340985986106629e-01,1.000000000000000000e+00,5.491858944718830404e-01,7.120042772093536643e-01,4.996423652001958371e-01,3.171821087866894540e-01,6.144772690034904228e-01,2.103508130300337231e-01,1.926100946512165624e-01,2.260325710953219047e-01,1.435953748120449291e-01,1.007889169122913459e-01,1.733854175971699108e-01,1.034026609908311745e-01,8.690372369205373593e-02,1.434156542835517689e-01,7.497664338867186806e-02,5.800661645206886541e-02,9.162663409523876326e-03,-4.951932649840769946e-02,-2.842655153057064080e-02,-1.056949469425022894e-02,-5.910226255048867811e-02,-2.744751871451722725e-02,-3.189602130538599610e-03,1.617881211797527049e-03,-2.545253738045448466e-02,2.754326204334801159e-02,-1.793990450452464039e-03
1.902720652173608695e-01,2.125268089964599261e-01,2.884130977906638749e-01,2.657538662906537841e-01,3.303110159699126913e-01,4.658246788190553711e-01,5.491858944718830404e-01,1.000000000000000000e+00,5.316656722871115903e-01,5.201950522346814321e-01,5.528792728939897483e-01,3.929889597978513116e-01,3.928017880381733801e-02,1.272104357520597862e-01,1.214115118264949278e-01,1.879722378582090667e-02,-1.265630270202073616e-02,5.026669723449336824e-02,-2.005842159570299550e-03,-2.211854504127771376e-02,4.114775540921652985e-02,-2.067053633373497866e-03,-1.702641531333664096e-03,-7.745692071657186983e-02,-8.538834797623008621e-02,-7.483332229859090967e-02,-5.540893173846370839e-02,-9.700980030397343690e-02,-2.442953499595115069e-02,2.094081022076162840e-02,1.848502341501999727e-02,-6.754246140063632775e-03,3.822864610752366860e-02,-1.179234628255385574e-02
2.653636826026560813e-01,2.603216079179562770e-01,3.253329931010976450e-01,3.959574972553331906e-01,3.433847535978931109e-01,5.157793880140482123e-01,7.120042772093536643e-01,5.316656722871115903e-01,1.000000000000000000e+00,5.104181112309477131e-01,5.273675964201784971e-01,7.407044942827243350e-01,2.851717800340206055e-01,2.829168664903105035e-01,3.087758030696819977e-01,1.856573063097607390e-01,1.932720717027561208e-01,2.005177950663356301e-01,1.533824803691939409e-01,1.369300787173742817e-01,1.632970987752596914e-01,7.774874142141338651e-02,9.214759602601978183e-02,2.516922326778755700e-02,-1.671165422690850180e-02,4.045514133158046276e-03,1.571388955723721989e-02,-2.948000423008080920e-02,-1.129290369074560825e-02,1.362758043547140918e-02,1.062927187763553112e-02,-9.143605500375599424e-03,2.109948257953315337e-02,6.649820822757361886e-04
1.571832247769184010e-01,2.130645437458748015e-01,2.367811464862578097e-01,2.479495891800410357e-01,2.959740453788409220e-01,3.055509174311369369e-01,4.996423652001958371e-01,5.201950522346814321e-01,5.104181112309477131e-01,1.000000000000000000e+00,4.781931976210276325e-01,4.614476358324616778e-01,1.315995710391787976e-01,1.097838458240202458e-01,1.133791828467944490e-01,8.137198589927774339e-02,-5.820926041840596664e-03,4.041732237195482663e-02,3.684597559665044042e-02,-1.365945489868615643e-02,3.001500476324878500e-02,3.842420457777907805e-02,-4.955234569898733094e-02,-3.554228559323602266e-02,-1.026119007182259291e-01,-4.867502881181745567e-02,-1.015208061716086907e-01,-8.011154125970935957e-02,-6.851334865228150828e-02,-1.277903971166863099e-02,-1.670691193735207580e-02,-3.958621014899157964e-02,6.565352922167142988e-03,-2.210148987547407018e-02
1.458902045868200326e-01,1.320149657941468435e-01,2.113436404767366494e-01,1.811922490965357513e-01,1.885263974789692376e-01,3.339422773963557356e-01,3.171821087866894540e-01,5.528792728939897483e-01,5.273675964201784971e-01,4.781931976210276325e-01,1.000000000000000000e+00,3.559159902244060092e-01,1.329567101312273125e-01,2.930784170822910983e-01,1.479882404099551740e-01,7.064658517554425754e-02,1.924259174970606723e-01,7.690148714483205361e-02,7.139675310842140410e-02,1.325162120133719090e-01,9.934999906643876555e-02,3.594599102191654155e-02,1.289094056801402821e-01,-2.538638062412644568e-04,-2.899999305656184370e-02,-3.109787581743667702e-03,-8.917391989118117479e-03,-2.751782534500037819e-02,-6.652379612394796263e-03,1.031567613104710478e-02,1.892825450450394062e-02,9.539828883242717009e-03,3.718850934432257893e-02,2.358227659103567092e-04
2.151417042669542812e-01,2.236661227005305452e-01,2.516939748988412662e-01,3.263994603898112135e-01,2.766651049080705027e-01,3.907996780426381545e-01,6.144772690034904228e-01,3.929889597978513116e-01,7.407044942827243350e-01,4.614476358324616778e-01,3.559159902244060092e-01,1.000000000000000000e+00,4.261189669516035616e-01,3.749276394697894088e-01,4.758398453558425056e-01,3.200304092228989372e-01,2.394676214622343258e-01,2.835961036700165860e-01,2.405537047297399977e-01,1.803033558392905522e-01,1.997495443806298621e-01,1.703145399642157498e-01,1.030617819338304902e-01,8.061966659321785633e-02,-1.920205553799861353e-02,1.721962823119273234e-02,5.628930395008506504e-02,-2.839036104778824496e-02,2.034342488096402279e-02,3.476970649920974737e-02,2.942628554068518754e-02,2.050883987592422991e-02,4.163616479864101771e-02,3.357202630220779832e-02
1.056457240661927699e-01,9.127504733097288603e-02,1.120011591426354480e-01,1.608513143017579194e-01,9.778173824909767997e-02,1.663219719518794493e-01,2.103508130300337231e-01,3.928017880381733801e-02,2.851717800340206055e-01,1.315995710391787976e-01,1.329567101312273125e-01,4.261189669516035616e-01,1.000000000000000000e+00,5.094147910780720823e-01,4.879444763983394884e-01,6.927469918209072652e-01,3.753131590662993622e-01,1.875994897572444975e-01,5.365206553654735533e-01,2.610622962637622058e-01,1.492468826399438175e-01,3.849964673340176557e-01,2.118333356610792306e-01,1.831680571159865212e-01,2.619743886908872804e-02,1.052864366639687382e-01,1.604848578420125238e-01,7.561961698366136131e-02,1.204650543716247330e-01,6.215769548947946282e-02,8.103044654895195931e-02,7.880116690173018246e-02,4.163334023019823332e-02,7.050173387581247508e-02
8.012372607209995723e-02,6.584955212635690280e-02,8.470851627882919344e-02,1.144807531564191044e-01,8.706603117190873931e-02,1.221770506407119372e-01,1.926100946512165624e-01,1.272104357520597862e-01,2.829168664903105035e-01,1.097838458240202458e-01,2.930784170822910983e-01,3.749276394697894088e-01,5.094147910780720823e-01,1.000000000000000000e+00,4.957886549757633543e-01,5.135471366134937155e-01,3.163500619894825672e-01,1.980775968325881320e-01,3.922416858948131746e-01,2.445482122657559598e-01,1.384446604858745877e-01,2.773982198249853592e-01,2.931032403632243266e-01,6.482204120896986610e-02,-4.525462398880612108e-02,-1.061054625812828112e-02,8.895387225285987520e-02,-2.413211570806972003e-02,9.992963315741351660e-02,5.127352776107374499e-02,9.499998383344286645e-02,6.389464753415931286e-02,6.751049949604502609e-02,5.426334485514367617e-02
9.848579005079695359e-02,8.564277023743227524e-02,1.075375413995730833e-01,1.461510674520464237e-01,9.693579502798065073e-02,1.830814559462449476e-01,2.260325710953219047e-01,1.214115118264949278e-01,3.087758030696819977e-01,1.133791828467944490e-01,1.479882404099551740e-01,4.758398453558425056e-01,4.879444763983394884e-01,4.957886549757633543e-01,1.000000000000000000e+00,3.844628174485458794e-01,2.128917413937870540e-01,2.231530781272312858e-01,3.329698010141887710e-01,1.241845389151846613e-01,2.121596828004371493e-01,2.651833309692314677e-01,2.025188174755298276e-01,2.588296983178260402e-01,1.306604376967408221e-01,1.346299496144940377e-01,2.136258821724236479e-01,8.251275781750935789e-02,1.131278574185602265e-01,4.450493383433957312e-02,4.543422052036014819e-02,5.621966709724473404e-02,3.887083805160073541e-02,3.604697917835651688e-02
8.128421407904203033e-02,5.074918305733338436e-02,6.999533818395002605e-02,1.100136855134821595e-01,7.282760814143612871e-02,1.033494329136050854e-01,1.435953748120449291e-01,1.879722378582090667e-02,1.856573063097607390e-01,8.137198589927774339e-02,7.064658517554425754e-02,3.200304092228989372e-01,6.927469918209072652e-01,5.135471366134937155e-01,3.844628174485458794e-01,1.000000000000000000e+00,5.045861363841415148e-01,4.028806631182729192e-01,7.688312500403796657e-01,3.929318775296753441e-01,3.034609048203706916e-01,5.453942772501899627e-01,2.954870862726844960e-01,1.948282233129866592e-01,-4.802586672055136202e-02,9.035369960949847512e-02,1.227000744476333949e-01,5.994166880852774826e-02,1.322262127760260031e-01,8.208055391973614889e-02,1.031738680583978995e-01,1.011539744538269975e-01,5.539589020801861247e-02,7.030197996821666018e-02
3.212904123707878423e-02,-9.860329744268399657e-03,-2.113033228098030319e-03,3.670670867139048249e-02,2.654362370322174789e-03,3.716087016159221740e-02,1.007889169122913459e-01,-1.265630270202073616e-02,1.932720717027561208e-01,-5.820926041840596664e-03,1.924259174970606723e-01,2.394676214622343258e-01,3.753131590662993622e-01,3.163500619894825672e-01,2.128917413937870540e-01,5.045861363841415148e-01,1.000000000000000000e+00,5.003166041110219675e-01,5.258894069222659340e-01,7.800554862195077099e-01,3.895514841299948516e-01,4.019032292488639579e-01,4.895027283706799293e-01,2.205047540976816933e-01,1.878028239170555919e-02,1.264808041594544519e-01,1.653059182535836225e-01,9.366519861422122062e-02,1.266532983711244897e-01,4.948354906604578857e-02,8.059762720119825752e-02,8.775434311456015157e-02,6.653952769642232368e-02,6.336523624471158966e-02
5.403573477567896050e-02,3.683204515238272525e-02,3.752161606058104781e-02,9.068516236222731730e-02,4.116663426222574862e-02,9.888916761394991872e-02,1.733854175971699108e-01,5.026669723449336824e-02,2.005177950663356301e-01,4.041732237195482663e-02,7.690148714483205361e-02,2.835961036700165860e-01,1.875994897572444975e-01,1.980775968325881320e-01,2.231530781272312858e-01,4.028806631182729192e-01,5.003166041110219675e-01,1.000000000000000000e+00,5.147083325595459558e-01,4.704116571956022952e-01,6.954261845426122912e-01,3.612059849761292685e-01,3.328458445960182921e-01,3.747931123333992365e-01,1.480243308604055896e-01,2.370720135953790220e-01,2.720207330878953167e-01,1.634317691858704624e-01,1.960672180202361614e-01,1.511742061967831230e-01,1.176047154812532719e-01,1.369458867811241820e-01,1.287738187234015175e-01,1.242721332703283360e-01
7.541190458516688899e-02,2.913288528717703635e-02,3.155371236242710681e-02,7.973095212044092883e-02,3.692878165251028966e-02,8.530104110025799047e-02,1.034026609908311745e-01,-2.005842159570299550e-03,1.533824803691939409e-01,3.684597559665044042e-02,7.139675310842140410e-02,2.405537047297399977e-01,5.365206553654735533e-01,3.922416858948131746e-01,3.329698010141887710e-01,7.688312500403796657e-01,5.258894069222659340e-01,5.147083325595459558e-01,1.000000000000000000e+00,5.044728431225768972e-01,4.448895958152687125e-01,6.851718334392397081e-01,3.727327477433617919e-01,2.818035363433598617e-01,-2.090755906620197710e-02,1.309410285463846191e-01,1.800146846896273911e-01,7.874762771565842201e-02,1.809728826562174708e-01,1.239101916353484989e-01,1.375955274557633390e-01,1.308601175247960102e-01,9.227569459818678321e-02,8.805613943719192704e-02
2.226162821945744386e-02,-1.723833843416174710e-02,-2.710216323038740216e-02,1.600220928556807254e-02,-1.064139484869311252e-02,1.309398557532071190e-02,8.690372369205373593e-02,-2.211854504127771376e-02,1.369300787173742817e-01,-1.365945489868615643e-02,1.325162120133719090e-01,1.803033558392905522e-01,2.610622962637622058e-01,2.445482122657559598e-01,1.241845389151846613e-01,3.929318775296753441e-01,7.800554862195077099e-01,4.704116571956022952e-01,5.044728431225768972e-01,1.000000000000000000e+00,5.073696611630477138e-01,4.412468018490342536e-01,6.005166655632044881e-01,2.048553798549448413e-01,-1.593290491095527422e-02,1.046159873367195764e-01,1.345100218155469707e-01,7.284810789914338003e-02,1.031631004303844995e-01,4.677780481156867259e-02,8.297101798716534360e-02,6.566628711721331224e-02,6.614135675567196782e-02,5.229476513012226713e-02
5.361648281957402673e-02,2.993987559771568718e-02,3.858636350733644915e-02,8.616755970281696209e-02,3.696439557713527418e-02,9.386603676493958381e-02,1.434156542835517689e-01,4.114775540921652985e-02,1.632970987752596914e-01,3.001500476324878500e-02,9.934999906643876555e-02,1.997495443806298621e-01,1.492468826399438175e-01,1.384446604858745877e-01,2.121596828004371493e-01,3.034609048203706916e-01,3.895514841299948516e-01,6.954261845426122912e-01,4.448895958152687125e-01,5.073696611630477138e-01,1.000000000000000000e+00,4.691108370442504394e-01,4.226874456983756856e-01,4.975928932377981506e-01,1.860627400055448466e-01,2.403086935183103567e-01,2.993546011217766978e-01,1.819595239113773188e-01,2.100298000290473088e-01,1.258312232432970967e-01,1.148320096596740364e-01,1.348723619783614436e-01,1.287944426735543602e-01,1.123616278321133838e-01
5.586785463633470172e-02,7.701347323408988706e-03,8.007094625960746101e-03,3.766665907131381413e-02,8.869103302410679540e-03,3.983744867367036008e-02,7.497664338867186806e-02,-2.067053633373497866e-03,7.774874142141338651e-02,3.842420457777907805e-02,3.594599102191654155e-02,1.703145399642157498e-01,3.849964673340176557e-01,2.773982198249853592e-01,2.651833309692314677e-01,5.453942772501899627e-01,4.019032292488639579e-01,3.612059849761292685e-01,6.851718334392397081e-01,4.412468018490342536e-01,4.691108370442504394e-01,1.000000000000000000e+00,4.811977972935126413e-01,3.747421794396265660e-01,-5.696898706362464593e-02,1.128594959984396406e-01,1.683593288613816907e-01,6.757190964087404772e-02,1.433556885863571939e-01,9.224462232573373000e-02,9.944899328662870630e-02,1.059913995395500574e-01,6.878904867854213068e-02,5.806168113705524603e-02
3.915056222922395912e-02,-6.076160977953480938e-03,-9.769507128275567442e-03,2.363096633175549091e-02,-1.682327193058163594e-03,2.885845167210495527e-02,5.800661645206886541e-02,-1.702641531333664096e-03,9.214759602601978183e-02,-4.955234569898733094e-02,1.289094056801402821e-01,1.030617819338304902e-01,2.118333356610792306e-01,2.931032403632243266e-01,2.025188174755298276e-01,2.954870862726844960e-01,4.895027283706799293e-01,3.328458445960182921e-01,3.727327477433617919e-01,6.005166655632044881e-01,4.226874456983756856e-01,4.811977972935126413e-01,1.000000000000000000e+00,2.008064760810668037e-01,8.751449835481941997e-02,2.899917247786468893e-02,1.873992033733313800e-01,3.141198536097568328e-02,1.190681878704465124e-01,2.172997076070896580e-02,5.794662788828861683e-02,5.257593758777792670e-02,1.279959018220394422e-02,3.735610996202297363e-02
6.601266500992026241e-03,-1.275018861858692558e-02,1.455315910414440791e-02,1.952002016631543789e-03,-1.297595024850720265e-02,-2.149663327255848730e-03,9.162663409523876326e-03,-7.745692071657186983e-02,2.516922326778755700e-02,-3.554228559323602266e-02,-2.538638062412644568e-04,8.061966659321785633e-02,1.831680571159865212e-01,6.482204120896986610e-02,2.588296983178260402e-01,1.948282233129866592e-01,2.205047540976816933e-01,3.747931123333992365e-01,2.818035363433598617e-01,2.048553798549448413e-01,4.975928932377981506e-01,3.747421794396265660e-01,2.008064760810668037e-01,1.000000000000000000e+00,5.064234349978933292e-01,5.474677477384572999e-01,5.695377364314024859e-01,4.145222885696708826e-01,3.321526976149944410e-01,2.264287669686927407e-01,1.180850771193754783e-01,2.512875034688635267e-01,1.433007763230998710e-01,1.635129306146917982e-01
-2.956079890104986244e-02,1.061759456974857400e-02,-1.260928017082266206e-02,-4.324557288642953863e-03,-2.666671060087529369e-02,-2.876827360925658661e-02,-4.951932649840769946e-02,-8.538834797623008621e-02,-1.671165422690850180e-02,-1.026119007182259291e-01,-2.899999305656184370e-02,-1.920205553799861353e-02,2.619743886908872804e-02,-4.525462398880612108e-02,1.306604376967408221e-01,-4.802586672055136202e-02,1.878028239170555919e-02,1.480243308604055896e-01,-2.090755906620197710e-02,-1.593290491095527422e-02,1.860627400055448466e-01,-5.696898706362464593e-02,8.751449835481941997e-02,5.064234349978933292e-01,1.000000000000000000e+00,5.447487347488705334e-01,6.368660305998464777e-01,4.956866756762437487e-01,2.848774105995428019e-01,1.688975003404124264e-01,6.694618219454556707e-02,2.133644826842863995e-01,8.069218894409400933e-02,1.219382161512486268e-01
-3.081978076490270169e-02,-2.005301421076861879e-02,-4.148687063142765530e-02,-2.963195754376973107e-02,-6.321774665758006506e-02,-3.156189264662603855e-02,-2.842655153057064080e-02,-7.483332229859090967e-02,4.045514133158046276e-03,-4.867502881181745567e-02,-3.109787581743667702e-03,1.721962823119273234e-02,1.052864366639687382e-01,-1.061054625812828112e-02,1.346299496144940377e-01,9.035369960949847512e-02,1.264808041594544519e-01,2.370720135953790220e-01,1.309410285463846191e-01,1.046159873367195764e-01,2.403086935183103567e-01,1.128594959984396406e-01,2.899917247786468893e-02,5.474677477384572999e-01,5.447487347488705334e-01,1.000000000000000000e+00,4.761431976993402149e-01,5.274829169431919373e-01,2.643920490575599191e-01,2.148322128585481994e-01,4.714756959215509607e-02,2.075035930015865504e-01,8.308081266110517449e-02,1.182123902976711521e-01
-1.031778061081420819e-05,2.860926964218806628e-02,1.900849089490758842e-02,2.845986845960872536e-02,4.960385594313355788e-03,1.412957327535178421e-02,-1.056949469425022894e-02,-5.540893173846370839e-02,1.571388955723721989e-02,-1.015208061716086907e-01,-8.917391989118117479e-03,5.628930395008506504e-02,1.604848578420125238e-01,8.895387225285987520e-02,2.136258821724236479e-01,1.227000744476333949e-01,1.653059182535836225e-01,2.720207330878953167e-01,1.800146846896273911e-01,1.345100218155469707e-01,2.993546011217766978e-01,1.683593288613816907e-01,1.873992033733313800e-01,5.695377364314024859e-01,6.368660305998464777e-01,4.761431976993402149e-01,1.000000000000000000e+00,5.517708430029499844e-01,5.832971499959572759e-01,4.056149348518121589e-01,2.396367690538904749e-01,4.428519553162079125e-01,2.364470627960833238e-01,2.893840500731515997e-01
-4.154125045641086228e-02,-2.182602683829896334e-02,-3.669884587432369755e-02,-3.642436643968668258e-02,-4.221180424482694898e-02,-4.233036911022951265e-02,-5.910226255048867811e-02,-9.700980030397343690e-02,-2.948000423008080920e-02,-8.011154125970935957e-02,-2.751782534500037819e-02,-2.839036104778824496e-02,7.561961698366136131e-02,-2.413211570806972003e-02,8.251275781750935789e-02,5.994166880852774826e-02,9.366519861422122062e-02,1.634317691858704624e-01,7.874762771565842201e-02,7.284810789914338003e-02,1.819595239113773188e-01,6.757190964087404772e-02,3.141198536097568328e-02,4.145222885696708826e-01,4.956866756762437487e-01,5.274829169431919373e-01,5.517708430029499844e-01,1.000000000000000000e+00,3.477110576238487405e-01,3.724538165216008112e-01,2.202747623860277504e-01,3.328703117195060956e-01,2.201642732770421607e-01,1.909486662065657259e-01
-1.133118799402549511e-02,-5.769168370715199723e-04,-1.743452334814164784e-02,5.507800597224219059e-03,-3.759095504063383886e-02,2.429471693771048310e-02,-2.744751871451722725e-02,-2.442953499595115069e-02,-1.129290369074560825e-02,-6.851334865228150828e-02,-6.652379612394796263e-03,2.034342488096402279e-02,1.204650543716247330e-01,9.992963315741351660e-02,1.131278574185602265e-01,1.322262127760260031e-01,1.266532983711244897e-01,1.960672180202361614e-01,1.809728826562174708e-01,1.031631004303844995e-01,2.100298000290473088e-01,1.433556885863571939e-01,1.190681878704465124e-01,3.321526976149944410e-01,2.848774105995428019e-01,2.643920490575599191e-01,5.832971499959572759e-01,3.477110576238487405e-01,1.000000000000000000e+00,5.385997045248976933e-01,5.246423094812345811e-01,6.186128908486799860e-01,3.531277740724719783e-01,4.386019870553269362e-01
-4.894029650507412260e-02,-7.349994705321768323e-03,-3.877471640961625832e-02,-1.397074141130587831e-02,-4.951056103434867822e-02,2.083498367434704832e-02,-3.189602130538599610e-03,2.094081022076162840e-02,1.362758043547140918e-02,-1.277903971166863099e-02,1.031567613104710478e-02,3.476970649920974737e-02,6.215769548947946282e-02,5.127352776107374499e-02,4.450493383433957312e-02,8.208055391973614889e-02,4.948354906604578857e-02,1.511742061967831230e-01,1.239101916353484989e-01,4.677780481156867259e-02,1.258312232432970967e-01,9.224462232573373000e-02,2.172997076070896580e-02,2.264287669686927407e-01,1.688975003404124264e-01,2.148322128585481994e-01,4.056149348518121589e-01,3.724538165216008112e-01,5.385997045248976933e-01,1.000000000000000000e+00,5.478413355510470817e-01,6.631941471537147192e-01,5.529569616902371143e-01,3.500632034190312991e-01
-1.483688733346501427e-02,1.484177715828196610e-02,-2.229963365910208814e-02,2.243264103994653189e-02,-1.016071329637486392e-02,3.104366117199062677e-02,1.617881211797527049e-03,1.848502341501999727e-02,1.062927187763553112e-02,-1.670691193735207580e-02,1.892825450450394062e-02,2.942628554068518754e-02,8.103044654895195931e-02,9.499998383344286645e-02,4.543422052036014819e-02,1.031738680583978995e-01,8.059762720119825752e-02,1.176047154812532719e-01,1.375955274557633390e-01,8.297101798716534360e-02,1.148320096596740364e-01,9.944899328662870630e-02,5.794662788828861683e-02,1.180850771193754783e-01,6.694618219454556707e-02,4.714756959215509607e-02,2.396367690538904749e-01,2.202747623860277504e-01,5.246423094812345811e-01,5.478413355510470817e-01,1.000000000000000000e+00,5.232002031339468839e-01,5.646606751614489106e-01,4.829803014565154373e-01
-3.671570084869317518e-02,-1.320758269126659848e-02,-3.658593381714136950e-02,-2.091355367108198998e-02,-5.286183151208022346e-02,1.348333349292533609e-02,-2.545253738045448466e-02,-6.754246140063632775e-03,-9.143605500375599424e-03,-3.958621014899157964e-02,9.539828883242717009e-03,2.050883987592422991e-02,7.880116690173018246e-02,6.389464753415931286e-02,5.621966709724473404e-02,1.011539744538269975e-01,8.775434311456015157e-02,1.369458867811241820e-01,1.308601175247960102e-01,6.566628711721331224e-02,1.348723619783614436e-01,1.059913995395500574e-01,5.257593758777792670e-02,2.512875034688635267e-01,2.133644826842863995e-01,2.075035930015865504e-01,4.428519553162079125e-01,3.328703117195060956e-01,6.186128908486799860e-01,6.631941471537147192e-01,5.232002031339468839e-01,1.000000000000000000e+00,5.347090655813210303e-01,5.688113755703760877e-01
-2.474640753776393212e-02,1.182995590674317324e-02,-2.323462653726050473e-02,3.248732595394151785e-04,-1.045623529372230985e-02,1.186282658887383851e-02,2.754326204334801159e-02,3.822864610752366860e-02,2.109948257953315337e-02,6.565352922167142988e-03,3.718850934432257893e-02,4.163616479864101771e-02,4.163334023019823332e-02,6.751049949604502609e-02,3.887083805160073541e-02,5.539589020801861247e-02,6.653952769642232368e-02,1.287738187234015175e-01,9.227569459818678321e-02,6.614135675567196782e-02,1.287944426735543602e-01,6.878904867854213068e-02,1.279959018220394422e-02,1.433007763230998710e-01,8.069218894409400933e-02,8.308081266110517449e-02,2.364470627960833238e-01,2.201642732770421607e-01,3.531277740724719783e-01,5.529569616902371143e-01,5.646606751614489106e-01,5.347090655813210303e-01,1.000000000000000000e+00,4.496058611851010967e-01
-6.323676977137625450e-03,2.034291744314504699e-02,-1.494919523222164662e-02,1.400989880299058528e-02,-1.730943238503447959e-02,1.919113392482074340e-02,-1.793990450452464039e-03,-1.179234628255385574e-02,6.649820822757361886e-04,-2.210148987547407018e-02,2.358227659103567092e-04,3.357202630220779832e-02,7.050173387581247508e-02,5.426334485514367617e-02,3.604697917835651688e-02,7.030197996821666018e-02,6.336523624471158966e-02,1.242721332703283360e-01,8.805613943719192704e-02,5.229476513012226713e-02,1.123616278321133838e-01,5.806168113705524603e-02,3.735610996202297363e-02,1.635129306146917982e-01,1.219382161512486268e-01,1.182123902976711521e-01,2.893840500731515997e-01,1.909486662065657259e-01,4.386019870553269362e-01,3.500632034190312991e-01,4.829803014565154373e-01,5.688113755703760877e-01,4.496058611851010967e-01,1.000000000000000000e+00
