1.000000000000000000e+00,3.111107904363218379e-01,1.381579913145143945e-01,2.054359290186676956e-01,9.536143978578955072e-02,6.016130967409653169e-02,-3.625395081608775733e-03,1.315928620403027625e-02,1.394067221123539493e-02,2.649836334493479301e-02,-3.420459017662741408e-02,-2.578460506877740602e-02,-4.148307828069718733e-02,-2.191233215873388332e-02,9.025420097344387035e-03,-3.220100658515839820e-02,2.166889240479775297e-02,2.490605034868815376e-02,-6.189502236108235939e-02,6.799977181728744657e-02,6.712544021153952697e-03,2.638615303766042933e-02,7.357988173828987344e-02,2.703387448693817321e-02,3.231943625848326257e-02,-1.686849551516876253e-02,4.957443301655660049e-04,-7.152428855950687669e-03,3.605284232932615129e-02,-2.085343765158376855e-02,6.228935069738184525e-03,9.528329904048492630e-03,-8.782393031881255419e-02,-1.670150560998253861e-02,8.046557868842974318e-03,-2.278847339447978571e-02,-5.093772805096817222e-03,-4.422897869732130699e-02,-2.826534970275978303e-02,-1.345845632514384646e-02,-6.405971133870669298e-02,-3.055617153098794461e-02,-5.605363114456659440e-02,-1.713896811522308550e-02,-1.573084225905516109e-02,-5.689619252146857487e-02,-2.617224168090376973e-02,-3.684395389102886054e-02,3.639188379353685849e-03,2.341530234290010309e-02,-2.836401205273228216e-03,-4.584186704809879373e-03,1.673161912585755667e-02,-4.987708195233367392e-02,-6.636540166993160073e-02,-5.942324086893931157e-02,-2.561199389819075051e-02,-1.599819577444890062e-02,-5.140444870244399028e-02,-1.432840096398628991e-02,4.240107846182007700e-02,-2.613953974834314856e-03,3.157386819974497549e-02,1.213175987343353968e-02,1.629008105721649682e-02,-2.160813904287055970e-02,1.356388296341863586e-02,2.804834515274652260e-02,1.968138099551402370e-02,4.692413232528155898e-02,3.718952032422773168e-02,2.461744415714742923e-02,1.034631231052703451e-02,-4.224572722909449712e-02,3.745318979995283792e-02,9.465919792453411641e-03,-3.022759736645574610e-02,-4.001219774642895272e-03,3.930891724372331808e-03,-5.757955128480345131e-02,-3.809310160124394773e-02,-2.147825802660319541e-02,-3.585772066825832632e-02,-2.015281671988943674e-02,-6.156571555517757061e-02,-5.700918890630300717e-02,-4.488310856487304386e-03,-1.916515222110598896e-02,-7.723019141006255694e-02,-8.067026531387919142e-02,-5.438544012102738967e-02,-1.354743213688367094e-02,-1.409939198796091898e-02,2.448913883742200991e-03,-4.746461851574723667e-02,-5.131378912327022590e-02,-5.382745419608183507e-02,-4.999623976536565761e-02,-1.960265597879835842e-02,-8.576179831468255799e-02,-5.377712787614005036e-02,-5.743940581971120063e-02,-7.262878497581043424e-02,-6.319872538370532866e-02,-3.640783361468626078e-02,6.111085566394602875e-02,1.119313334213971334e-02,-7.461220181664174333e-02,-4.490970277680694789e-02,-9.060341877838200275e-02,-3.368411478088520483e-02,5.520367425687831321e-03,-1.232240355536096468e-02,-1.544543933723100532e-02,1.128626270478691115e-02,-3.263027752980930674e-02,-3.909385280949249919e-02,-5.301128482781991905e-03,-2.668889566189605600e-02,-1.249267574952128007e-02,-4.649525945916079678e-02,-1.944126556698441352e-02,-2.180801060509959810e-02,1.894998713736072496e-02,5.432929669065800563e-03,-7.184392175122779334e-02,-9.305479835121781285e-02,2.421086219536361384e-02,-3.084224312438633119e-03,-4.168178394197195186e-02,-6.557870209270182105e-02,-4.897441126076651496e-02,-3.804077835093231524e-02,-7.438541335288012535e-02,-9.488632302625817083e-02,-1.137786730670071744e-01,-1.037925207933133448e-01,-3.416882104761261724e-02,-8.994558104944029575e-02
3.111107904363218379e-01,1.000000000000000000e+00,3.119275344634201419e-01,2.131667186909999290e-01,2.448396164651563123e-01,2.244017956286681048e-01,1.281933633798645151e-03,-2.771859472052282808e-02,1.246266533227220752e-02,-2.178848982644544449e-02,-5.953079493734701744e-02,-1.759694070561762871e-02,2.235814907201873203e-02,-7.640985735834972259e-02,8.548654242539245607e-02,2.874738218414248439e-02,5.037490342807722510e-02,8.261432027542520151e-02,7.816765615008161583e-02,4.746695363039759447e-02,1.557692587784620941e-01,2.891315893560934824e-02,-3.122398188319221862e-02,4.233373109170942422e-02,9.295115622308702807e-02,5.656183744734265967e-02,4.416080110161057365e-02,-7.978896066699983289e-03,5.441200933284357118e-03,-1.371323884362405862e-02,-2.725946740357304901e-02,6.686250616887544351e-02,-6.482788532038178016e-03,-3.392199249384442866e-02,2.110186596571614684e-02,-1.105499037095456979e-02,-1.904017361947457502e-03,5.067460365140050160e-02,1.061087802744640519e-02,-2.205930497451803404e-02,-4.753884099832737797e-02,-3.890178787214362832e-02,6.155931950079408799e-02,-8.531579168360671830e-03,-4.849513404661312012e-03,-1.800481051291289922e-02,7.410244038000122872e-03,-1.565635250750355492e-02,-2.413711834314242674e-02,5.862306537084732011e-03,3.109651199052441148e-04,-7.768915921438844865e-03,-9.408944110529505827e-05,-4.167202315542516654e-03,-5.555455051971947000e-02,-5.447982871178322709e-03,-1.305031429086463308e-03,1.580689426800885311e-02,-2.389010477170514044e-03,-8.333987916207981350e-02,-1.185379613123472772e-02,2.635222018814572381e-02,-1.001793890079906782e-02,1.905806734319525492e-02,5.220371962061420845e-02,-8.464665143481889253e-03,-4.330844186442745630e-02,-3.212507211675761504e-02,-2.452952743152269841e-02,5.651457887343546566e-02,4.194432642507052444e-02,-2.508334780872339964e-02,-3.939649174958427535e-02,5.815982342106580834e-03,3.886600155084268121e-02,-1.452485009569809762e-02,-7.627406551882266739e-02,2.015104462408164737e-02,3.041869645163685493e-02,-4.930881927215253341e-02,-5.441389407585429938e-02,6.345663485660654572e-03,-3.772558202714515474e-02,-1.667120714874270604e-02,-4.088717852390096746e-02,-5.028665659968168528e-02,-3.109150745208276792e-02,-7.133846892917872218e-02,-5.931716710109954938e-02,-5.023632854793130126e-02,-6.007629754725729576e-02,-3.171480051855311150e-02,1.862749674212503190e-02,2.643698959943927701e-02,-7.167528299371167533e-02,-6.008976301227197947e-02,-3.608186797986392969e-02,-7.041981856256450401e-02,-2.765558790002828685e-02,-3.689993180590247362e-02,-4.834692669192502262e-02,-5.607369723956369401e-02,-8.394236996120132965e-02,-5.644678774475468674e-02,-8.707677606466155545e-03,3.616326567890216365e-02,4.574112405779541535e-02,-2.117942678733596845e-02,3.568379177220613874e-02,3.103684271637825037e-02,1.308529182275974811e-02,-3.342331329734850136e-03,-2.368958632036326575e-02,-2.146896848416624676e-02,-9.841019212106278183e-03,-8.665875530756310396e-02,2.560251118080285673e-02,-4.612180837316653265e-02,1.080211652371702337e-02,-1.485182997010216395e-03,-1.783335743499579740e-02,5.216795037335350549e-02,2.798202651234909036e-02,8.998713199317796840e-02,9.552678343420127616e-02,-2.105788952652644722e-02,-2.329796050618708134e-02,2.065479528582356630e-02,-1.699895701330669459e-02,7.460958684082634462e-03,-3.011917554880266107e-02,-6.921045753597400430e-02,-3.444794516702639163e-03,-4.613465634585373065e-02,-1.070306802291642601e-01,-4.777897095776405256e-02,-4.504053137706351406e-02,-1.363465399246246990e-02,-4.973364666433663372e-02
1.381579913145143945e-01,3.119275344634201419e-01,1.000000000000000000e+00,3.115616945847766717e-01,2.156538948170579340e-01,2.966784051981584125e-01,1.772214133151390481e-01,9.055421916719159914e-02,3.241719509615445527e-02,-6.132211134206770609e-02,4.116868123599428525e-02,-2.095815028886974241e-02,-2.001705117928270425e-02,-8.412805595485142729e-02,-2.051572533124589384e-02,-4.587351894956381154e-02,2.644012665090716974e-02,1.125095259562125943e-01,3.463838181467936844e-02,3.149118254126623273e-02,1.125499183308364681e-01,2.239769574781870498e-02,-1.474778491833825776e-02,8.356083165228862797e-02,3.838157969446805151e-02,4.300377104830080399e-02,8.115664144862508311e-02,-2.663053561211047027e-02,-4.364415367431367931e-02,-6.303803711719738190e-02,-1.075521804450182972e-01,8.064504037436695527e-02,-3.805068371933841356e-03,-8.025406444875919643e-02,-5.856123962126852378e-02,-6.454335765902029232e-02,6.297059315168767636e-03,4.896069940767258655e-02,1.878906272936260724e-02,-3.052676285992170571e-02,-9.499886209015227789e-02,-4.737013698033388370e-02,1.479183082082815084e-02,-2.660847902505023010e-02,-2.875415697822542027e-02,-5.796603940019307011e-02,-1.154540001077956034e-02,-2.557511405383612255e-02,-2.034638429067072568e-02,3.780149951435968908e-02,-6.090945112401731538e-03,-2.541167638098462689e-02,5.600361839993495865e-04,-3.519981546026421798e-02,-7.699426054824268228e-02,-4.294374154162770851e-02,-1.390484887202915638e-02,-2.155611212215204769e-02,-4.634826195324864145e-02,-2.464564336645546153e-02,-4.278446511714802808e-02,-3.899243940605363196e-02,-2.901733494746694050e-02,6.788258104573607898e-02,3.486018159485813200e-02,-4.779738235447359568e-02,-5.588667466528356859e-02,-3.581887769610125200e-02,-3.014105333492871075e-02,4.071662130916472999e-02,4.004019085954332868e-02,-1.924607378803101787e-02,-7.690311446207268031e-02,-3.430592270712149588e-02,7.532344760082299029e-02,-3.881821339126052123e-02,-5.620507174623671359e-02,-3.682654910361004511e-03,-3.275353836046400458e-02,-4.139996247550719460e-02,-2.496862041026397597e-02,-5.997391693866378770e-02,-7.776787877970176011e-02,-1.471041718045494953e-02,-5.485251590222687407e-02,-5.167469923160201289e-02,4.537585989483906151e-02,-1.118362327177146141e-02,-3.986259481465983384e-02,-1.742618559260873667e-02,-1.357389790016048405e-02,-9.608406230046140015e-03,5.516678854403925941e-02,6.241613866126354687e-02,-3.838775790918379921e-02,1.999244342879732267e-02,-7.873969685030731986e-04,1.763209751186171209e-02,-1.291715037170746653e-03,-6.774698232025268795e-03,-1.184988821377764949e-02,-1.759426406901032011e-02,-4.433305202279133606e-02,-4.010322618741173940e-03,-4.141062785146208680e-02,2.226890984517997801e-02,1.678322146996462025e-02,2.308199585797919215e-02,-2.482335596877863204e-02,-1.383239387143967748e-02,-5.635878513650911803e-02,3.705530223104491760e-02,-1.467106119021764910e-01,-9.913777523757343058e-02,-1.367836374877143824e-01,-1.291353568379120242e-01,-7.928515691806345411e-02,-1.331389397692261112e-01,-9.696229396201844555e-03,-6.172807375665602392e-02,8.804387300726331314e-03,3.560767899407945528e-03,-2.418586989242741889e-02,1.184316972487471642e-01,3.855825082241711582e-02,-2.475084392871486696e-02,1.977356230329493578e-02,-3.115501414305656830e-02,-1.333190001365243404e-01,6.303209752181904157e-03,-1.342001260541176091e-02,-4.353837732479298728e-02,2.212422835948292185e-02,-2.468415548051697966e-02,7.778343995869204438e-04,-3.176996610620996808e-02,4.319017695942646562e-02,2.462918143137577884e-02,8.342524959701634601e-03
2.054359290186676956e-01,2.131667186909999290e-01,3.115616945847766717e-01,1.000000000000000000e+00,2.678855734250674692e-01,2.238223125215965670e-01,1.788348123461699912e-01,1.235391389201650897e-01,9.640969228549858827e-02,5.018706520516955094e-02,1.300492461062588145e-01,5.842791199661271501e-02,8.739766414017736962e-02,-1.705301614788099288e-02,8.681231346811413285e-02,-1.538793173729761064e-02,5.041194275916108247e-02,1.179666284170769741e-01,6.298455943334041636e-03,3.112377286050530684e-02,1.032592728352003802e-01,2.578601285476166127e-02,-3.372816665189173196e-02,2.375357142179494729e-02,-1.670701052556269883e-02,4.108676005684964994e-02,1.220362686717843016e-02,-1.269712614950945784e-01,-4.551555614711799008e-02,-7.771691217048369571e-02,-7.973546632868172557e-02,2.193652129754753918e-02,-1.785468958820911334e-02,-8.549430224034011705e-02,-6.625647727084987837e-02,-9.051147466814372586e-03,2.821946083016643736e-02,1.606903279320689298e-02,-3.958362709845640592e-02,-5.148842582322554068e-02,-3.520470365801480622e-02,3.408644163161824586e-02,-6.144489062899905624e-02,3.108786602627101967e-03,7.740691214602467285e-02,-4.855798743943205015e-02,3.653781689120974563e-02,2.355526936968379420e-02,3.360495711900728100e-02,5.313557092585453195e-02,1.735804543177707840e-02,-4.276468629685277467e-02,3.852889126373749105e-03,-2.166730391022247612e-02,-5.581897532186074623e-02,1.548507703169906165e-02,6.382888113190916465e-03,-6.622977414580985371e-03,-2.500026618749029081e-02,-3.859414539489175455e-02,7.283713425318605328e-02,2.724629762958044252e-02,2.344875418130669756e-02,-1.032733245964525572e-02,-1.125653995664168024e-02,-3.817424249650183676e-02,3.197599573719722092e-03,5.534745227100007492e-02,6.084415020661890217e-02,9.204424362760742218e-02,3.632178568023169268e-02,9.585639275544682522e-03,1.158180997384991584e-02,-3.475185773863963463e-04,2.903654807204820651e-02,-4.917602808221112343e-02,-3.964004222634855135e-02,6.357556845182733840e-02,2.425308182253473055e-02,-3.454220798313471785e-02,-4.439152937595691045e-02,4.167759035189729433e-04,-2.505417745595650992e-03,2.841261119308697777e-02,-2.218190172982322655e-02,1.063556304436678521e-02,3.279930125660908413e-02,-2.691145073168795671e-02,-7.530828850190904311e-02,-6.651743654908455483e-02,-6.289305261633221233e-02,-3.198192537525417628e-02,3.364149075602798633e-02,4.644067203362760993e-02,-7.786431346146022343e-03,-4.447085972442984397e-02,7.764770028827351796e-03,-3.641656572750080062e-02,7.095316154000399188e-03,-2.857382761961986192e-02,-5.820470769244200093e-02,-4.080052357907214960e-02,-9.405954334868939226e-02,-2.839432667616954148e-02,1.421052626963847064e-02,1.099640434349521967e-01,8.703647901697891820e-02,-9.724986028907556604e-03,3.160230731323720316e-02,2.240671977603721221e-02,6.379753824457835842e-02,8.580922711703106720e-02,1.207828259785651871e-02,2.654997189417925008e-02,-9.259336284249679305e-02,-5.323469594961275503e-02,-7.716506169691210448e-02,-7.220436163612528602e-02,-1.562182110382286061e-03,-9.853816862099461227e-02,-4.773590168617377477e-02,5.248080648608895865e-02,-3.540239059019720681e-03,8.629719412534044357e-03,-7.024026149471911118e-02,-9.073095136523404158e-02,-5.102986646252097303e-02,-7.038992935523563643e-02,-1.010338866169241401e-01,-1.005668370300409620e-02,4.670136729814047816e-02,2.923922614654683033e-02,9.106305003530017206e-02,1.725187775199012608e-03,-2.292644822802026097e-02,-5.467427248205802143e-02,-2.288574574208249168e-02,8.873983042928068610e-02,-7.505327958849974945e-02
9.536143978578955072e-02,2.448396164651563123e-01,2.156538948170579340e-01,2.678855734250674692e-01,1.000000000000000000e+00,2.241103234570095970e-01,-5.997599466482747554e-02,2.214904886704612344e-02,1.081103304125994591e-01,1.957955611389106121e-01,1.737939774868731690e-01,7.697066006589634024e-02,8.982981863310322834e-02,-3.855930747721364460e-02,4.697116565261504062e-02,4.606164365502782299e-02,4.962993829256906464e-02,1.102485158196518933e-01,-2.249984382237479012e-05,-4.599983743044856743e-02,1.547906967630919284e-01,1.050578009647778338e-01,-9.886176178704687845e-02,-1.711088035221645931e-02,3.112616435164448567e-02,1.154890583035458017e-02,-2.868994420082489685e-02,-1.013696274447318801e-01,-2.672849554315188600e-02,-8.651353899140912240e-02,-1.227877050502479556e-01,2.060062682261609712e-02,1.184750317196858922e-02,-1.119722736910972322e-01,-4.005623730048005898e-02,-8.801194289854973388e-03,2.487931212737059389e-02,1.329898217428271134e-01,3.707223479270718020e-02,6.601080896401173397e-03,1.209033257299432611e-02,8.485170982447123866e-02,-2.334680217821883882e-02,4.764589709518892921e-03,1.286003394271263145e-01,-6.548868649407338025e-03,1.249346310503966773e-02,-7.893958357405469171e-05,-3.853678404397129637e-02,3.923325127817010177e-02,5.002322953674852302e-02,-7.484850202602122415e-02,-3.261949020005230210e-02,8.477870834306246162e-02,-2.016115068723314807e-02,-6.817554579715491558e-02,7.222148718033379045e-02,6.608222221946843944e-02,2.172781687659757974e-02,-9.536388375561520928e-03,8.033564447842721223e-02,6.734038551823982865e-02,7.415968956659028943e-02,3.896288464411756108e-02,5.287407704131916880e-02,-1.617010501474524381e-02,4.683232265713513365e-02,4.687612908138530377e-02,-1.199755161792182348e-02,4.292356679095057914e-02,7.042780455685612728e-02,4.377682672210661541e-02,1.192035941879922723e-03,-2.716040616396499588e-02,2.526068942935003406e-02,2.725936922425160197e-02,-2.384448068224270453e-02,2.247775647401751425e-02,6.483413522824132968e-02,-1.190347855018377213e-02,-7.942100426617008935e-02,7.595904448508968357e-03,4.392090247220312160e-02,3.854824859184173558e-02,3.121963349057963952e-02,2.899729370531899456e-02,5.793795326722691458e-02,2.183711892776075275e-02,1.131828719396092697e-02,-1.090136733318497995e-02,-1.259617926497740015e-02,1.917154097046763761e-02,6.643843918932464121e-02,6.410425592912455395e-02,5.267239464896138201e-02,5.593785465308294402e-02,3.526638131400833265e-02,1.505876355340394872e-02,-2.351070843268930621e-02,-1.952345521691161226e-02,-9.327108054558360187e-03,-1.970412635503277290e-02,-2.101236587540431661e-02,1.646516191335111595e-02,2.958208766345287073e-03,5.477653249690344478e-02,5.944910430692919301e-02,4.653007336819714457e-02,7.060131763848978559e-02,9.766737543371016572e-02,1.319697938026694883e-01,1.313900144806199044e-01,8.874160529790496577e-02,1.373983566498047371e-01,-2.329355025115089836e-02,5.603131162732263165e-02,7.495005837421882255e-02,6.273285928920870058e-02,9.531133702620384063e-02,-2.564131993699222956e-02,-1.231618434714929627e-01,1.273425812830307757e-01,5.266361873695679652e-02,-4.755195344404444802e-02,5.816380905446652018e-03,-9.527661202398465812e-02,-6.939168479285533903e-03,5.681973030558816473e-02,-9.447383759039183759e-02,-2.590040438366719711e-02,-7.108474708345404076e-03,2.776192662481386398e-03,5.317973008646348539e-03,-2.757084082298700764e-02,-3.277506081002208582e-02,-3.085596783475816340e-02,-6.662460005913382020e-03,-3.143207326898031459e-06,-5.294905761377921571e-02
6.016130967409653169e-02,2.244017956286681048e-01,2.966784051981584125e-01,2.238223125215965670e-01,2.241103234570095970e-01,1.000000000000000000e+00,3.246423049403996952e-01,-4.642281112746752397e-02,3.241583502643294312e-02,-3.134794666602593038e-02,9.243209680474014089e-02,8.949249115921120712e-02,-7.096354013688041182e-03,-1.238343392111646152e-01,-2.232707720920407146e-02,-2.861280641715515174e-02,3.969101772248753712e-02,7.440589560754429233e-02,7.338605575443245266e-02,6.978376470599004233e-02,1.101599946699639981e-01,-1.151939893001881210e-01,-2.612988259479110537e-02,5.139557262268767274e-02,-2.726602066156804879e-02,-1.428164638301136942e-02,-3.499479998492949911e-02,-1.168010544942359175e-01,-3.620231515187450483e-02,-2.142509083940268358e-02,-1.090169948200640226e-01,1.972673657208173434e-02,5.822269923151914689e-02,-1.050673854552339470e-01,-8.454968167708763749e-02,-7.017525978067221115e-02,-7.591722660949722090e-02,7.113388280798423058e-02,3.740357788827308738e-02,-3.874619811337783742e-02,-3.613678028867268327e-02,4.909574089439282252e-02,-1.551069026411748888e-02,-6.543885588011411070e-02,1.280997880197671385e-02,-1.795414248747469188e-02,4.299156317358028036e-03,2.621267062838958731e-02,4.266874089627772232e-02,1.637321171682787346e-02,2.966888279274063761e-02,-2.104952831388362880e-02,-1.008755809001459121e-02,-2.355097109705731398e-02,-1.271591714493893951e-02,-4.714285495967399445e-03,-3.125448841604553524e-02,-4.142920323824061772e-03,1.045551131871331682e-02,9.359339629253671244e-03,1.039605486473795665e-02,-3.059184447249630942e-02,-1.214192279642650578e-02,8.891614329333873135e-02,4.855044278398861629e-02,1.384709894631855343e-02,-3.131796577070024984e-02,-5.198417967272866980e-02,-3.658850082050321695e-02,5.351755383357847951e-02,4.435690217485852710e-02,-5.900874714167475554e-02,-1.053198344924736601e-01,-2.418131312948261155e-02,1.863259675376267854e-02,-4.075071580143140720e-02,-5.908115144876538438e-02,-3.898354850315396969e-02,-1.997085324247986973e-02,-2.457143792360922188e-02,-1.918393961340236070e-02,-7.325113666456238570e-02,-6.859211655453481549e-02,-2.334267075344080219e-02,-4.073707474359757053e-02,-6.422657443148563350e-02,2.260720159448793495e-02,-2.077719396210897171e-02,-1.943569522311577522e-02,-5.754239253378629071e-02,-1.324999392769398224e-02,-1.321969198020148638e-02,5.886413832611883667e-02,2.700812833389356141e-02,-8.477887702151774840e-02,-3.592385696806443124e-02,-7.535911299240477534e-02,-6.882780928794991759e-02,-1.702906937919299729e-02,-9.430397965519317360e-02,-8.069504338045412062e-02,-2.898978002107633137e-02,-4.134691021350241080e-02,-1.677702841056481417e-02,3.220925746734999012e-02,5.843699993962868551e-03,-3.984554594374895703e-02,-6.578816839436846253e-02,-4.499992163227283654e-02,-5.577256025761312408e-02,-1.386115347642286610e-01,-4.406260490938666841e-03,-1.058467703163370882e-01,9.527345696595693018e-05,-1.467047333354978278e-01,-1.815356808344832928e-01,-3.320179686721788648e-02,-1.481377034933319403e-01,-2.604151908269398963e-02,-7.342475507719330163e-02,6.001200028958875859e-02,2.384172053411288961e-02,-3.777411975419665835e-02,3.116503172801977917e-02,4.829298536794573299e-02,-1.661849907638202409e-02,-8.328518584076698150e-02,-7.425591568914588492e-02,-7.230586200312159872e-02,1.667357917281848262e-02,3.744684841198633873e-02,-4.457821796320975138e-02,1.041721227459531385e-02,-5.217971389537430504e-02,4.181758128860756096e-03,-2.161694745222668412e-02,8.221606139884899897e-04,1.208604725197285311e-02,-3.307896349553036269e-02
-3.625395081608775733e-03,1.281933633798645151e-03,1.772214133151390481e-01,1.788348123461699912e-01,-5.997599466482747554e-02,3.246423049403996952e-01,1.000000000000000000e+00,2.168071726188476045e-01,1.196367501205992528e-01,8.957497668885663900e-02,2.805429632964762665e-01,4.692005444589839730e-02,6.878020782824594004e-02,1.422057547935544862e-02,-3.908450163874933880e-02,-1.474949690172548122e-01,8.798221082675241819e-03,1.935624123001032648e-02,-2.918321611958334810e-02,1.810687302727602768e-02,6.969625612444902210e-03,-4.143130414649610210e-02,9.102795512034527955e-03,-1.630688973075071144e-02,-1.225884174287921180e-01,-7.113540473243484819e-02,-4.669921187156846759e-02,-1.031985264154458709e-01,-8.108620236934274694e-02,-1.396425094237414566e-01,-1.710967569261708787e-01,-6.894312696419495345e-02,-3.598361878206979281e-02,-1.314712015468089135e-01,-1.605100847830304711e-01,-1.160589441678575029e-01,-1.166210708250168260e-01,-4.377174776962707015e-02,-7.779795456708735180e-02,-1.013846279735087508e-01,-8.459219030952377927e-02,-7.114062508829873191e-03,-1.306737019179217696e-01,-7.441834619086266922e-02,-1.860546771577749683e-02,-5.107385404796999095e-02,3.144790545817936073e-02,-2.744521927491384156e-02,1.393289065569476310e-03,-2.228687992013220209e-02,-2.524783722415577247e-02,-5.322606240489848733e-02,3.420929720996646745e-02,9.622301836285332421e-03,-3.752436294394846661e-02,-5.269519432641652824e-03,-8.737557510777504977e-02,-3.346217160024956422e-02,9.638559630922928154e-03,-6.376424830708996017e-02,-3.737707739922192102e-02,-5.172415366412296683e-02,-2.643219992547943958e-02,2.473876810084058020e-02,-2.408245381896825452e-02,-3.363903324916770691e-03,-1.910360372366446888e-02,-5.099861789653328814e-02,9.144932637494060726e-03,3.564252865401121989e-02,-3.624587503136664918e-02,-8.629006695869528842e-02,-1.040160251768549177e-01,1.711908377393575251e-02,2.512752388926698874e-02,-5.962643025110761497e-02,-4.394223178883211595e-02,-3.925307206241789026e-02,-2.180072060623191449e-02,-6.573435158707641168e-02,-2.057935651872146166e-02,-6.787860949227987606e-02,-1.110952485642103943e-01,-5.074155912507508775e-02,-6.363856752862377675e-02,-3.578143725850688184e-02,3.251957003994005585e-02,-2.371781606972364967e-02,-3.381816096715227482e-02,-2.027086509803070757e-02,-1.214604850646940418e-02,8.777110194818671038e-03,5.470608427798460960e-02,-8.781023770289272251e-03,-2.931066211108850073e-02,3.768062665271318390e-02,5.918460625402014418e-03,-2.271278262843842710e-02,-7.232934521892849140e-03,-4.751519640013181917e-02,-7.999285150880569573e-02,-2.834260490489596065e-02,-3.947544311353717861e-02,-2.316792135244178513e-02,1.659790257791430440e-02,-2.432048534813582852e-02,-2.873056793892192137e-02,-7.415958411453714254e-03,-2.128165406274896629e-02,-8.609840836399626496e-02,-6.730923292831171578e-02,3.810859628510333830e-02,-1.197934626094534216e-01,-1.731166560828420464e-01,-1.738126102496672931e-01,-1.243768955933464010e-01,-2.665068638562425041e-01,-1.970722683481152815e-01,-1.386206360851018893e-01,-1.954961528948034322e-01,-3.544991097330025404e-02,-1.166377209811521598e-01,-3.405163315143026892e-02,-5.637839020055873153e-03,-5.063841520510854038e-02,-9.117326305496999128e-02,-1.282944995994635684e-01,-6.134796466062814729e-02,-6.443095989157066050e-02,-6.378638826491234148e-02,8.059962284071239824e-02,2.555541915717837037e-02,8.848563914151016951e-02,2.823121727265570646e-02,9.440716114673301795e-02,-2.049677384221077966e-02,6.425697600876860427e-02,4.232690055762593911e-02,9.803260535322889588e-03
1.315928620403027625e-02,-2.771859472052282808e-02,9.055421916719159914e-02,1.235391389201650897e-01,2.214904886704612344e-02,-4.642281112746752397e-02,2.168071726188476045e-01,1.000000000000000000e+00,2.696375100773279465e-01,7.595792954733737723e-02,3.117600407920389505e-01,2.381998703225642611e-01,3.301494279688176881e-01,1.771857777358354924e-01,8.009192231348208346e-02,-3.790753190694132191e-02,3.014015034506100504e-02,-2.460377674708850125e-03,-8.343517528600337407e-02,-1.067966798292606101e-01,2.395373141758139202e-02,3.478567726944989391e-02,-2.849677854042385189e-02,-5.208879356318650566e-02,1.403235738562918795e-03,-7.695057942453283322e-04,3.351244877949277612e-02,-8.043459215446797927e-02,-1.086504613566834643e-01,-1.510744361174212735e-01,-1.581594174077343151e-01,-6.426432780272171852e-02,-5.539899884898696891e-03,-3.718399638289345693e-02,-8.826930483539471850e-02,-2.948462865131704774e-02,-3.429391521501956586e-03,5.250333543422680375e-03,4.457942977823356467e-03,-9.440041282405167711e-02,-4.233789722324338839e-02,3.967139866998322523e-02,-7.233908109607332937e-02,-5.351839414611483242e-02,3.311566669820233816e-02,-1.833922954111013442e-02,5.276894402759272490e-02,3.083410228184528643e-04,-8.765995170108635895e-03,3.179371996088348196e-02,3.216468061792278343e-02,1.263103252429079388e-04,3.182955259709478735e-02,4.778151053205740434e-02,1.947456528691780819e-02,-1.454842142691712380e-02,-1.262596847024632062e-02,-5.346623530667879431e-03,-1.014147199552837067e-02,2.498685364523550723e-02,1.109073980634398965e-01,4.220732179089602132e-02,3.627253543576550859e-02,-3.541076083649141032e-02,-4.063792913017062053e-02,2.911687262668389078e-02,8.425279272130092867e-02,5.815518055750878990e-02,3.600927128423103696e-02,-8.023570663407550083e-03,2.214712454488311846e-02,9.813931914166231993e-03,5.767976350133592438e-03,3.535095840434777231e-02,3.491775402139938450e-02,-1.871356909888620065e-02,7.270504936374956595e-02,2.877698711024221159e-02,1.954317218617410493e-02,9.207566382668843155e-03,5.738436265493440658e-02,4.925799146225642161e-02,2.084549337438089400e-02,6.174797177829319250e-02,2.076734322382459835e-02,4.385213993197934271e-03,1.068386159359276388e-01,1.074838744928919166e-03,-1.452185186198634223e-02,6.320532878560991552e-02,2.205425308044775198e-02,5.485528376035646303e-02,1.139903744053836904e-01,9.138835064775364947e-02,8.383397417809307015e-03,4.823211392780960699e-02,6.293807442428679851e-03,1.104454353364754844e-02,4.614828994918410143e-02,5.821249164167517642e-02,4.109911446070856761e-02,5.755162115001018208e-02,6.231743335748338858e-02,8.665812607458291128e-02,-1.587940743708964389e-02,-3.408646301444756728e-03,-6.625031756229303112e-03,4.398188201937691666e-02,-1.746757143039523799e-02,5.034936619967279869e-02,7.763042603922115648e-02,6.802733697352073006e-02,-9.470173873594607810e-04,-6.058800609872554144e-02,-1.646855430627027286e-02,1.656915473434485420e-01,-4.943461064960642803e-02,-3.389875549518814985e-04,8.253233745409496724e-02,-1.585340353446349215e-01,-1.051893548021683999e-01,-6.292485884968432308e-02,-2.290379415131999635e-02,-4.596163625017918829e-03,-1.482418007990394387e-02,-1.201799377092996612e-01,7.705121949644873694e-03,8.129303346755761828e-02,-9.870138539510457665e-02,-3.742845448872657299e-02,1.264108090744517354e-01,2.073546708546776252e-01,1.109853394558994594e-01,9.980492012892105969e-02,9.293727544952021247e-02,8.483852385309650912e-02,5.327716300385093584e-02,1.343662167976511779e-01,5.462032842009191536e-02
1.394067221123539493e-02,1.246266533227220752e-02,3.241719509615445527e-02,9.640969228549858827e-02,1.081103304125994591e-01,3.241583502643294312e-02,1.196367501205992528e-01,2.696375100773279465e-01,1.000000000000000000e+00,2.783742623468747901e-01,1.951594051204868785e-01,3.459559266156650992e-01,3.189656242184109036e-01,2.778146542132874097e-02,2.057399783183565603e-02,4.811528367315409671e-03,-4.976514603718561192e-02,-4.269019620848119034e-02,-5.009413174530625429e-02,-6.758532517510162929e-02,6.638115815373785145e-02,3.649327544291723624e-02,-4.365499623270498869e-02,-2.698825629346369992e-02,1.577604792382544460e-02,7.016610826795266313e-03,4.527444481801893433e-02,-4.433038589463907109e-02,-9.585134922784376010e-02,-1.011882281637399433e-01,-1.344240638587116399e-01,-2.648775999349564300e-02,1.697970420574993963e-02,-3.209034583095482854e-04,6.264114988059833918e-03,5.539378809929675074e-02,6.197018004232416472e-02,1.357149811761469982e-01,8.525327903666535256e-02,3.456685639242342012e-02,7.281481721754980152e-02,1.455044695476774008e-01,1.147741593989244288e-02,6.243732804336558917e-02,1.157743120813673338e-01,4.529363712608804049e-02,1.053462317092047767e-01,7.627439174428793378e-02,1.472671792501292591e-02,5.927078369405715252e-02,1.067898487374262934e-01,4.944759825112279850e-02,5.247681141252305559e-02,1.133440755211050505e-01,8.928057156352992019e-02,2.017350613013378993e-02,4.603838024296667830e-02,9.342868156437031391e-02,1.686158171632761577e-02,1.835902834246255430e-02,1.425456863895681325e-01,4.799078448504501965e-02,1.539874795722803204e-02,1.773651323207644029e-02,3.591146944597986557e-02,5.589709515159015790e-02,7.633947848419328497e-02,3.145554323200464714e-02,-5.444652459990831361e-03,-3.263275519804559321e-02,2.706469822459079549e-02,3.247986362519565684e-02,7.815489467577395322e-02,9.848965057923728117e-02,4.534653086034771269e-02,7.556525146451723018e-02,9.275762114373763134e-02,4.986547714074943821e-02,3.364780015565545235e-02,5.717047425275204736e-02,5.280060485516110264e-02,1.066613966677142089e-02,7.118405209387206056e-02,9.289011449764428274e-02,2.757418611944431261e-02,6.482234737507384936e-02,1.070542773088841854e-01,5.818569149554937703e-02,3.767517386448217959e-02,4.722820607519643936e-03,4.241314970610550461e-02,2.545093170255899317e-02,2.657177283289852143e-02,2.274647598385438202e-02,3.486989328065587951e-02,-9.596096456605878952e-05,2.755482178396535808e-02,4.491281705008292463e-02,-1.497269089228888675e-03,-3.100162482040067988e-02,-5.066641738484344406e-04,6.480414577682094834e-02,1.744168789325306265e-02,6.256310103371412468e-02,8.760962592000112736e-02,2.854429121585828552e-02,7.195911683331987496e-02,9.426076766074743818e-02,9.831780270137684130e-02,9.139067969356948207e-02,1.312313383045196069e-01,1.517047699086422619e-01,8.235206090558729042e-02,1.310393147284768522e-01,-3.964059659858298890e-02,2.239749772621386359e-01,8.754850689790993901e-02,8.322277993723113665e-02,1.894492309944473540e-01,-7.185052059940486013e-02,-5.277233918048118699e-02,7.293633637977614548e-02,1.302203317909238212e-01,-1.022665708217803879e-02,1.180834068963812836e-02,-3.022720059921254684e-02,8.414577332191421413e-03,4.208851323756513524e-02,-5.288452846014180669e-02,8.156670013317389445e-02,1.381172403251267888e-01,1.431314890744827262e-01,7.811887087302891997e-02,5.687310272328038874e-02,1.309990382022805655e-01,5.192338267484980507e-02,9.076045763814638567e-02,1.309009789765610832e-01,4.475214978563792773e-02
2.649836334493479301e-02,-2.178848982644544449e-02,-6.132211134206770609e-02,5.018706520516955094e-02,1.957955611389106121e-01,-3.134794666602593038e-02,8.957497668885663900e-02,7.595792954733737723e-02,2.783742623468747901e-01,1.000000000000000000e+00,3.268572125759698910e-01,1.409515134418768689e-01,2.913555903666929514e-01,1.926037278666194175e-01,7.828937928009850611e-02,6.800648425073822778e-02,1.046958590300461484e-01,3.938812390649591016e-02,-3.521487917123373307e-02,-6.257797083540713899e-04,6.092947521046674503e-02,8.600275637979004628e-02,-3.502877917722200390e-02,3.130786883373733870e-02,5.071500785287991198e-02,5.186698732580913296e-02,2.013266101386529047e-02,1.373592025223079917e-02,3.649503159244981473e-03,-1.094237487933834574e-01,-8.363818593799673962e-02,3.393342787547942024e-02,3.012584626429556933e-02,7.306725415003791774e-04,-4.922291833979102003e-04,1.133744282523347496e-01,1.656912286674778328e-02,6.500609073941969462e-02,5.867972067323221075e-02,5.358697427734817470e-02,3.935480832121684980e-02,6.900583559279806212e-02,-1.666161071910919958e-02,6.080495790856557670e-02,1.819407940504245980e-01,-1.344700494911187788e-02,-9.216247369733459455e-03,8.296668426152764564e-02,5.571512894984217978e-02,7.995227218807686442e-02,1.294995864441141897e-01,4.534412517142343002e-02,5.773254798915313651e-02,1.252586019730169420e-01,9.258275812301601515e-02,2.729547174270073595e-02,1.088645898482822477e-01,1.057637867000050663e-01,6.705837822604755749e-02,7.543639092712514649e-02,1.556255495718356918e-01,1.188588850257080720e-01,1.061698841445071345e-01,4.569565186638091525e-02,1.119938743110745621e-01,1.255773426149353611e-01,1.740462891645756793e-01,1.360082491235747038e-01,7.574898096484698751e-02,2.334138072717816328e-02,9.004745031455821391e-02,8.743419077655709137e-02,9.561668800547075409e-02,8.012803516216708555e-02,5.087150446905654155e-02,1.198308646861416110e-01,1.258849357964816618e-01,1.179566596289313707e-01,1.083810237743048771e-01,1.034024256761520016e-01,3.965916695735496877e-02,1.192497824511935811e-02,8.243739432784323584e-02,9.463099785150479171e-02,1.152911505890637373e-01,9.991798524657648228e-02,6.598552410855315631e-02,1.056243392747651805e-01,7.010422129416374326e-02,8.584572079101644715e-02,6.166546850830339349e-02,1.057242093497570562e-01,6.700569907144349191e-02,7.827454160161581576e-02,1.783560605475238703e-01,1.639594935512616314e-01,8.454955533674030077e-02,9.309785632680939171e-02,6.016050550063136576e-02,1.029593623217557596e-01,9.456246393645480197e-02,7.861844215144109249e-02,7.961222038305701409e-02,6.909910471957698974e-02,9.258846819614344192e-02,8.623904201549043025e-02,1.269166067744963988e-01,1.042740513456231338e-01,1.341933133139963097e-01,1.696380568293285318e-01,2.410554184561045921e-01,2.007511571297371511e-01,3.226198322507604077e-01,2.498721813645570222e-01,2.037455774492507588e-01,3.618068540326049298e-01,1.232382277007396526e-01,2.816521116869747932e-01,1.929055158386719648e-01,3.857561148274726154e-02,-7.073182455126399149e-02,7.255543379503728851e-02,2.293938592495432249e-01,-5.911168195534980546e-02,4.071927195289379992e-02,2.635843727651077800e-02,8.480798106716580520e-02,1.234239964471766371e-01,4.714897762176906842e-02,7.084542549536691769e-02,5.034413698374893414e-02,1.620873028536228555e-01,1.347402978291614706e-01,6.399350716966344110e-02,1.347591132381254497e-01,6.499737093701057900e-02,3.948313180146026391e-02,8.338762335186711283e-02,3.672479152399512475e-02
-3.420459017662741408e-02,-5.953079493734701744e-02,4.116868123599428525e-02,1.300492461062588145e-01,1.737939774868731690e-01,9.243209680474014089e-02,2.805429632964762665e-01,3.117600407920389505e-01,1.951594051204868785e-01,3.268572125759698910e-01,1.000000000000000000e+00,3.296252131737087976e-01,3.106926673255482330e-01,2.328301966571364179e-01,1.284606439456118243e-01,-8.243155745065964060e-03,5.165099203829897484e-02,8.809428744129906008e-02,-3.688442247023275555e-02,-1.265898290678972027e-01,4.584431580046645360e-02,5.638816416605155202e-02,-6.064312055576750321e-02,-6.408328267471746775e-02,-2.695921192925482962e-02,-6.141104595234209151e-02,4.357522316111032967e-02,-5.333021445516221426e-02,-9.739679703355631768e-02,-1.727785524824677343e-01,-1.931930427079400769e-01,-6.392212367966516873e-02,-8.859154277242195508e-03,-6.985019822846094684e-02,-1.332109344404162343e-01,-5.458941168732892035e-02,-5.719008042088608718e-02,3.174718677014091908e-03,-1.434596248752538841e-02,-9.205779020990995098e-02,-5.220876830267714985e-02,7.233217712575164271e-02,-7.644638975100431777e-02,-7.844393060459389777e-02,9.993230476712754162e-02,-6.575547503476834865e-02,8.519543140834584527e-03,4.073684328610176902e-02,-2.126365163565963404e-02,4.237405736684608792e-02,9.563201676044465194e-02,-2.009421648809270669e-02,-2.656586323773847333e-02,7.680718513194552399e-02,6.636201001518809983e-02,3.549425974362351022e-02,4.419058352292485475e-02,8.452289024716261312e-02,5.560787197989025543e-02,3.503169649032721739e-02,6.970369110471803797e-02,1.123151723481987177e-02,6.968066135943341843e-02,5.222041992810705358e-02,5.323109652973109784e-02,7.771728953618341207e-02,8.844200229163852456e-02,3.870086421288621709e-02,4.008525748025991431e-02,1.278909928375535944e-02,6.048510158183077745e-02,3.412909011864480313e-03,-2.732732079756929056e-02,5.626465651917442190e-02,4.814942901151778032e-02,3.092880009065004498e-03,4.265642703463559671e-02,6.428682937127710995e-02,5.109086773567624723e-02,2.331053655914726210e-03,1.151235732062666495e-02,8.242774195480563398e-04,1.751402685905791012e-02,3.848975653395224350e-02,2.800722200320306457e-02,4.321343855486051849e-02,8.269712604622485308e-02,1.329185771949342428e-03,1.263590847288712481e-02,3.371532262742890640e-02,3.547381914359512643e-03,5.467928965803812297e-02,1.333560725915885758e-01,9.333515238923555113e-02,3.946587433005559892e-02,1.148806742290063160e-01,-6.006311724069207658e-03,1.933615141517359276e-02,2.013315066878235832e-02,8.111952032231087989e-03,3.403956695708652141e-02,8.088616409222447456e-02,4.813417702884421889e-02,7.193580317774218857e-02,5.224977556028628529e-04,8.963681291818150626e-03,4.609805617251502147e-02,9.182740244520878892e-02,5.059533675235338562e-02,9.229609764600636701e-02,1.153905395657553873e-01,1.845874578677225708e-01,1.131285570566015475e-01,2.538545866861384448e-02,-3.249954566575868203e-02,1.685082749822885695e-01,-1.098601951079924977e-01,2.025587128277141907e-02,5.628114850172753411e-03,-1.824825499949616070e-01,-1.183002070315936766e-01,-8.820018453878089582e-02,8.857727636258377890e-02,-5.887947565896983065e-02,-3.971600909034807107e-03,-8.490188426607307715e-02,-3.181795780176691069e-02,8.371888540699649883e-02,-6.064140792275767022e-02,-1.093284432060083605e-01,1.033166181859094951e-01,1.387533360754263367e-01,9.522295390002338822e-02,8.714929280163111192e-02,1.079565748415338561e-01,8.479358862553332266e-02,1.092286273213254472e-01,1.078318395720779810e-01,9.012064498809956026e-02
