1.000000000000000000e+00,3.054999557325392412e-01,1.562982324960589531e-01,1.565303771117635689e-01,1.915579972969835010e-01,2.389601494331882459e-01,1.096094336814881914e-01,2.047502595804253089e-01,1.543951924592247907e-02,6.566085927152119639e-02,2.202867706033773132e-01,3.195094942919849551e-02,3.513533315422110587e-02,-1.192437399503627066e-01,-1.369493712050516010e-01,-2.082794701774962620e-01,-1.267323593552684702e-01,-1.581687989279356998e-01,-2.376834865868276137e-01,-3.464647481934864798e-02,1.169823335701010297e-01,-8.372412884601235228e-02,-1.903763816661124819e-02,6.321278192282238362e-02,4.604639770425867501e-02,4.320134526445413431e-02,1.534402291063448609e-01,1.555148341499839881e-01,1.598049374090235730e-01,1.252204778820161790e-01,5.613162247876851696e-02,-9.570408666180935109e-02,-1.292509563702699538e-01,-5.032988613629799102e-02,-9.387769099048692834e-02,-6.363324628423076834e-02,3.582800664737225554e-02,-1.561308061091265798e-01,8.674147342909052649e-02,-7.922384524367356851e-02,-3.275137251701985830e-02,1.454488740310837247e-01,-4.861900281437864929e-03,8.288621543282956305e-02,6.842176792141542625e-03,1.588922556290974786e-01,6.824355944388173223e-02,-5.414005565574887650e-03,1.258965012026738994e-01,2.603936861573695472e-02,7.751258498824903278e-04,-2.742127192706806261e-03,7.246463830052728150e-02,6.379938390294190298e-02,4.709995653438451418e-02,5.047009388799351265e-02,1.507520056958661266e-02,1.734021739517775315e-02,1.990138604953678447e-02,-8.364941001613250202e-03,-3.995862851431369184e-02,2.676567019247698409e-02,6.736776081840333864e-03,-5.248681599361992856e-02,1.223622868322781464e-03,-3.332551039211897881e-02,-2.057400116556501804e-02,-1.755376461000788743e-02,-2.235325960391234754e-02,2.569202309285106844e-02,-8.004805982702459591e-03,-2.768160287428192076e-02,-3.021929001740505938e-02,2.772146629323599815e-02,7.638510141221290135e-03,9.263103538648023716e-03,-4.660785581973325015e-02,-6.118026051101303070e-02,-3.382423422150328263e-02,-5.401796955838109038e-02,-7.294402026066648670e-02,-5.348037132363345908e-02,-1.092030649007257187e-01,-6.139105977184184521e-02,-7.455892244267951774e-02,-5.127525763757578847e-02,-5.591444500717485111e-02,2.301856341113383067e-02,6.792677334250862668e-03,-1.192624935392475397e-02,5.587452316962927823e-02,-1.783680536307161862e-02,-4.908708363191068708e-02,-1.122430808394072888e-01,-2.953963358982952467e-02,4.439596966662627542e-02,4.597685937975014292e-03,-6.317241031304472731e-02,-4.096370964561787953e-02,-3.591096812396959992e-02,-5.240222342401327366e-02,2.125588142348537254e-02,-2.968477849872836263e-02,5.216038870334977796e-03,4.228730620307960542e-02,3.688885062336304255e-02,6.206400707674037363e-03,-2.149677661868128458e-03,3.662112586570555328e-02,6.733013367021889461e-02,5.530685274674777135e-02,1.654493889514043262e-02,6.735253694950177339e-02,4.686040358154282964e-02,9.382293439045664984e-02,1.696963549261078230e-02,1.398955537541008709e-01,9.766967259368704302e-02,4.486258052287734471e-02,1.379388326980738044e-01,1.049701340674209261e-02,5.966904137803735741e-02,5.549894569504706075e-03,-1.682259509568653777e-02,-1.702238190018217148e-02,-4.465525883398605012e-02,-8.411459335642112664e-03,9.281261602510278153e-02,-4.537330723254542897e-02,1.649165943920977498e-02,-7.799810234210445559e-02,-1.130793720800754854e-01,5.643266067857685697e-02,1.379884248870617280e-01,-8.407437339286547018e-02,1.203812778739911382e-01,3.756001740988031481e-03,-1.475650072748307395e-01,1.015487067333170762e-01
3.054999557325392412e-01,1.000000000000000000e+00,3.550905037319185276e-01,3.089875305473198108e-01,1.660826437507199049e-01,3.135664118241530129e-01,2.016890269330104402e-01,4.130101825789243147e-02,-1.143262899114457498e-01,-1.308199196349726645e-01,9.125487825145042753e-02,-9.049744403047375874e-02,-1.421875569288848506e-01,-7.883260299947104921e-02,-2.135737497767524196e-01,-1.372227499091116798e-01,-1.315283523785472364e-01,-2.532724115145235100e-01,-1.663982039215651243e-01,-9.700035167601203656e-02,2.400290537170220173e-01,7.729797652957240417e-02,1.967674903466327119e-01,1.804612098038859969e-01,2.559777034537518703e-01,3.173089481913827781e-01,1.672302600354508839e-01,2.233299991040276766e-01,5.922466842247923330e-02,1.895524199886673145e-01,1.720873385916232012e-01,4.209695965282775343e-02,-1.263505094164937004e-01,3.341469166906074761e-02,-1.366897272360696192e-01,-3.830563431347318998e-02,-1.613083114335157886e-01,-2.395862252703237494e-01,-1.149612509526762999e-01,-1.933269078594590240e-01,-2.086715048922604954e-01,-5.170397720932016355e-02,-1.416852113322229767e-01,-9.043119715302988526e-02,-3.805398759960117172e-02,5.678712913409614260e-02,3.537582563881434133e-02,3.275455270951645875e-02,1.088556417889307293e-01,6.561807226814239669e-02,2.901316718902883542e-03,-1.486239713115631092e-03,1.698277619171235236e-02,-2.064736006902106319e-02,-6.188485039332720754e-03,1.352113570553200445e-02,-4.994998961734596621e-02,-5.492986824379707776e-03,-1.661925620652049060e-02,-3.477631609612596292e-02,9.852445107669175264e-03,-6.423374907099604555e-03,-3.367751742291962003e-02,-8.197637613683829427e-02,-2.170478735495460013e-02,-3.780344817396205648e-02,-2.343537443983440341e-02,-3.085474314044038546e-02,-4.321569880829780747e-02,-2.135738503689382783e-02,7.614938741159211610e-04,-1.283819807088181289e-03,-3.290409234816774053e-02,-5.068373844334334022e-02,3.345387283027558695e-02,1.373558481407292746e-02,-6.292366781444992674e-02,-1.289379904540497723e-01,-7.694745651091847161e-02,-1.233153377509121351e-01,-9.060874401793884980e-02,-9.123753615409888051e-02,-9.929866282539086611e-03,-3.860239280394520134e-02,-6.800000030625284742e-02,-6.579790843440129489e-02,-5.430450561205338311e-02,-2.410768604683868888e-02,1.791311036404259066e-02,-4.668698877238390554e-02,-3.266774012367952562e-02,-3.343310755773507698e-02,-5.782771322822646831e-02,-6.804157422426045099e-02,8.207457713408589095e-02,3.069703327155431666e-03,-2.705960171884103094e-02,-2.974991191625109277e-02,-6.931470753878127278e-02,-3.914781594635957651e-02,-3.597993528200469499e-02,-1.604167543575765872e-03,-1.909996455587487790e-02,7.866514037236198298e-02,7.264615036891758186e-03,3.908470285301417907e-02,1.070187857658304043e-01,4.190013406141945840e-02,8.530213162231951862e-02,6.042606393853168500e-02,4.231511739134917460e-02,-3.187105437949945552e-02,1.808601800775530219e-02,2.223584246541754350e-02,4.487109202851798789e-02,1.502284016557592534e-02,2.229460303502784138e-02,1.014210774741360344e-01,2.109179671807853013e-02,7.793022732593264668e-02,1.074848448545595581e-01,4.374104505115476021e-02,8.658921609305060552e-02,4.453210621882867232e-02,1.143267929031714231e-01,5.136799602285834626e-02,1.002141436439788341e-01,1.993583419770925680e-01,8.029208977118718060e-02,1.224495504398024764e-01,1.164751116154166821e-01,-1.981928950097779432e-02,3.969429174932215254e-02,2.456362469142008287e-01,6.999605514701848219e-02,1.736599512596593564e-01,1.321640622978502988e-01,-1.357850701887242800e-02,1.753447127093620828e-01
1.562982324960589531e-01,3.550905037319185276e-01,1.000000000000000000e+00,2.247324170840330759e-01,1.263945401895983367e-01,2.519034964579767166e-01,1.189856337040577083e-01,-4.632172182763093227e-02,-7.050317631783904748e-02,-6.030485636415109513e-02,-1.089764153933984320e-02,-9.288297378830308315e-02,-7.263287923467906526e-02,4.234294597722345482e-02,-5.379567390573962438e-02,3.350819867707802158e-02,1.488960730151401082e-02,-9.990386057259104113e-02,3.939574184925855038e-02,-5.948220720307631493e-02,9.342864737481364201e-02,1.448019515229469478e-01,1.712638104948561446e-01,5.649178936067015405e-02,2.272334861185690835e-01,2.507144282630142662e-01,-5.189164110228304538e-02,-2.562221548419374093e-03,-1.365416530986587329e-01,-5.253985643439597689e-03,1.320377324555642995e-01,1.095918504866854326e-01,9.047518811153418272e-02,6.972501732000430108e-02,-1.204302654531777539e-01,-7.011116537117301206e-02,-2.157599948050449579e-01,-1.277390411936313863e-01,-1.767153064149216135e-01,-1.334049618608773025e-01,-1.173737746451179315e-01,-1.628068012986481350e-01,-1.646581907544900358e-01,-6.557384747557920557e-02,1.277084724980422914e-01,6.418714034167434523e-02,2.645227004135953033e-02,9.311678078284955917e-02,8.352498975357403044e-02,6.819298393108853829e-02,-1.361970167090774397e-02,-4.415339189922030949e-02,-2.821571968588976881e-02,-9.114847233739679921e-02,-5.101267741597785565e-02,-4.345979074054259761e-02,-1.366446298674319215e-01,-5.299724118032543563e-02,-9.309967534327487360e-02,-1.078023569612617388e-01,-4.560356953166880972e-02,-3.644110718462496151e-02,-4.556762807938784243e-02,-7.839196128310614575e-02,-3.241879459197154201e-02,-2.181334354779830217e-02,-2.209117926594818954e-02,-3.700739094193081224e-02,-2.989093733615316370e-02,-2.923210125430134032e-02,-1.122182437983562479e-02,-4.123758447335072047e-02,1.768692292778514200e-03,-7.178122518858882917e-02,-6.049712449658621594e-03,4.682589761641572923e-02,-6.220843238333925024e-02,-1.160002305713421777e-01,-5.133999663356948046e-02,-1.108649068489652584e-01,-1.545373046663657719e-02,9.901061974049921513e-03,1.036269085522018019e-01,2.083294143092123338e-02,1.820779854413629578e-02,-1.213545124924196323e-03,-5.125381340565416180e-03,2.359176661537033121e-02,1.882147811455701925e-02,2.447791408342641500e-02,2.609406964407917553e-03,-7.602221983021768825e-02,-1.245682013151483969e-01,-2.036662279032595141e-02,7.320631409947557511e-02,-1.677838689290241797e-02,-1.995377964720825362e-02,1.181517169898639932e-02,-9.799334164855121043e-02,-3.749310201368463019e-02,2.264568303886271144e-02,1.941564973006072378e-02,-2.354346817826269422e-02,4.085261804068486546e-02,-1.805096624090396853e-02,5.988690655554303882e-02,8.839368998482595441e-02,-2.350512826113375711e-02,5.176890217390030247e-02,1.306263777190555184e-02,-8.013423332502971758e-03,4.422312940970062577e-03,1.260766470009369936e-02,-3.644143552483695373e-03,4.481566010791547539e-02,4.740645636897330983e-02,-6.795699274880326324e-02,1.108184849320740101e-01,3.807349876507150517e-03,1.131855306431958814e-02,1.142989124150812219e-01,9.779511692977090054e-02,1.000305644448022530e-01,4.881956577995071045e-02,1.484794239687190209e-01,8.419715285180789932e-02,9.009400867121605816e-02,1.565529656414255677e-01,1.089116245362334173e-01,6.757728235178954435e-02,1.839741154441018878e-01,2.732524696392255037e-02,-8.212721467017222721e-02,8.308833808280818856e-02,-1.108309844608919119e-02,1.253133858569863320e-02,5.262102641948584320e-02,-3.868759452610837091e-02,3.339800644151031533e-02
1.565303771117635689e-01,3.089875305473198108e-01,2.247324170840330759e-01,1.000000000000000000e+00,3.851121453892829005e-01,4.718975658040408527e-01,3.994991598246225295e-01,1.185332098971242365e-01,-1.184351219992964320e-03,-1.333711518766318160e-01,1.543762533667829007e-01,3.310709715430906752e-02,-1.400984211176160843e-01,-2.300414400515274627e-01,-2.390135019748987066e-01,-2.066707104295570085e-01,-3.022762565627849507e-01,-2.627451089114827831e-01,-2.199241608868767184e-01,-2.567178476993811631e-01,1.441895722172632233e-01,-7.143588283816140749e-02,2.019119403275741464e-01,1.043641983794302980e-01,1.344771867377355656e-01,2.981534396549632704e-01,7.918955207898858983e-02,2.925982790667537858e-01,1.177398411207467299e-01,1.364204033171534103e-01,2.991978256275754089e-02,-1.110509784602770316e-03,-1.687003910655651417e-01,1.114555478327851346e-01,-3.338482490312109918e-02,9.806838936820516661e-02,-8.588573813452654582e-02,-3.024133337869594484e-01,-1.046448427809305581e-01,-5.332423794884402768e-02,-1.549177761075813120e-01,5.311983334790576494e-03,7.116622814768192029e-02,-1.243558882711933711e-01,-1.451712768082059346e-01,-1.889557971895056490e-02,-8.579010410589559292e-04,4.585696882412754194e-02,3.660672001947920529e-02,4.831452232539300284e-02,-7.355466510845688755e-02,-6.526227093742199836e-02,-3.057833475242068173e-03,-3.468247060311924895e-02,-2.092241665538236220e-02,-2.647606507927025357e-02,-8.007631040846271975e-02,-1.817856157110602985e-02,-6.918248328902364130e-02,-7.767046916809183799e-02,2.123459562299863032e-02,2.027211536600048367e-02,-3.470706864737888725e-02,-4.322664688639575592e-02,-1.887963469419428122e-02,-2.746490969916035377e-02,2.070796918845027590e-02,2.803704644211808816e-02,3.903999390349652959e-02,4.195887069371558031e-02,8.225290707209405305e-02,2.436898466669993116e-02,1.097803040011622634e-02,2.430467956728300273e-03,-1.170174124120701951e-02,2.973578725089203942e-02,-3.363426601397940391e-02,-1.455875384191770705e-01,-9.975785025401816275e-02,-1.439217348771524574e-01,-9.483248334189844919e-02,-4.585339527952916189e-02,1.962919021252261184e-02,-4.329243698853627725e-02,-1.084791294877440228e-02,-7.684716042402925384e-02,4.437167908878440065e-02,4.720816987773318596e-02,1.198134378745989714e-01,3.227011175094564310e-02,-1.131504418691031038e-03,6.306646757347047876e-03,-3.403983461432681656e-02,-4.472980395426372907e-02,8.372419751270736288e-02,7.939319581837207818e-02,2.095574649535057385e-02,-3.813349002429734097e-02,-6.460348426134163158e-02,-8.316266098220449765e-02,-7.853783331142666357e-02,-3.569905062447728539e-02,-4.040121151261228533e-02,2.238053096880739373e-03,1.143483550081209922e-02,1.742559903754640344e-02,3.582679234370465815e-02,-1.727841090214874559e-02,3.603842172508536779e-02,1.553126549386321838e-02,5.172504152408474026e-02,4.164438521663935827e-02,-2.035952593913693126e-02,4.014162990239435180e-02,1.013721942768206069e-01,7.539837289888292812e-03,8.878921438102606312e-02,1.346071824544809448e-01,5.383564140383553104e-02,8.743181646215060498e-02,1.142738319607981973e-01,-3.294517473595083568e-02,-1.005835255037783316e-02,2.088237543413704045e-02,6.472433407824383644e-02,-4.475166262507327547e-02,8.539944625570675130e-02,9.474822685939812694e-02,-2.927963930129380207e-02,1.795698746666515022e-01,8.062028548985809839e-02,9.465185280810166357e-02,2.117713132917653229e-01,2.672884356088367497e-01,1.542516667494221450e-01,2.904485937740014512e-01,1.400649173896190147e-01,6.998715944176817083e-02,2.599938363989878209e-01
1.915579972969835010e-01,1.660826437507199049e-01,1.263945401895983367e-01,3.851121453892829005e-01,1.000000000000000000e+00,4.211316312504723158e-01,4.083389054148048314e-01,4.190539803568476551e-01,2.559720163552310357e-01,8.796251218134305827e-02,4.055551824913725678e-01,2.733493351619011302e-01,5.339617164303890606e-02,-3.355892641168454760e-01,-2.481327822935776306e-01,-3.339254299432285467e-01,-3.550295758829624115e-01,-2.202106089003461609e-01,-3.176704416087806071e-01,-2.848599659279278384e-01,4.366470210626973575e-02,-2.622752890703349826e-01,4.909521799452806756e-02,-1.845078978757960439e-02,-9.294091852987099167e-02,1.516852191106032588e-01,4.323648390784466666e-02,2.468808709002086321e-01,2.254701720311381996e-01,4.377429105568186180e-02,-1.006977743919271889e-01,-7.659514965371662376e-02,-1.497841950607964323e-01,1.443920809801522154e-01,1.034745571896009964e-01,1.394149987832863646e-01,8.136358179880440189e-03,-2.769421750932183346e-01,7.408418302953996906e-03,1.036551994653990734e-02,-5.458886081717288091e-02,1.324426488216096931e-01,1.160436821738949353e-01,-2.839147540066931652e-02,-1.343850151618260491e-01,4.799771271995842414e-02,-4.025813622082422688e-02,-2.397395534548135004e-02,8.215635983744395965e-02,-2.810843193013138827e-02,-1.300365545828487401e-01,-5.911670283144271343e-02,-4.299621583247462825e-02,-8.827352692770756848e-02,-4.719642449804842960e-02,-9.013304499397203906e-02,-1.092362981922776893e-01,-6.921795854293209815e-02,-1.189191006129457079e-01,-1.133676169756362151e-01,-6.056632183529538083e-03,1.208907415645854577e-02,-2.647311353268852474e-02,-4.404862523307510186e-02,-7.924638659652415151e-02,-5.346081944887166870e-02,-4.333153321658868447e-04,-1.412715062295731572e-02,2.090354402019424865e-02,2.116815084968548533e-02,7.946898630520045359e-02,-2.524003693752318971e-03,6.973226084920981782e-02,6.598994382532477609e-02,1.911896005048599467e-02,1.243513429725534997e-01,1.254874406305976353e-01,-7.964879168864701098e-02,6.311559712170423941e-02,-4.572509089364726331e-02,-3.805527329192678193e-02,5.501825716654334952e-02,9.658440491481880275e-02,-1.037162559106149205e-02,2.487497126451148829e-02,-3.134690235495257021e-02,6.919257151226700098e-02,1.427075036666763941e-01,1.163308675318205782e-01,8.261521999288941320e-02,2.942595264273754202e-02,-3.000671231998298938e-02,1.748953378004767601e-03,-2.448221369477584716e-02,7.038049367919656241e-02,1.545620705655228189e-01,4.923303860651198627e-02,-2.403098804892704957e-02,-1.610664937356594967e-02,-7.229724761437643366e-02,-2.704093615727084371e-02,-7.636098167004679201e-03,-5.016944745900495106e-02,-1.327195720326357631e-01,-6.236183844225137024e-02,-7.817526916267861226e-02,-3.077885810452902354e-02,-1.351318128241250083e-01,-6.826842598692396680e-02,1.108228057116990468e-02,6.952381962388298753e-02,1.205116982049695279e-01,5.540265595448670699e-02,6.995571183850536612e-02,1.726246155761307355e-01,4.767775254689473469e-02,1.082823819410568544e-01,1.540573673723992232e-01,1.039442362911845580e-01,1.132366487312154585e-01,7.220546698650598394e-02,6.133992163917681428e-02,2.529308557571946156e-03,-7.868862008314764234e-02,1.557937842779042424e-02,-1.854087235580857140e-01,-1.241778182089233427e-02,6.384718128088090472e-02,-1.566442702794618724e-01,8.902943773557410456e-02,-1.157513051845505091e-03,2.248861398164662614e-02,2.655529817523392677e-01,2.366230742452420377e-01,-7.683947183747739896e-04,2.871839532727119559e-01,-4.113481309470178732e-02,-1.122353854142277146e-01,2.488525605958472053e-01
2.389601494331882459e-01,3.135664118241530129e-01,2.519034964579767166e-01,4.718975658040408527e-01,4.211316312504723158e-01,1.000000000000000000e+00,4.485575328518413563e-01,2.129710780703118200e-01,8.475986858230245835e-02,-8.116033288136873663e-04,2.489924285476237953e-01,8.368976071317928145e-02,-5.626442196570542037e-02,-2.045428224014505247e-01,-2.438719609084031570e-01,-2.718920002355925680e-01,-2.720732829323693758e-01,-2.594859710444550882e-01,-2.737455864567074348e-01,-1.849648375563161251e-01,1.738370132790358902e-01,-9.965786133662027368e-02,1.095013062114135183e-01,7.956002764973459096e-02,1.894573171488611874e-01,2.139305089940251037e-01,1.291682736033933077e-01,1.959396822839207797e-01,1.274670854306569345e-01,1.349013253209344898e-01,1.267388314739722466e-01,-9.251744498285000007e-02,-1.369733258199354597e-01,6.373733336369816205e-02,-4.790832469265009913e-02,4.214095827379500669e-02,6.122736957393816286e-03,-2.961440054617290873e-01,-5.390767044421870130e-02,-1.196105451535067477e-01,-1.394109475576245649e-01,1.066719589245909705e-01,2.769049839117869102e-02,-3.902805245965663278e-03,-7.399439788751212277e-02,2.253940503219897806e-01,1.004229598321911970e-01,6.370797248457840678e-02,1.997023413882187681e-01,1.438331694445938169e-01,3.595997166933090350e-02,4.376670695941705519e-02,5.800015154152590724e-02,5.873301753908437978e-02,3.911867548702059605e-02,4.124461026067705038e-02,-1.831593082464265734e-02,1.680240109282512065e-02,-1.721972677230183477e-02,-3.368751160068929329e-02,1.266825409237950194e-02,7.636745914286655404e-03,-6.718311227537344943e-02,-8.429416545161123875e-02,-5.444277658164571598e-02,-9.500065304881634420e-02,-3.556136913526819487e-02,-1.261557467422786197e-02,1.120021107749092325e-02,2.199888292183575615e-04,8.550256657429949458e-04,-1.522055927032243093e-02,-4.049898693296405394e-02,-4.494814153366285397e-02,-1.487722870334174871e-02,1.641153162891939576e-02,-7.534442227777573414e-03,-1.414159437899383531e-01,-7.909593843363699195e-02,-1.347227395609404133e-01,-9.465520593351742229e-02,-5.906134800993843165e-02,-4.227674572223561779e-03,-6.415254504552217463e-02,-4.809997560372492736e-02,-9.550079690912109676e-02,-2.485166425758575555e-03,5.323185060667470769e-02,1.104134737704055846e-01,4.824540280627389807e-03,4.975995655310559707e-02,1.460062357813539727e-02,-3.954172629230321562e-02,-1.364589921817438156e-01,4.850372588523415435e-02,4.347889882047407950e-02,-1.444650218367028553e-02,-8.043485517585213795e-02,-9.403985087846711277e-02,-6.181170575801717831e-02,-5.372441598776400706e-02,4.217242316802390090e-02,2.715104538524245898e-03,1.078242117513588359e-02,-1.433213980380176715e-02,-9.549740836919439271e-03,8.572553879907610086e-02,-1.301635099441131316e-02,6.129190911762127242e-02,6.377523069625952445e-02,6.901149766352629444e-02,1.430226875761119940e-02,6.905937456994029437e-03,5.170068751235318283e-02,6.961046278662159914e-02,-1.281645288876638242e-02,6.456945625469522054e-02,1.054236038296557099e-01,4.184092702459607516e-02,1.057847002790081176e-01,3.808062293623406397e-02,1.429762444284960778e-02,5.855512869653525104e-02,-5.005807144210709658e-02,2.213177090998424967e-02,-9.950551264631493642e-02,1.824706353644359527e-02,1.501574465239249867e-01,-1.106148778513997705e-01,1.046160689278020500e-01,-3.643634457541364280e-02,-9.581450409155042869e-02,1.628843995614310536e-01,1.929829114033284887e-01,-2.860997174717290221e-03,2.018361289049761531e-01,8.545348356219006902e-03,-7.512928080958329591e-02,1.850184061328573049e-01
1.096094336814881914e-01,2.016890269330104402e-01,1.189856337040577083e-01,3.994991598246225295e-01,4.083389054148048314e-01,4.485575328518413563e-01,1.000000000000000000e+00,2.347361209391700676e-01,2.714595735206832283e-01,4.188318765783766162e-02,1.978002720302980133e-01,2.670674817866007245e-01,3.974605338213106805e-03,-2.409364756973674249e-01,-1.303622092356199469e-01,-2.109842764120789804e-01,-2.881195820754440251e-01,-1.259790352361691845e-01,-2.009395472932246629e-01,-2.833241727901120166e-01,-1.859360822098317725e-02,-2.392253278918873294e-01,1.087584329065624349e-02,-7.364559877377203911e-02,-2.309095177055306078e-02,1.112487034426462157e-01,-3.587624559210698949e-02,1.422373471912685705e-01,1.051452629801712946e-01,1.995082775074732973e-02,-8.378132739395862186e-03,-2.866473829986674812e-02,1.821161152674171443e-03,1.143686977831024215e-01,1.030421864779322849e-01,2.598219888357832241e-01,3.422390191777736901e-02,-1.779532035597505280e-01,-5.271154040017669851e-02,2.923924479440204519e-02,-1.316258049333230984e-01,7.118117023535090737e-02,1.274623413196624144e-01,-8.332031981643567287e-02,-2.190360644771146836e-01,-2.048507973008273364e-02,-6.024763914980576368e-02,-2.392828786980118888e-02,6.867240969027853248e-02,1.120879773393996387e-02,-1.971563250372723036e-02,-2.721119995536531652e-02,2.416321315470916151e-02,2.686569506278112598e-02,4.801375002420166932e-02,3.874344052184545972e-02,-8.542040177929545106e-03,1.281331819765895406e-02,5.151371365502588340e-03,-2.864661395419924525e-02,6.303394929591703277e-02,2.951892624423075803e-02,-8.521261106001498664e-02,-3.954421998077869982e-02,-8.578827150807827318e-02,-6.925395331537710641e-02,-5.084087743781396870e-03,1.718620629266479072e-02,6.999610591009075566e-02,4.747602411547650197e-02,5.250260316450296172e-02,8.145743676047849380e-02,3.876254430637478265e-02,-1.729387498586098040e-02,6.718872628870947716e-02,7.180459258794703870e-02,1.099702982536552159e-01,-5.074002654799109231e-03,2.260935452757949909e-02,-4.224074214330783561e-02,1.152721112313913332e-02,3.503473657661643897e-02,1.023137578172149675e-01,2.889062258745223738e-02,-2.475785124705261620e-03,-8.085479901706028871e-02,4.064039893566385314e-02,3.233542268171565176e-02,1.100020032562291361e-01,-9.165371971850194352e-04,-1.153312580075820971e-02,4.856184865676918538e-02,2.986252944288106739e-02,-9.819766197998533105e-03,1.110679931698953377e-01,6.220775618061079315e-02,5.081191262775543172e-02,-2.379860881292173574e-02,-4.281761781624653790e-02,-6.571640370543664622e-02,-1.044335268399409211e-01,-2.012569772668853715e-02,-4.226966403826390439e-02,-2.448035493395013529e-02,-1.607625534184324231e-02,-1.642600677194139616e-02,5.498951776229581145e-02,-6.816415792514925187e-02,3.039882116802234552e-02,1.809890570287609867e-03,2.871372497368738716e-02,1.664779458477732080e-02,-4.847295972635233541e-02,4.648737981311339834e-02,1.511063665384341191e-02,-3.279416145460681969e-02,1.294244857293834830e-02,5.213717510830002261e-02,1.128381045328957777e-02,8.294249816423604482e-02,4.319560210369375458e-02,9.500587487705685957e-04,-3.740534789270894694e-02,-7.887708771566337429e-02,-6.099274527532443091e-02,-1.807244299832451162e-01,-2.336560781169627794e-03,1.096430034534428069e-02,-1.631620057825191594e-01,1.208087131053864199e-01,-2.849553247282006485e-02,-3.781546462285929368e-03,2.234489063410909915e-01,6.473270085428609044e-02,1.705893890015792308e-02,1.651523830981369845e-01,-5.647904185384497455e-02,3.078450788106694078e-02,1.691994410767174162e-01
2.047502595804253089e-01,4.130101825789243147e-02,-4.632172182763093227e-02,1.185332098971242365e-01,4.190539803568476551e-01,2.129710780703118200e-01,2.347361209391700676e-01,1.000000000000000000e+00,4.928729400508033431e-01,5.211886980740636499e-01,6.272292446864330406e-01,4.137102535509559198e-01,4.546833255365199666e-01,-2.528397937362958370e-01,-1.069890610058024105e-01,-4.415511453717187451e-01,-2.417687870324814470e-01,-1.026385076732716367e-01,-4.513971653513550453e-01,-6.067415151677473667e-02,1.159824390960523949e-02,-3.964448506993382693e-01,-1.967721034371515687e-01,-8.536126905032881407e-02,-1.341141694086289415e-01,-2.989145239652067285e-02,4.480612140642866587e-02,7.241923923498359839e-02,3.301934363835695163e-01,2.186985233974898454e-02,-1.614303584736909436e-01,-2.540712679628790993e-01,-1.429278974465944263e-01,-9.112976890704933830e-02,1.300180461419546407e-01,9.607523975061374455e-02,2.855115252025979822e-01,-6.423623063745577400e-02,3.398426790942821185e-01,7.378472701991702076e-02,2.048210548572686474e-01,4.400716524132577412e-01,1.682990882485858875e-01,2.720905257419760082e-01,4.591834513514529703e-02,2.380403090130981114e-01,1.466106739887838295e-01,-5.668450793984602942e-02,1.493323283610748509e-01,2.554407748153662838e-02,-1.097346643119065379e-01,3.096470786664152000e-02,8.475743392475090787e-02,-2.245539145378039683e-02,1.656665011445896951e-01,3.927180533363069243e-02,3.171129234023680604e-02,5.876615851596905804e-02,2.052601271878834108e-02,2.832118656981382279e-02,4.136048398954567107e-02,3.305141981676439772e-02,5.676191509092128745e-02,-5.214930242475632194e-02,-5.199450249863447893e-02,-6.463675526693341000e-02,-1.830947617664956117e-02,-5.498516523829935498e-02,-8.272593155395682740e-02,-6.312253454769582717e-02,-6.553649333252753451e-02,-7.280227280299393644e-02,-1.858008369336375254e-02,2.246699128394225725e-02,-6.693238352232658284e-02,2.366345996997087225e-02,1.976141510406851376e-01,-5.916997287947897005e-02,5.697402240201696749e-02,-7.181506722740700621e-02,-2.530069974951478645e-02,4.131168020125416257e-02,8.403605287308509031e-02,1.058432509108887809e-02,3.442949319177059792e-02,-1.738576715621562019e-02,8.363318158106824995e-02,1.900515063487282497e-01,9.868368930252754967e-02,1.158541576095594577e-01,1.217980620969366656e-01,-3.314225498338944226e-02,-8.134928600342743177e-02,-5.328022967437737872e-02,-5.426439456476503387e-02,9.888888235538510763e-02,2.321901205659824413e-02,-8.754341693882414233e-02,-4.280604429550426138e-02,-9.624422804752313931e-02,-6.564190854086182636e-02,3.218168360435677555e-02,-1.989183637879301039e-02,-1.249682010403458249e-01,9.261578510641460668e-05,-5.742399990540764804e-02,-1.722944788438608016e-02,-1.241400113421220058e-01,-5.303907390011936701e-02,4.546320390531114614e-02,9.484463268984802409e-02,1.626270722538614988e-01,9.395625984788416596e-02,8.127377680668020077e-02,1.804094507099621159e-01,7.082401151951889240e-02,7.408238303351431797e-02,1.415228835433328392e-01,6.506841228023037271e-02,1.142692193628880998e-01,3.607153034264665853e-02,1.985543433428919868e-02,-4.748409923774095376e-02,-2.415231211128989475e-01,-1.152287463626863601e-01,-2.900804998940173518e-01,-2.851797996516700628e-01,-9.474109744300920899e-02,-3.137868897102383259e-01,-2.026986785247518741e-01,-2.861551502292450366e-01,-2.931995461474274922e-01,5.275870473453094650e-02,2.313591399484967240e-02,-3.976414078202267222e-01,1.640142441129033291e-03,-3.571768240158890717e-01,-4.170588067766838880e-01,-9.443354183328969351e-03
1.543951924592247907e-02,-1.143262899114457498e-01,-7.050317631783904748e-02,-1.184351219992964320e-03,2.559720163552310357e-01,8.475986858230245835e-02,2.714595735206832283e-01,4.928729400508033431e-01,1.000000000000000000e+00,4.819020810775346275e-01,3.461819008960081434e-01,7.085364700696590301e-01,4.834021621221401555e-01,-2.650097003420692210e-01,1.798892342596725147e-01,-2.240827384541922707e-01,-1.923099530278127300e-01,2.055728732847706408e-01,-1.801241811684392846e-01,-1.177000638239584646e-01,-3.206514868836434218e-01,-4.502616813339386237e-01,-2.930154551205161328e-01,-3.749098984430539461e-01,-3.634127005068148453e-01,-2.195938804445504711e-01,-3.298503150348446322e-01,-1.862980297359076998e-01,4.028705985520315835e-02,-2.746783541292371345e-01,-2.893141607776330559e-01,-2.011682258894350039e-01,1.483929552737572877e-01,4.730457643366461906e-02,3.119404820225019637e-01,2.685377430308042435e-01,3.879514747676013897e-01,1.361724266362839830e-01,2.745859340164542028e-01,3.562303455487101367e-01,2.302461363232193581e-01,2.835165942219328161e-01,3.458326367251602917e-01,1.645236120050114770e-01,-4.482283991423971492e-02,1.566837500173065834e-01,9.349051041438230514e-02,-1.283143962890008483e-01,1.229843520684461011e-01,1.598996804499071972e-02,-4.224975812560415045e-02,5.942803564912620129e-02,6.521349322903895185e-02,-2.654363418752180015e-02,1.373351739210591782e-01,6.404525511032170548e-02,2.610507632024478691e-02,5.126535045809304386e-02,5.142434604838198170e-02,-8.391858307663584149e-03,5.401531193264948183e-02,4.039034427232213176e-02,-3.657494668770690585e-03,-2.120442707831961260e-02,-6.613841450256860433e-02,-7.297954789152355515e-02,-5.647294408443903624e-02,-5.409135509966907229e-02,-2.571089330632976219e-02,-8.783490178906447343e-02,-8.927245176003491267e-02,-3.260278608140348283e-02,-2.778317029423635343e-02,-3.772964957895913463e-02,9.223107434709195210e-03,4.728231069353443922e-02,2.888870979558942342e-01,7.240821950998573009e-02,1.839081381447723318e-01,3.288696725317128561e-02,7.680353370816198066e-02,1.860894450384543986e-01,1.554651888664866644e-01,3.532133766402377473e-02,1.443201326181390298e-01,1.749042069394759688e-02,1.864330546696880142e-01,1.314059270245819810e-01,1.520275595803913249e-01,1.729838564556740732e-01,1.278407983475490228e-01,1.271495736185007663e-01,1.937575683297522791e-02,6.479931006677168426e-02,-5.979844542809485686e-02,4.630170205885363738e-03,7.278195104512094615e-02,-1.141178934851798665e-01,-4.144210342025031468e-02,-1.012504560495865041e-01,-4.397709187392060542e-02,6.036964806710550663e-02,-1.606474394767948635e-02,-1.082730061146933570e-01,5.859501306254823183e-03,-5.054075579677658886e-02,-6.159036578428859349e-02,-1.558199419097585081e-01,-8.682084557731839514e-02,-8.233052664843568125e-02,-6.580223574216868127e-03,1.144770826094764493e-01,-8.692728957467389661e-02,4.126921024420966005e-02,4.757185301130317095e-02,-6.171445555185785942e-02,-5.881095329129810978e-02,1.540735562547558210e-02,-3.087001565960036109e-02,4.368963200963488919e-02,-7.450879056955775348e-02,-1.829710227104546991e-02,-1.578794485626428823e-01,-2.565957236787927420e-01,-1.770916170938446055e-01,-3.439322408438860723e-01,-2.356413533346796985e-01,-2.322471141412295881e-01,-3.394926530108592910e-01,-1.312677168665223881e-01,-2.605017334674361029e-01,-1.714409551602077142e-01,1.240639902832232772e-01,-2.950694683675532115e-01,-3.134919337375434156e-01,-1.775987957747609536e-01,-5.465894003314667460e-01,-2.059886721006934651e-01,-1.345397192334795433e-01
6.566085927152119639e-02,-1.308199196349726645e-01,-6.030485636415109513e-02,-1.333711518766318160e-01,8.796251218134305827e-02,-8.116033288136873663e-04,4.188318765783766162e-02,5.211886980740636499e-01,4.819020810775346275e-01,1.000000000000000000e+00,3.854377374165380288e-01,3.395850678411208023e-01,7.375919446141072644e-01,1.563680468572411775e-01,2.439424743597227996e-01,-1.666017553493937264e-01,1.820336683341651496e-01,2.425917260177853085e-01,-1.960295775484786618e-01,2.959619817786329210e-01,-1.357037887649625019e-01,-3.007224137213928006e-01,-4.338916089556328903e-01,-1.769500977964945654e-01,-1.249424521540119792e-01,-2.755903743120389215e-01,-9.687964071972543501e-02,-2.478230215970355921e-01,1.696479382600949437e-01,-1.293643239450503468e-01,-1.375757793969652754e-01,-2.733752531569328958e-01,7.349561917257022015e-02,-2.006534870428594020e-01,1.534386161688048034e-01,1.235019912846927470e-01,3.489289022950318730e-01,2.525508652739761883e-01,4.514545562165059311e-01,1.607528437506111629e-01,3.672366981588158219e-01,4.160260108732137807e-01,9.075535692740804850e-02,4.454394280475688639e-01,2.608004865998735933e-01,3.558976867563448110e-01,2.858877165703289092e-01,-7.342007008442202887e-02,1.967617830575923987e-01,1.092874995498504115e-01,9.695135783511017041e-03,1.262995444669059719e-01,1.059859660038428714e-01,7.242967293818010355e-02,2.791082717213513309e-01,1.222577934889824691e-01,1.425699632674902184e-01,1.849397745916011304e-01,9.263720395047649048e-02,1.253652300152331422e-01,1.426001604750967156e-01,5.070823951996276946e-02,9.841299194271632689e-02,4.380071702073120438e-02,-6.891209425150016457e-03,-2.868047662771361708e-02,-4.818466489847777340e-02,-8.527828828363648306e-02,-9.994384429744498921e-02,-1.647187341624302137e-01,-1.261111939889849320e-01,-1.189836526306558701e-01,-9.601517875481783981e-02,-4.464390030954766553e-02,-9.391364805805270388e-02,-5.830442023749664998e-02,1.863309086584078178e-01,4.015261939135131297e-02,5.776517511334235827e-02,-1.020132170566645236e-01,6.006935584374725051e-02,4.723279515143019580e-02,1.287952966854073455e-01,6.577999582680958690e-02,1.105037221440198919e-01,8.588166339484447354e-02,1.032476930568999862e-01,1.806463046998865729e-01,2.269646825936665405e-02,1.266581567678432829e-01,1.258579648100473791e-01,-3.286735798102475431e-02,-6.049609943197230277e-02,2.208117852628766527e-03,-1.284372714439355745e-01,-1.896581055382378159e-02,2.435959171834705880e-03,-1.178380720840691426e-01,-1.845228445559373917e-02,-1.030947594772800985e-01,-7.276646507633140193e-02,1.164850528299090221e-01,6.194773482798443531e-02,-9.216731105673572899e-02,3.348610763473201107e-02,-7.456839983036510355e-02,-2.226508878366360508e-02,-5.045836967357371361e-02,-8.379919773224597801e-02,-5.042684434331601902e-04,-4.668313771332527687e-03,1.546145836657887851e-01,7.562719265294766402e-02,6.084879458490202904e-03,8.002182944001821896e-02,3.034538329571159071e-02,-5.011576424950108660e-02,4.693222715757822128e-02,-7.026898475572643243e-02,1.531691434072217188e-02,-6.549011275870260385e-02,-7.136304959734852960e-02,-1.817432023238180760e-01,-4.108879134244097786e-01,-2.680306797714980815e-01,-3.207742255472115223e-01,-5.346341361860605934e-01,-2.753593680546992384e-01,-4.234089643236975120e-01,-4.835280270513338530e-01,-4.402362891890043151e-01,-5.144363317420749260e-01,-3.620110553140885035e-01,-3.509576516972249816e-01,-7.197579121910784306e-01,-5.214642018215889241e-01,-5.114153747404441841e-01,-5.413291762737422186e-01,-4.435680127000473649e-01
2.202867706033773132e-01,9.125487825145042753e-02,-1.089764153933984320e-02,1.543762533667829007e-01,4.055551824913725678e-01,2.489924285476237953e-01,1.978002720302980133e-01,6.272292446864330406e-01,3.461819008960081434e-01,3.854377374165380288e-01,1.000000000000000000e+00,4.020974460808519613e-01,3.097479749356845113e-01,-3.654140425078320487e-01,-3.253959657892071533e-01,-5.096118374071803014e-01,-3.658550064289711745e-01,-2.896216385404459803e-01,-5.083230950568610185e-01,-1.437419571036960830e-01,1.913035651001347426e-01,-3.046137476003275557e-01,1.703624723309311861e-02,7.074534293940579199e-02,-8.107133060784964262e-02,1.443646606587618841e-01,1.458660926254682633e-01,2.039602847420407816e-01,3.385053939645837895e-01,8.963373045564519692e-02,-1.301044123754354354e-01,-1.971658904841301907e-01,-2.356143838980776506e-01,-2.074667138983438477e-02,6.757832774646410634e-02,5.490214457748237437e-02,1.708468418329576466e-01,-2.110387807298767238e-01,2.482284926340449782e-01,-2.924804734993171132e-02,9.500229477376512244e-02,3.988607131390219385e-01,1.505522372587135560e-01,1.788998616115589080e-01,6.959283238489601120e-02,2.400042843269293569e-01,1.348434986322574192e-01,-2.365069920813407667e-02,1.867719541430696295e-01,1.710255430959151807e-02,-1.524368254034991765e-01,-1.150042768485483790e-03,5.760647253178067390e-02,-8.440103532893408755e-02,1.059115378995210272e-01,-6.131034716846512321e-03,-8.822027772714546856e-02,-1.449316725803195122e-02,-5.160304819518037739e-02,-7.192012501632412402e-02,-2.439358404775751957e-02,-4.974997916460128372e-02,1.235535049139603603e-02,-6.657234354227205275e-02,-1.019720191605131276e-01,-1.189447951689026756e-01,-2.027282946888907603e-02,-3.697233543449241627e-02,-8.078147509520056113e-02,-3.916728200310208921e-03,-3.148662887405623279e-02,-7.490137679397405879e-02,1.382787076336434301e-02,2.779367849020455538e-03,-7.433740498524762930e-02,5.824608794478939450e-02,1.222103456582335490e-01,-1.797195896412473459e-01,3.926680766598169593e-03,-1.669755086749430961e-01,-1.258483440189342439e-01,2.564511620566953080e-03,1.098240760740985637e-02,-3.694261930839285585e-02,-3.256772014803881871e-02,-7.107953028858299271e-02,3.166051732251384115e-02,1.701455581162580888e-01,1.041945740699178891e-01,8.568069402419549452e-02,1.214588375859765590e-01,-1.861016599227496501e-02,-8.023457211624983321e-02,-1.211612981625520141e-01,-5.394427048347789910e-02,6.623295263548870104e-02,-3.753806081290637225e-02,-1.161442805410475010e-01,-6.040504912422060835e-02,-1.024370978087482259e-01,-3.225036192752701175e-02,3.384005359872949148e-02,-5.663161532866212849e-02,-9.365253578856641559e-02,1.928842348492696562e-02,-4.421551861553742885e-02,7.237931497261177079e-03,-7.169948845422423334e-02,-4.137351454808164963e-02,8.605873385849500956e-02,1.453685554401260571e-01,1.687473816281401251e-01,1.224250832529365646e-01,1.172845782511085649e-01,2.207172118530061344e-01,6.062069010856423190e-02,1.061341926093427451e-01,1.900992284519087694e-01,1.021349553668616794e-01,1.064165353312614554e-01,1.005480475439548549e-01,1.114269251659653764e-01,1.146872682744287490e-02,-1.523241653339604817e-01,1.594856021266004981e-02,-1.991437894220711713e-01,-1.650803501329775325e-01,9.563691693922790615e-02,-1.853780526546026375e-01,-7.769236739340054654e-02,-1.752233697636222942e-01,-1.875813210816228982e-01,1.493939965811815207e-01,2.881751557626528459e-01,-2.920478143187823505e-01,2.288047801519101088e-01,-1.798204960901200467e-01,-3.701153930182343732e-01,1.846059182279287669e-01
