1.000000000000000000e+00,3.575929346307293311e-01,4.666384881523638617e-01,8.320838959290070835e-02,-2.861897971726738363e-02,3.187205030245673920e-01,5.227153254749149908e-02,-2.069249887721908432e-01,6.528116205443156884e-03,1.415421094236282984e-01,-1.304577374500043296e-01,-1.361973878775373792e-01,1.238914954817055547e-01,-7.345880565531912043e-02,1.230115654621662113e-01,9.083835573721993351e-02,-2.257624311785545734e-02,-1.850631900178673350e-01,-8.455471221841346773e-05,-4.557913838906304388e-02,-1.527052340062530211e-01,-1.477724348801398579e-01,-1.113633158317341165e-02,-1.667760802781314000e-01,-1.405517728195852245e-01,-2.834168979223759821e-02,-3.409496132261389395e-02,5.828687029481115917e-02,1.494824953875207307e-01,8.076283318810287271e-02,-1.357771048249851401e-03,-1.308834532302579623e-01,-1.136527493175450015e-01,6.716552006135421971e-02,1.613504282434900239e-01,1.392322072894399965e-01,1.613527769415448385e-02,1.578260816832255387e-02,-1.019331841164636127e-01,-9.476657706412976168e-03,1.153590326028807594e-01,-1.327784235220456736e-02,9.150207854912094721e-03,1.424493197027819069e-01,-4.462695622659577921e-02,-7.825121911082179305e-03,1.117978999487070565e-02,-8.106150444974435931e-02,1.488093978096896586e-02,-1.139209027995215749e-02,-8.934615285753155778e-02,-1.203766045410552543e-01,-1.533271322718009477e-01,-1.188094099064642140e-01,-1.944104807509859645e-01,-1.809754828083557365e-01,-1.028952342009939874e-01,-1.348343458721334986e-01,1.107231925425028740e-01,5.339509219899180037e-02,-1.583883355602052345e-01,-1.047504155678921677e-03,1.703927308266851015e-01,2.823435197444212463e-03,1.136129068468970382e-01,1.338594417540548420e-01,1.510912520143454507e-01,4.096292441400812417e-02,-1.282894683499987420e-01,2.523779197648781322e-02,4.646325698525907710e-02,-1.111204712308168085e-01,-1.179755234255360080e-01,7.175915692786118127e-02,3.773208149845052716e-03,-1.530242908716770989e-01,-3.699750522732125207e-02,8.401437544551193515e-02,-6.993358131220991925e-02,-1.441330658280895738e-01,3.358747100855811324e-02,5.485681264628956832e-02,-1.330478362232503653e-01,-6.227369432232057050e-02,-3.548398511515787109e-04,2.031338835856165079e-02,1.090159983289654272e-01,-2.356157084960493892e-02,-5.781255750633958884e-02,1.125382957688893654e-01,5.800102695182222240e-02,-3.812364895193242481e-02,5.087523494395715384e-02,9.849987072198211624e-02,-2.163652075860778706e-02,-7.770983392453821581e-02,4.104539875820319150e-02,-1.080055577734325145e-01,-3.205529336334866225e-02,9.823446418488432710e-03,-2.041671134151351596e-02,-5.252320199436014136e-03,-3.312796689373142395e-02,-4.597092109089110507e-02,-2.712050397008734792e-02,-8.642822276205063686e-03,-1.102799341144719211e-02,-1.798948755573160502e-02,-3.872084882840302889e-02,-4.250321646963962918e-02,-1.330682958483521416e-02,1.258637994922947277e-02,-1.826688441357800490e-03,-4.651557499988571986e-03,3.728291146920714033e-02,-2.813607777976990729e-02,-2.161114600615589992e-02,3.786549486897921452e-02,5.493154869890656822e-02,-9.325865077499463640e-02,7.874813735806281134e-02,-6.951872904323198876e-02,1.388069436750881958e-01,1.300184672302559796e-01,1.083458836391155145e-01,1.019120818387765914e-01,1.694478840058095681e-01,1.230626908564019101e-01,1.126910029478623843e-01,-3.914784075845963857e-02,-1.714352924916388160e-02,1.386213744128664098e-02,5.775163781563765614e-02,2.677947682116992023e-02,2.709122078255927005e-02,1.361515958483363598e-01,1.501177347731162508e-02,3.502823903590630839e-02,1.022332298274841594e-01
3.575929346307293311e-01,1.000000000000000000e+00,2.526799288669014931e-01,1.298549242474266452e-01,2.759382371131200440e-01,3.744737469515336814e-01,-1.065758306059745031e-01,-5.542285609291684040e-02,1.837343719947417409e-01,4.960661063160808071e-02,-1.738415616883706993e-01,1.157936568410274508e-01,1.767135561797187338e-01,-1.578216611200957548e-02,1.865886773943897792e-01,1.096871098739894829e-01,1.631232583822344873e-01,-1.081421693634977560e-01,-6.778112843400352361e-02,1.296796807408230334e-01,-4.358039702601428089e-02,-1.111613488577409548e-01,-1.684887477364440528e-02,-4.461697167311835799e-02,4.439117747551751120e-02,4.223325022912895535e-03,6.515582156141491721e-02,3.484905340391298428e-02,4.157405100710130641e-02,3.099757441116114676e-02,4.602503483454685462e-02,5.729031071058848790e-02,-3.637547750100765531e-02,6.709968733767243676e-02,5.125923499820535245e-02,-2.607481031329308627e-02,4.207623848527521776e-02,-5.609873890492058507e-02,3.357631079321352768e-02,-8.557742316928958204e-02,-3.257368637080224755e-02,-1.195277596287425553e-01,-2.229771616631490844e-02,-9.334098717138306078e-03,-1.439882021775407417e-01,-9.521296937630079060e-02,-1.046906558398039699e-01,-1.302523252947778432e-01,-4.736254590470136139e-02,-1.297756474878838939e-01,-1.170367229906852102e-01,-3.323453109647298703e-02,-7.640094149025032644e-02,1.506492589766664008e-03,-4.921957088097537319e-02,-7.358445758650587754e-02,1.229061617777284059e-02,-2.613135115023452332e-02,7.478941461223047316e-02,4.800143379606893607e-02,-1.148268406250911935e-02,7.125366816235165213e-02,8.427084071747160954e-02,6.848948131910795323e-02,-5.475854738817956952e-02,1.243807722971543295e-01,1.081859936288451091e-01,-7.665469644738925892e-02,-1.218200079068814112e-01,-2.217649449517272373e-02,1.369422347842811638e-01,-8.137222304098514977e-03,-1.193643269961431053e-01,3.484725934620502841e-02,1.282342703823743102e-01,-8.161710051106814412e-02,-1.146002335222210400e-01,1.015783735173233920e-01,6.684862946995963340e-02,-1.452040685034991507e-01,-3.016628133289906560e-02,1.447461495736409864e-01,-2.988340226114344356e-02,-1.003291872812232394e-01,-7.703069608641392729e-02,-1.879942762063687225e-02,3.301943885711666055e-02,-2.707827748192924780e-02,7.401571382408801691e-02,9.642460652412236655e-02,2.686495759385576845e-02,-6.795213854853039692e-02,3.257930349387356400e-02,5.566181650828409821e-02,-7.885088582783966737e-02,-9.416324109748505644e-02,-4.457431613812627702e-02,-1.294281467271636843e-01,-9.418190555584642076e-02,-5.867846039107595807e-02,4.879399955972341107e-02,1.556097825985079154e-02,-6.080497953562723212e-02,1.486757233694538209e-02,2.120628652032567618e-02,3.086835785503491345e-02,-1.553298368579722130e-02,-9.521253111860887575e-02,-4.235344616240355187e-02,-6.116410981215857079e-02,2.449393105169075501e-03,4.957912084226840516e-02,4.531915277745836995e-02,4.315007965993625932e-02,1.105904005413847341e-01,-1.314981617508508525e-04,-4.586325449062746140e-02,1.511089289902935173e-01,1.309515003047752035e-01,1.016558697158914254e-01,1.715557840680846380e-01,4.742133911942007785e-02,7.720630290875517276e-02,3.600094085153639645e-03,1.141119414170319452e-01,-3.671230829203894763e-02,5.747853777423909960e-02,1.209087280939179498e-01,5.395437958695328828e-02,-6.426811832569058469e-02,3.933387166746230013e-02,-8.091859557114688961e-02,-6.563661564865934384e-02,4.854875387463744932e-03,-8.186588068872613366e-02,3.356281975189706612e-02,-3.341283430598573218e-02,-1.270387146844627335e-01,2.178826289677051470e-02
4.666384881523638617e-01,2.526799288669014931e-01,1.000000000000000000e+00,2.058844085287188375e-01,-1.639850891740354810e-01,2.684898388228263988e-01,2.230988564339347890e-01,-1.137804633574610591e-01,-3.163413478041338101e-02,1.964494723799198594e-01,4.281753392975942013e-02,-9.986665611382801455e-02,8.604679994744991733e-02,-2.003844326860450831e-01,5.754675831576991363e-02,-6.862838871235889260e-02,-5.743000166634137232e-02,-1.364221196921729384e-01,-1.071576706892328201e-01,-1.543023673124118145e-01,-1.493297993067271567e-01,-1.797381996048313391e-01,8.643743720382483786e-02,-2.117236091439971546e-01,-2.222090165115941374e-01,-9.029610088204965967e-02,-5.830057778309905708e-02,1.778605637635178108e-02,1.884153905010186592e-01,1.237741696208901343e-01,3.946928890539217610e-02,-1.551938064297356257e-01,-8.204128769277667377e-02,1.000611041401869850e-01,2.119862476902668602e-01,2.158820451147996922e-01,-5.199941448319567172e-02,-2.073498076577685520e-02,-2.126070681922997974e-01,-6.641147402297119251e-02,1.289445667145177887e-01,-4.319807550836506777e-02,-5.576863311130297179e-02,1.552980370457169579e-01,-1.497917681913693393e-02,-3.197859515957764132e-02,-1.611051978823989589e-03,-6.492977632854068926e-02,-1.257471061020033927e-02,-6.791276682641171625e-02,-1.495814252782246834e-01,-1.612008920238749698e-01,-1.815398469528662351e-01,-1.583781812906990549e-01,-2.510717447382746492e-01,-2.500674038951761213e-01,-1.278573585778860766e-01,-2.148820431432841849e-01,1.354513446391686915e-01,9.886256020265220268e-02,-2.108503249351560138e-01,-2.568643774905873117e-02,2.392959432215236992e-01,1.966605670748629645e-02,1.921189302471839888e-01,2.221031453347382945e-01,1.183391930515597101e-01,7.079854977194734167e-02,-2.104934983230729306e-01,1.845065848037059919e-02,4.523418568256079575e-02,-1.666744935826890706e-01,-1.713154545918023075e-01,7.479441283715275446e-02,-1.583481016158206842e-02,-2.253943516600219743e-01,-6.135479887156800732e-02,9.105782004412030228e-02,-1.149855279212577824e-01,-2.045731966367689003e-01,2.076726977724004802e-02,5.032578500459384402e-02,-1.885454930786171490e-01,-1.027799298849881166e-01,-3.231499059225752257e-02,2.607172543292442940e-02,-9.811691472136709058e-03,3.298482749243437928e-02,-7.848838938925777053e-02,1.526646304528666773e-02,7.062998999027125802e-02,3.228594595029096737e-02,1.273323967512620114e-01,9.964667188716791468e-02,-4.571951016066604090e-02,1.604830144528810940e-02,6.143592326213460908e-02,-6.358611836847949568e-03,-1.223761560397686708e-02,1.011354417646768804e-02,-4.113321072408435142e-02,-9.286227172332350843e-02,-1.268479889516040682e-01,-1.906463624088786668e-01,-2.558478033069830695e-02,5.745161181034279252e-02,8.657803761385998720e-02,-3.735502882526551324e-03,3.655383353962533832e-02,1.888053183997498788e-02,-1.495356097944798915e-02,2.490269169513912445e-02,1.562197099422000038e-02,1.078654341104288115e-02,6.812451263612843977e-02,-1.448984233026468123e-02,-7.066682400023317767e-03,4.722113072401629141e-02,3.920031987983695759e-02,-1.149929630449006424e-01,9.618904776895872977e-02,-4.967990084224613995e-02,1.988059767805554767e-01,1.897107634183565206e-01,1.197814563059647897e-01,1.570023543940301247e-01,2.183995770126725133e-01,2.095923644642227746e-01,2.101517332827962103e-01,-3.682984607639366859e-02,-7.557552266670435059e-02,1.958999206603017577e-03,1.344113662900797146e-01,7.244099213158476658e-02,8.670438160337158584e-02,2.104048061520120971e-01,7.606685391622269865e-02,1.191711730273357223e-01,1.604545788836332920e-01
8.320838959290070835e-02,1.298549242474266452e-01,2.058844085287188375e-01,1.000000000000000000e+00,1.303017062108575430e-01,7.121380958639156322e-02,3.452753215169220291e-01,2.978172937459726000e-01,-2.524725841165081919e-01,-1.295855958995559276e-01,3.260210206731137261e-01,1.030599423310517571e-01,-2.417059031974144179e-01,-2.447951074840281349e-01,-2.435014101267069520e-01,-1.412865395814244529e-01,-1.199513148881394958e-01,2.001822923378880903e-01,4.579438838330007061e-02,-1.751617199592593599e-01,1.122848600437794941e-01,2.044685265201407753e-01,2.600122285477363682e-01,2.784812272523323404e-02,-1.282893020947863116e-01,-1.771976257464498716e-01,-1.944543876337982979e-01,-1.577627135965804506e-01,1.089848133955609033e-01,1.332494055926097265e-01,4.079672435688795618e-02,-1.166185218900386428e-01,1.252945392849074691e-01,-5.220096796362918429e-02,3.100004947500630340e-02,-8.249863961963131709e-02,-1.912698380718496072e-01,6.738282484119312299e-03,-2.568009392551051651e-01,-8.004111921660876650e-02,4.117576759916115325e-02,1.386109860572523889e-01,-1.778664056472973876e-01,2.615851891752756994e-02,1.558786389148586748e-01,-1.624955087864101144e-01,-1.531000659117885965e-01,-7.001872582768216280e-02,-1.400019998544959066e-01,-1.486736907460580598e-02,8.973388757178006603e-03,1.200914724571948283e-01,5.006310360129284653e-02,7.355777338685781652e-02,-1.171636325915505553e-02,-8.239739328811689079e-02,1.483138122564413575e-01,-1.945090305967633604e-01,-5.761894922192279528e-02,2.434360816038149411e-01,1.385072759936808659e-02,-1.705159658392850219e-01,8.371449010828858894e-02,2.286346744684739918e-01,1.806056311704858919e-01,-1.449563637587513235e-02,-1.363031244551863863e-01,-2.075763242015217780e-01,-1.187478189172481297e-01,-2.472931739637681814e-01,1.566945879854015483e-02,8.449037194067628154e-02,-1.726307086461500440e-01,-1.786123282908778642e-01,9.992069931993984022e-02,-1.744566755459147495e-02,-2.554828250882775764e-01,-6.324927357436566089e-02,1.092290597229411825e-01,-1.296201174774069265e-01,-2.387328818828888810e-01,5.113914067795709978e-02,4.050998178918531478e-02,-1.884378724403043270e-01,-1.008094040794859231e-01,-2.098723625214672095e-01,-4.190545951689069598e-02,-1.644008406187238425e-01,-9.914747019144696041e-03,1.148565116969118699e-01,-4.767677290430569204e-02,-9.631644256806302928e-02,1.714184407694335499e-01,1.262770672849957976e-01,-1.640952579014127721e-01,-9.494906164242367108e-02,-1.543474699476858891e-01,-5.600623355904641582e-02,-1.814242187853343236e-01,-1.702097797108660937e-01,2.750473286917462512e-02,1.805718595879032091e-03,4.026647731313452022e-02,-7.632840173014262750e-03,1.522589934864398975e-02,1.705136172344123013e-01,1.648781031980638828e-02,-1.260832297174498684e-01,-1.317768820768545901e-01,4.200281725651030390e-02,1.237062308054432541e-01,2.441280407363752847e-01,8.962198527969986173e-02,2.418511223166298074e-01,2.926429105081774784e-01,2.231499445086818634e-01,1.810214655342890777e-01,2.432711862664836133e-01,4.426777309981862196e-02,1.282227355443323058e-01,1.770819805790521118e-01,1.878604618447001287e-02,-9.517239295082506600e-02,1.087296102079901711e-01,1.603639744155019586e-01,7.476623836522178213e-02,-7.697177510739319772e-02,3.447978243820429972e-02,1.199709951085596998e-01,-9.670339702383966285e-02,-6.013578312234561102e-02,2.184874578016204882e-01,9.889942926303046944e-02,2.595886492080945462e-01,1.321641409644807030e-01,1.733127481974337247e-01,2.081110540533367692e-01,9.407044136122778843e-02,9.471515891708216783e-02
-2.861897971726738363e-02,2.759382371131200440e-01,-1.639850891740354810e-01,1.303017062108575430e-01,1.000000000000000000e+00,1.517799036761172671e-01,-1.790557842782584674e-01,3.375379035978254283e-01,2.356343623490405326e-01,-2.048939495120339904e-01,5.147239386770097874e-02,3.728028499962448006e-01,3.372627761272435631e-02,9.598585148869791250e-02,4.054779306893661894e-02,3.699579533724203090e-02,2.631266392361357731e-01,2.481582762806206766e-01,-2.747530025885491084e-02,3.404715437027727165e-01,2.201112972665072998e-01,1.659659617233224527e-01,-6.703092408819943081e-03,2.487989404609516619e-01,2.159517403864447127e-01,2.076578784749740642e-02,7.357596548620207177e-02,-2.962466461900972042e-02,-1.326475699162945610e-01,-2.348551962097314427e-02,8.959825950083914747e-02,2.963209536871379002e-01,2.499908462123545949e-01,-4.861871461280675016e-02,-2.251284411961699539e-01,-2.566425696635991627e-01,-9.881453904635834062e-02,-1.691115004821783230e-01,1.046005147869374513e-01,-7.236234078257831881e-02,-1.630956426750517219e-01,-9.173951250334454188e-02,-6.827694317936146284e-02,-2.599837421087716760e-01,-1.091172978080365008e-01,-1.712475936235307306e-01,-1.816427175430584684e-01,-9.981782570047757069e-03,-1.107806375138607746e-01,-7.759956640747533996e-02,9.429422905601171634e-02,1.367637686267721697e-01,1.471564141482955557e-01,1.876167171421189717e-01,2.232699875387844091e-01,1.548484413996785436e-01,2.092119349140351692e-01,1.240501232274237586e-01,-6.370560985354783989e-02,2.483420870079769416e-02,2.156407108924531801e-01,1.144136419040750197e-01,-1.069569493316548658e-01,1.366325185459436875e-01,-9.567226165800575555e-02,-1.155556662319208588e-01,-4.485865779488415472e-02,-1.714721835331644573e-01,6.247182763546806072e-02,-1.287171872449439924e-01,1.127303626797645231e-01,2.233514497093851692e-01,-3.309940993903630335e-02,-6.795997709560888667e-02,2.135383458689438518e-01,1.260602322774786732e-01,-1.412930504842487001e-01,3.723193603570890131e-02,2.356452694772929179e-01,-5.172502755389717620e-03,-9.978814085646947607e-02,1.541329124899585290e-01,1.652202039650300658e-01,-4.233070602235275426e-02,-4.872599073643704704e-02,-1.240350582702838822e-01,-1.475934361577677968e-02,-1.182503669880954067e-01,1.096183679289338964e-01,9.182066396768588656e-02,-5.866346272473789425e-02,-1.403094558486739363e-01,-1.809083557094609204e-02,-1.322782866532897783e-01,-6.265553587689801085e-02,-4.276434990057277619e-02,-1.290455479428488650e-01,-1.917637879259143918e-01,-1.749641449742669885e-01,-1.211078418457128408e-01,1.129358868713064429e-01,1.928407191808849397e-01,3.632189919410023365e-02,1.851221663120202476e-01,-4.457732664840823034e-02,7.183230095308601806e-03,-1.722287797373943663e-01,-1.600810496082334389e-01,-2.207282758499759245e-01,-7.551771596114721652e-02,1.040714611998350414e-01,1.464281394725067131e-01,1.128293725750576376e-01,1.775628856329402872e-01,1.606412235250957998e-01,1.481038617261330181e-01,8.541807499504176782e-02,1.557747528125421610e-01,1.111981098619817809e-01,2.437222138856245668e-01,1.092532944138355638e-01,1.322351850878835389e-01,-2.129459434533841344e-01,-1.974826134038467629e-01,4.008072941816775980e-02,-2.006154651402552724e-01,-2.156929240621110744e-01,-4.735615791536718772e-02,-7.635872436423535303e-02,-1.136833441319727578e-01,1.347013030028256508e-01,-7.835552014850205582e-02,-2.907319399881705957e-01,-2.044564467026612972e-02,-2.046194735861635583e-01,-1.932488889810687616e-01,-1.022437852950962567e-01,-2.960197149283212426e-01,-2.008260487170332731e-01
3.187205030245673920e-01,3.744737469515336814e-01,2.684898388228263988e-01,7.121380958639156322e-02,1.517799036761172671e-01,1.000000000000000000e+00,2.167574241434863380e-01,-2.379368293034450910e-01,2.830890279865976716e-02,2.723672933485742909e-01,-7.637170648680011165e-02,-1.769277515437734094e-01,2.353322211465247726e-01,-1.139608664220452122e-01,1.956997889070992147e-01,-6.612404802860757935e-02,6.272813778489409742e-02,-1.440879638232045734e-01,-1.607249224806031329e-01,7.092474238562908317e-02,-8.949911628293719112e-02,-9.362141781056962375e-02,5.757345439972979401e-02,-1.736165423730471891e-01,-1.390909950994732025e-01,-2.027883600142233733e-01,-1.325006472038265104e-01,-9.947671342472878819e-02,1.158372442580589967e-01,1.329231900550119638e-01,1.737581892983753873e-01,7.216691264289591679e-02,9.387868357435673328e-02,2.272689527309341151e-01,1.113329318344124519e-01,3.788322833780844584e-02,-1.145577154980333273e-01,-1.769091726794684294e-01,-7.352285990649765068e-02,-5.844091897156435816e-02,6.865171876863662703e-02,-4.295009938032003788e-02,-6.808843669316171077e-02,5.923321068565640113e-02,-1.628163180552784084e-01,-1.278308602043055076e-01,-1.293832466168051420e-01,-1.330220950430506810e-01,-6.962059856224803167e-02,-1.606777863394927286e-01,-1.864094007306495437e-01,-5.211901623446286991e-02,-1.467883214548010296e-01,-9.652572400114035889e-02,-3.530868690142793115e-02,-2.277573276015227577e-01,8.063849396632514696e-03,-5.965740826728493235e-02,2.153918621841564296e-01,1.381606173608794230e-01,-4.565492790418926999e-02,1.292546958557544978e-01,2.159702196966921672e-01,1.137428063685709118e-01,1.119455940598272914e-01,4.069969676436011041e-02,6.628826558880858422e-02,-7.807591171773374528e-02,-1.504579940620983103e-01,1.160058375149347620e-02,2.193418943899991258e-01,-1.005324929705166083e-03,-2.218226700312194433e-01,1.053586808943945963e-01,2.022532905928507430e-01,-1.478789615711736949e-01,-1.397661039220317591e-01,2.056482476835275464e-01,9.230252632574030558e-02,-2.287286831282644151e-01,1.721380485725658091e-02,2.423875289278190903e-01,-8.788764746815432016e-02,-1.700945667269622430e-01,-4.706932702551841485e-02,-1.076447989803045457e-01,6.730546101341160214e-02,-1.311885851033685879e-01,-7.301294981843260701e-02,1.340895828811308477e-01,1.087862994806725395e-02,-1.821503381807200173e-01,6.393371755026446002e-02,2.365427020695749089e-02,-1.014096730251507900e-01,-1.890590559996323528e-01,-4.042434254854206793e-02,-2.677541552124948487e-01,-1.308273879280218710e-01,-4.160912387647209415e-02,7.086250383663628138e-02,9.102135307445294310e-02,6.160611004174861710e-03,2.820912001958139625e-02,-6.843616651476037982e-02,-2.695752967412528081e-02,-7.917970205800192729e-02,-9.528576655808269902e-02,-1.219012861809614517e-01,-1.183214587641994719e-01,-1.670746575717340157e-02,9.190118136764249823e-02,3.246061316995918489e-02,6.939240792485631970e-02,1.501487298245623991e-01,1.146561272185947500e-02,1.477895126176308454e-03,2.144320770906630591e-01,2.785250830635370711e-01,1.335239798777219378e-01,2.621766560642548316e-01,9.699431867632607451e-02,7.495803443867804505e-02,1.150639998366682626e-01,3.229778142403511576e-01,1.714195063309437717e-01,1.880726494469749932e-01,1.903153626381890728e-01,4.430026605745550350e-02,-1.557884910972928416e-01,-1.735417164672110879e-01,-1.484339855647992257e-01,-1.516829873683805396e-01,-9.426110361157441497e-02,-2.173126194302060499e-01,7.591126830842824524e-02,-1.465514069512275086e-01,-1.454959650707076668e-01,1.026461237177413513e-02
5.227153254749149908e-02,-1.065758306059745031e-01,2.230988564339347890e-01,3.452753215169220291e-01,-1.790557842782584674e-01,2.167574241434863380e-01,1.000000000000000000e+00,1.107187776093439546e-01,-2.280399523330553790e-01,3.415480659401635144e-01,4.810261842878068572e-01,-1.202427019134477831e-01,-2.796977883897902237e-02,-2.861060919068166841e-01,-8.716317717590357783e-02,-2.972405541198137047e-01,-1.173342699922055310e-01,5.966441023544389590e-04,-2.427566487324556710e-01,-2.637952712246102727e-01,5.934358677743621635e-02,2.447279808599312628e-02,2.239117307720249195e-01,-6.942616092423324614e-02,-1.163127755360191390e-01,-2.114965534905751399e-01,-1.327139660180568781e-01,-2.774605381383471459e-01,5.715229012855386342e-02,1.718594185108373584e-01,1.524283101355089765e-01,-3.629503022581791888e-02,9.458786687573778051e-02,1.037870059433520925e-01,6.145787499221300187e-02,1.070527678278091616e-01,-1.455730450888820804e-01,-9.010062269468389895e-02,-2.012129441048872147e-01,-1.335456403410842929e-01,-8.034934611482896089e-03,4.347514720185166950e-03,-1.975397601608482046e-01,6.696028411955971815e-02,8.544385925638878221e-02,2.473845794783937572e-03,6.042713021466508683e-02,5.313303171520429580e-02,1.449608758136850147e-02,-1.453054065669047157e-01,-2.428372183971474196e-01,-1.670096601633564437e-01,-9.538109844285057315e-02,-1.596272562217278257e-01,-6.831798036316842626e-02,-2.138455137683396567e-01,-7.924718989931740787e-02,-1.274343308427194899e-01,1.742207438727661484e-01,1.273612473389526545e-01,-7.988267578869481800e-02,-3.442956414570311208e-02,1.364614459251653200e-01,6.689464304174612408e-02,2.579532297468425384e-01,-5.117726106693828991e-02,-6.820228381304241361e-02,-2.696559067000999302e-02,-1.160350219732753374e-01,2.594318527026090795e-02,4.812700533518371460e-02,-9.514578006211035777e-02,-1.356238010820992324e-01,-2.395262920838647520e-03,1.273684679679638063e-03,-1.034222912485082135e-01,-6.731446252524291018e-02,2.208787236456334624e-02,-3.484069210198460775e-02,-1.075366407936972080e-01,-2.776582104924824740e-02,1.551743059260932145e-02,-9.961733707293642104e-02,-9.203934244141254162e-02,-3.598573017354435993e-02,-1.601440022566431309e-01,-7.154913611474102153e-02,-7.872750983978282768e-02,-1.865424515048826615e-01,-1.709544161039935548e-02,1.695566818492263029e-03,-4.314485459013726876e-02,7.151051444514490429e-02,8.138316413945184680e-02,-2.880584803137720140e-02,-4.370158383299620197e-02,3.630768938756677444e-02,-1.349884389410631325e-01,3.684570671532747671e-02,-1.904722182026942143e-02,-1.036136508438309511e-01,-4.323195320439040396e-02,-1.176998316052748628e-01,-2.089093281046755513e-01,-8.738605639196468655e-02,-3.459184378469817162e-02,5.935046829642161986e-02,9.481211318164647905e-02,2.447985194849566434e-02,1.057654839698032173e-01,2.769861788381469334e-02,1.661756792735416821e-01,9.158411876649986960e-02,1.155128217626944925e-01,1.441466331074789387e-01,7.436718363370477258e-02,9.727843244712165716e-02,9.878773284796714405e-02,1.012522498773021917e-01,5.663942135183652402e-03,9.402235574910255966e-02,6.533131588417739888e-02,1.223459594360230829e-01,1.302046078751901426e-01,1.865229259611960178e-01,2.877662119946605701e-01,9.135149682315717168e-02,1.713399602654714637e-01,1.046284474590879476e-01,1.321271731714330870e-02,-2.250332478488358545e-01,-2.144301869905023555e-02,6.967969451114172652e-02,-8.016252634163719554e-03,2.137808506881039294e-02,1.743654617702620757e-01,-2.156529867842161760e-02,1.603939303093653845e-01,7.663166434928385395e-02
-2.069249887721908432e-01,-5.542285609291684040e-02,-1.137804633574610591e-01,2.978172937459726000e-01,3.375379035978254283e-01,-2.379368293034450910e-01,1.107187776093439546e-01,1.000000000000000000e+00,1.207683609528290292e-01,-3.536973859485497140e-01,4.520213455491403631e-01,5.635585543132818342e-01,-1.992814169714352823e-01,-6.333294343722326025e-02,-1.299012187367145840e-02,1.695898306090150298e-02,2.303110250773078571e-01,2.506559507002937282e-01,-1.099394542011905285e-01,1.246057725850031883e-01,2.424854929853301755e-01,1.826443649933068847e-01,4.216434653349260785e-03,2.389226926133962425e-01,1.888097462771663460e-01,1.236093160910757827e-01,4.305277489217754217e-02,-4.113844525377703676e-02,-1.643461511610378178e-01,-1.337269867042739646e-01,-5.321066776571750645e-02,1.193968550955266245e-01,1.620509033906054608e-01,-1.853214193996780834e-01,-1.890089835462446799e-01,-2.478550439997704302e-01,-3.199983968773088133e-02,4.451310105786009802e-02,4.983546650502079789e-02,-2.124032330094920845e-02,-1.902182043735312356e-01,1.590664735707024088e-02,-8.119122647327219056e-02,-1.623536938330224222e-01,1.061347017381183422e-01,-7.793937094495538564e-02,-1.533598519579695285e-01,5.346822083172569212e-02,-1.360040910447750662e-01,-7.802403732302255583e-03,1.775569706115451007e-01,1.028942718986964183e-01,1.442260894735450105e-01,1.996301031076366805e-01,1.331110886111822045e-01,1.620469767127696303e-01,2.081414602135601422e-01,-2.268986546546048616e-02,-2.093452205134831157e-01,8.054614508672144901e-02,1.932226194053102697e-01,-1.257197062790876840e-01,-1.755649428845563742e-01,1.538534977402468140e-01,-4.498063051723557443e-02,-9.522686445383406195e-02,-1.922067026771683007e-01,-1.394160072609772205e-01,8.900724832551829002e-02,-1.575103025950796154e-01,-8.830438291279266161e-02,1.463186994945403774e-01,2.670859267696389441e-02,-2.140007543166094484e-01,1.219584977314867869e-02,1.498734091092618348e-01,-1.075162744128011910e-01,-1.708890330625240650e-01,1.077562893802425092e-01,8.836856579465804384e-02,-1.870578536263276526e-01,-7.067569566933454284e-02,1.260882391977779793e-01,7.589876630085445365e-03,-1.440244113979801954e-01,-7.830803978161589296e-02,-1.269877326567251108e-01,-3.520942288532102199e-02,1.293006314305782944e-01,-2.682343652491361863e-02,-1.050892080099944392e-01,4.456544864679192613e-02,8.116855272521396325e-02,-1.170559122506655697e-01,-9.825022624461740572e-02,2.699823178500470461e-02,-1.155310173662088546e-01,-2.666063032983808853e-02,-9.326950674869893820e-02,-2.123155391723481056e-01,-6.769142760601616626e-02,6.566605379993384339e-02,1.823899751962834367e-02,7.343178211276003842e-02,9.914662757604946960e-03,1.164315395236100031e-01,-2.790539662988724984e-03,-6.175309853603799803e-02,-1.257451713598216891e-01,1.110864211819732328e-01,2.314829977110253734e-01,1.458939502428593382e-01,1.842123733823389231e-01,2.299760826848045170e-01,1.422548392423620967e-01,2.461144426744916458e-01,1.630960320796461804e-01,1.141290713070693963e-01,-9.952208335593044908e-02,1.465702063132218180e-01,1.531536063178893028e-02,-3.116310915809113180e-03,-2.403620132177787527e-01,-7.698561596991959632e-02,-3.389126256692989725e-02,-1.499475390188725610e-01,-2.145286139886877497e-01,-3.455494569535597776e-02,-5.496617920441210225e-02,-6.490415060276873149e-02,1.699898614680253051e-01,1.005147121523277676e-01,-1.517754013097528110e-01,1.574320382448994859e-01,2.815686089606967216e-02,-1.270555740509915765e-01,9.372885869449139318e-02,-1.138523922345036216e-01,-3.983428370070939140e-02
6.528116205443156884e-03,1.837343719947417409e-01,-3.163413478041338101e-02,-2.524725841165081919e-01,2.356343623490405326e-01,2.830890279865976716e-02,-2.280399523330553790e-01,1.207683609528290292e-01,1.000000000000000000e+00,3.935388488724859274e-02,-3.719988660547611237e-01,5.172928906941489657e-01,5.892241944745759685e-01,2.631031591524587432e-01,4.691110283348033372e-01,1.968903541799475743e-01,4.195866054503050724e-01,-2.181954169814981637e-01,-4.161004206531388472e-01,9.635803960103131449e-02,-1.973213546625625370e-02,-3.308477181983814908e-01,-1.918093426348336794e-01,4.197947121006728038e-02,2.444776159473261434e-01,1.206676751499650285e-01,3.325962348807864899e-01,1.094067736239016375e-01,-1.956710632732218402e-01,-4.199328335118245742e-02,1.370988666859165317e-01,2.892331423848041871e-01,-6.073298174882345996e-02,1.644697529338840225e-01,-7.653056300227849273e-02,1.051659518905118523e-01,1.472877286676866904e-01,-2.106352307896404152e-01,2.096877568486550381e-01,-1.548499010102399320e-01,-2.359816152483794061e-01,-3.575374049216645256e-01,1.714818251615624067e-02,-2.008769941869400499e-01,-3.536667658833891892e-01,1.595509215589076615e-02,2.049341084044983483e-02,4.525957983664432444e-02,1.504480618714390538e-01,-7.415263421764992091e-02,-1.266025523080639148e-01,-1.967501643282328627e-01,-1.869067483122969497e-01,-1.118725604602839735e-01,-8.266886414890819990e-02,-6.999704663833340723e-02,-1.313130766886858314e-01,3.579600374700146748e-02,1.195059803059593667e-01,-1.063222499229404261e-01,-9.713200702956949206e-02,1.988893821067648504e-01,8.769776783061128400e-02,-1.096132395871736859e-01,-5.813697776299991266e-02,1.950509893430940334e-01,2.330668475878579782e-01,1.100970990179296199e-01,-1.022356041855883163e-01,1.590510200082120573e-01,1.451665115714707854e-01,-1.405743765413399737e-01,-5.372064222767072850e-02,2.143876262924130915e-01,4.574970068381081084e-02,-1.716435413627208917e-01,6.737374512846000529e-02,2.034906647439564120e-01,-7.740971573816170237e-02,-1.205743065133832032e-01,1.811517605269412634e-01,1.314277203149426532e-01,-1.987345647057971731e-01,5.366555050148742734e-02,-9.381944848211367380e-05,2.053117771030506800e-01,1.186226790082526156e-01,2.020562613865838075e-01,5.716778890500248678e-02,-4.867803628285630180e-02,2.060307577434249415e-01,3.422262161906172023e-02,-1.671531397593848389e-01,3.695470705607277473e-02,1.224633699268658504e-01,5.128563654450972453e-02,1.782492024965447730e-01,-2.190927752672260087e-02,-1.162550757278507652e-02,9.408669362507518508e-02,-3.335232203607363648e-03,5.189757491846242604e-02,-1.353852535189569994e-01,-1.201333425844941655e-01,-8.666612143901036847e-02,-1.273949904638123631e-01,-1.193366451177496901e-01,-9.302836659577129463e-02,3.069031296857037405e-02,-1.386517888801115095e-01,-8.514518001165800876e-02,-1.808745515419131478e-01,-2.022853821186144929e-02,-6.932690077345091129e-02,-1.352438827054160964e-01,-9.807765421744960022e-02,-2.095575527017657369e-01,-7.694562133046127517e-02,7.553281114794867246e-02,-7.569503039485819818e-02,-5.016788682289793216e-02,7.317573265386490000e-02,2.072721720250381150e-01,-1.188856439499773598e-01,-1.018216428909518023e-01,-2.282521391672812094e-02,1.459277579370819311e-01,2.627822562151141406e-01,2.856531374572032420e-02,6.209232011248968369e-02,1.074072074841105201e-01,-1.872364769765319514e-01,-1.110055657853491196e-01,-8.607811146404345526e-02,-6.154303883587937396e-02,-6.329997862350622562e-02,-1.419506437135059917e-01,-5.837497755999688370e-02,-1.620436026683384791e-05
1.415421094236282984e-01,4.960661063160808071e-02,1.964494723799198594e-01,-1.295855958995559276e-01,-2.048939495120339904e-01,2.723672933485742909e-01,3.415480659401635144e-01,-3.536973859485497140e-01,3.935388488724859274e-02,1.000000000000000000e+00,4.548568922338695059e-02,-4.100540446753126456e-01,3.814652654440240376e-01,-1.292319425299098545e-01,8.255383373373136047e-02,-3.279698966727802589e-01,-9.399782360081138100e-02,-2.017664129995453415e-01,-3.487957017028697204e-01,-2.173495840591027073e-01,-9.672628516613606883e-03,-2.033046277011496539e-01,1.862117042796059274e-01,-1.566215308560157116e-01,-1.159748452618907522e-01,-3.270509263829270985e-01,-5.449004979461684328e-02,-1.950673203747758933e-01,8.895204405393442038e-02,3.247551066518356566e-01,3.719170314571962344e-01,5.706532254767769652e-02,4.771966035942230150e-02,4.281464101949866707e-01,1.364031792105221685e-01,2.515796888844805124e-01,-1.866711792445601981e-01,-3.264350993283414715e-01,-2.151097044768993105e-01,-3.215793998910628781e-01,-1.003899988220147421e-01,-2.571966663184022117e-01,-2.520248330562631645e-01,-1.610263970001015940e-03,-2.794615229886227015e-01,-9.075998827570948280e-02,1.415808430825189201e-01,4.932945234725282652e-02,1.241799643398653757e-01,-1.895821081457508550e-01,-3.512380976466438209e-01,-2.903340247428997656e-01,-2.380937303893187751e-01,-3.280628827340611453e-01,-1.580936945199408472e-01,-3.042858760394306361e-01,-2.153864164810164183e-01,-2.324856290574067383e-02,3.509748162061659960e-01,1.906288030253075125e-02,-1.955815871234914682e-01,1.818858602382279477e-01,2.732777376207299880e-01,-7.565646215807070307e-02,2.248527545274689454e-01,1.222878597399279371e-01,1.409548339447304621e-01,7.965252403252739977e-02,-2.270134800185429902e-01,1.952691489651020573e-01,2.272788439128020921e-01,-2.213077797901452648e-01,-1.937756360515314191e-01,2.859599435119424826e-01,8.168489726694994069e-02,-2.954690523427127014e-01,2.458081833975097122e-02,3.040078991850708179e-01,-1.045212183185682264e-01,-2.624251748119440508e-01,2.064686116077721068e-01,2.051178088997535898e-01,-2.471224065747147924e-01,-1.116459895195234114e-01,1.520921092115464501e-01,-5.759475002639503904e-02,2.401624435616517630e-02,1.036884148924411241e-02,-1.818779346942076547e-01,-6.215275108601141241e-02,1.202823632618702926e-01,-7.677319272378319015e-02,-8.415383780378855871e-02,6.192912331931735292e-02,5.544307948778671308e-02,-4.056895304770790495e-02,1.346985590837745106e-01,-1.665128123297083818e-01,1.601930964766805007e-02,1.122930018606137087e-01,1.133797818161462120e-02,-3.217153483088529969e-02,-1.220090930554796893e-01,-2.005174684952707731e-01,-7.759556536417117067e-02,-1.681239190144794282e-01,-1.905709523434830424e-02,8.094348698401389319e-02,1.469788490211918763e-01,-3.312800952287889983e-02,-1.626523472335431597e-01,-1.986593147058011988e-02,-4.351680480418811114e-02,-7.798708572487753066e-02,-3.483371014104928026e-02,-1.081654294918622111e-01,-1.109011975557220170e-01,2.546102866404538999e-03,2.126386909809754311e-01,-2.273929613106548051e-02,5.739655166424129790e-02,1.517992382328133549e-01,2.654277900649862354e-01,6.374135018572958666e-02,1.505464051886404309e-01,3.656343543105785576e-01,2.283449968624114423e-01,3.467925681478019606e-01,1.881108368889976290e-01,3.980817809597093221e-02,-3.258215242077474039e-01,-1.859748381936992268e-01,2.475686098208906491e-02,-1.234318998319233612e-01,-1.213565749375842551e-01,2.403462927116376824e-01,-1.860115615286143664e-01,1.472120505790072142e-01,1.258744529603831042e-01
-1.304577374500043296e-01,-1.738415616883706993e-01,4.281753392975942013e-02,3.260210206731137261e-01,5.147239386770097874e-02,-7.637170648680011165e-02,4.810261842878068572e-01,4.520213455491403631e-01,-3.719988660547611237e-01,4.548568922338695059e-02,1.000000000000000000e+00,1.486189555837302660e-02,-4.154040870890855497e-01,-2.395911520776763948e-01,-2.785355613201553893e-01,-4.266727090706290970e-01,-1.734036717228708280e-02,3.553931350377558251e-01,-1.426749089880881838e-01,1.583044781050430005e-02,3.452157442482990390e-01,3.370592155588445493e-01,2.751076038306565774e-01,2.664135772316039708e-01,9.878247118257905968e-02,-1.136792393808751106e-01,-1.285643392765510595e-01,-3.432932435212826539e-01,-1.246814501952565463e-01,6.194786456710589528e-02,1.521843166373161582e-01,1.167040459665170810e-01,3.610785863529355488e-01,-7.024100519021356237e-02,-2.396011097181981464e-01,-1.790891097725101910e-01,-2.900764899914631267e-01,-1.065765695749451153e-01,-1.499478345734794882e-01,-1.552206481652700643e-01,-1.423541706868102497e-01,4.951069175779239384e-02,-2.421350282452071068e-01,-1.197487345490688276e-01,1.838819742708123206e-01,-8.975707305002202097e-02,-5.567118943963831473e-02,1.700981108020135635e-01,-1.149893480384261424e-01,-1.150964188988499587e-01,6.404645836003416970e-02,1.619150857546488437e-02,1.801904925970060078e-01,5.722988182509727156e-02,1.463437244088225953e-01,6.818160268121592482e-02,1.078564687529987853e-01,6.705064161718300719e-02,-1.129079211881726420e-02,5.340685809686739061e-02,1.465450262381783608e-01,-2.170363710996306775e-02,-9.666982805765933495e-02,6.619268563985380993e-02,9.819091658250654608e-02,-2.114057084577861401e-01,-2.220515393565582474e-01,-8.282046161077467883e-02,4.741473833100288970e-02,-6.264683185753502914e-02,2.353348514988516313e-02,1.066632719477546565e-01,1.312227039932087162e-02,-9.960367900874744773e-02,5.664165798238552513e-02,1.178270460220561255e-01,-5.285017877998082758e-02,-5.666247414657650527e-02,1.119599151361750922e-01,6.365854892884686977e-02,-8.381755104067117879e-02,6.575195785718959771e-04,1.521695417981581144e-01,-4.865638704491165312e-02,-2.378387516641458643e-02,-2.241199138059605522e-01,-2.039996501488636205e-01,-1.387409483430382395e-01,-1.201661882412922711e-01,-1.011491191886342289e-01,-1.329582631012859451e-01,-6.408781262671153778e-02,4.561410003881660041e-02,-1.176452705501974810e-01,-5.797424377788334970e-02,-2.015576804451429949e-02,-1.011070088242339432e-01,-9.845634963289509600e-02,1.863835294373643726e-04,-1.313663534004032574e-01,-5.191692932328456633e-02,4.927044897655165345e-02,1.760975563474347604e-03,3.218535045646137016e-02,-4.856707277513189203e-02,8.709583199140970983e-03,1.334774681513335552e-02,1.211892583931123007e-01,-7.077148246551627497e-02,1.914476231679576868e-01,2.152353080083319325e-01,2.369270166535110134e-01,2.138511281112142892e-01,2.117543583343534652e-01,1.342371086038891270e-01,2.164008936409834438e-01,1.318265888255334140e-01,9.288014332777388971e-02,-2.461423706404658115e-02,1.334888911645571719e-01,-6.264798144619293345e-03,8.361137516278199788e-02,-1.510374837851380381e-01,1.305620811175962903e-02,1.197312564306309557e-01,7.412273315862046019e-02,-1.462447334444832991e-01,-3.286215281541712135e-02,-1.187921091333279250e-02,1.633802303875801429e-02,-1.239811259055673548e-01,-9.942255049277707452e-03,-1.737843128676213600e-01,1.002929342544190035e-02,-1.294353164228634334e-01,-6.276515723084681586e-02,-4.783849572918291715e-02,-5.591787576448187941e-02,-8.492408392013546525e-02
