1.000000000000000000e+00,3.783950043218538006e-01,3.641941264387986155e-01,7.733616633022966091e-02,1.508887847714712460e-01,7.911641290366089319e-02,1.053649934579679454e-01,6.406682191146681471e-02,5.921149691684264235e-03,1.151736032359672868e-01,5.486055380283983568e-02,4.450738152143266652e-02,5.820324506778240536e-02,5.746292471647815314e-02,2.049738423029458245e-02,3.149242632332565489e-02,-1.848973452629153885e-02,-2.320555922045126548e-02,2.961775410560753621e-03,1.567559722354785676e-02,2.471639418922390655e-02,1.303270549024064182e-02,1.467773200199163491e-02,1.436625339340903869e-03,3.123894388727842340e-03,-5.063139633696803503e-04,6.222902307149504389e-03,1.161564232365660740e-02,-9.555545919029984417e-03,-2.737231623477476804e-03,-2.088243585097978097e-02,-1.499478551992802257e-02,4.903508244533870582e-03,-2.482339088017842740e-02,-9.380145781289091905e-03,2.379970934442517463e-02,5.780705679023520269e-03,-1.380651875464845336e-02,-1.079402447946838442e-02,-6.842246119880195793e-03,-2.792224571526695509e-02,-1.011738115072801161e-02,1.472219597243533060e-02,1.333041655541198321e-02,2.134588475349254166e-02,2.839387881132028960e-02,-4.563453588343701316e-03,-1.160285545113036096e-02,-2.057860549234248951e-02,4.707826976107918476e-03,1.523188799997792159e-03,-7.619401933702039768e-03,4.439427497177524378e-05,-1.577244132057489942e-03,8.228052605627863419e-03,1.036958969799166991e-02,-1.536173404033332364e-02,-1.293944452590651932e-02,-1.396980167088026845e-02,-1.923354512023993303e-05,-1.965951799517433318e-02,-1.093566263704701808e-02,-5.813445523774913616e-03,2.018997566899628088e-02,2.071819009796959862e-02,7.595600959003303079e-03
3.783950043218538006e-01,1.000000000000000000e+00,2.595540950760348853e-01,2.289396467462622570e-02,2.021797126005092926e-01,7.535653078280246664e-02,3.675292082071997257e-02,-2.862386350201728043e-03,-3.687483855718892006e-02,4.844253253622714944e-02,2.769827232687199770e-02,4.686186461038849976e-02,5.695915370620444756e-02,1.619198525585710188e-02,1.599397695599600808e-02,2.512727677535795887e-02,8.144611388296654764e-03,-2.633108413134479381e-02,-3.758855134250143303e-03,8.780375592485891931e-03,2.174291854524140408e-02,-2.197317129297260679e-03,1.772445046490835063e-02,1.208417013248513396e-02,1.250516248877676581e-02,3.857111639396394211e-03,8.287547388877043991e-04,1.369601797753754180e-02,-2.498760492628010824e-02,-1.357986598087717288e-02,-2.100205165896769366e-02,-1.582941852364101384e-02,-1.961088987551247789e-02,-2.209933654365258543e-02,-1.442793914393143868e-02,-6.505419852214694779e-03,-1.552075391383601899e-02,-1.794523676497795581e-02,-1.612079108051625922e-02,-2.557854811542036033e-02,-3.886637467192444878e-02,-1.515568335436834335e-02,-4.992240789643397764e-03,-1.160135110841874380e-03,2.675479768693319639e-03,-6.559674197319243123e-03,-8.534298319586566470e-03,-2.320044497196848896e-02,-1.051222065592312405e-02,-8.474886763754336735e-03,-1.162621413753630716e-03,-1.340722461359963175e-02,-1.458066976193587126e-02,-1.471451433859111667e-02,-1.960140158430396032e-02,-1.979284606084003723e-02,-3.248473140362463651e-02,-3.219255281163315580e-02,-3.024801219495220315e-04,-1.386514844447292623e-03,-1.895747814161468855e-02,-4.897692897256197657e-03,1.960658081066636929e-02,3.377504692976088241e-02,3.785712192219142097e-02,2.602743072030984026e-02
3.641941264387986155e-01,2.595540950760348853e-01,1.000000000000000000e+00,2.423748559280101689e-01,2.641293461190692970e-01,1.097335922789837021e-01,1.936379946310291256e-01,1.518076026786105981e-01,1.898656616381845866e-02,1.787964404930937889e-01,1.169663778429325396e-01,8.410746534009329312e-02,8.488243211608634264e-02,1.003656017389276539e-01,6.500298441427040941e-02,4.305367522810518016e-02,-4.112850937659476985e-02,-1.072215213066810349e-02,2.734915755017460273e-02,3.458262401352529131e-02,1.902916085374713531e-02,2.313516660424603730e-02,2.762417161683254282e-02,-9.495631062104934947e-03,-3.097101795133532648e-02,-1.648607457342917207e-02,-2.385806941506148082e-02,-9.553552290260660870e-03,-1.443860049423503072e-02,2.975699289123681646e-02,-2.402079764541456205e-02,2.447352563356618919e-04,3.763080633515639151e-02,-2.713594696370505432e-02,1.087530259672407629e-02,5.632155098827722889e-02,9.209477662932443950e-03,5.195801132012739174e-03,-1.149404916683396428e-02,-1.728777977795291007e-02,-7.965245380483852028e-03,7.528673649033366597e-03,2.320724445425222104e-02,1.844166085402136959e-02,4.027991427038617178e-02,3.676355514497685328e-02,7.870001253333359231e-03,-8.041834171878564641e-03,9.895243922683299304e-03,1.609234518840497660e-02,6.321694906230328724e-03,7.952365561493996565e-03,1.360194687870793818e-02,1.482101443523003645e-02,1.102039581667805211e-02,8.541432802650917797e-03,-1.658384216617622003e-02,-2.086282797525177909e-02,-1.269673395105219531e-02,-9.837315960991340879e-04,2.393018549113301065e-03,-1.396937934121125942e-02,-3.347295413085764511e-03,2.214738776538185613e-02,2.092014388121985619e-02,1.158663454512326094e-02
7.733616633022966091e-02,2.289396467462622570e-02,2.423748559280101689e-01,1.000000000000000000e+00,3.652984704452964526e-01,1.962841489454390798e-01,3.932106561205572781e-01,2.911827291203512025e-01,1.079726063270661368e-01,3.149384655810371636e-01,2.473904605047921035e-01,1.359780655398634130e-01,1.790737628787670010e-01,2.037711518980925285e-01,8.104755775633080972e-02,1.208571446308597808e-01,-9.583406692527450532e-02,-7.995147696946439120e-02,7.141880468213586408e-02,2.927018720376874800e-02,-4.383434560640112748e-02,4.118916966286637754e-02,1.433866560188902864e-02,-1.730335582952366447e-02,-5.075913953966385526e-03,1.008387431502585745e-02,-5.521564285500874317e-03,1.552221997549814566e-03,2.070763249227440192e-02,2.991603034951459406e-02,-2.937187711061133716e-02,2.211699297259179381e-02,4.056477620664442757e-02,-4.807600442518775163e-02,-7.551162489306800958e-03,4.216624560797548743e-02,-3.810300469262243618e-03,2.062643820841586137e-02,-7.180771939222994589e-04,4.321200386291816978e-03,3.330767303629943860e-02,1.858121795820448161e-02,2.851441756745624195e-02,4.206982781874939181e-02,6.741337410758632687e-02,3.618113389939197483e-02,9.872414677736991023e-03,2.823086291095938324e-02,5.217998545345572253e-02,5.830287667592045503e-02,3.672275381434741970e-02,3.146952735379238836e-02,4.544231601895185740e-02,4.927425000992716360e-03,1.920122947813021012e-03,-2.432147914520630880e-02,-4.566534374623099773e-02,-5.714757722581838284e-02,-3.318507537788544653e-02,-2.907976486748983444e-02,-1.898003346666730581e-02,-2.445164154562241496e-02,-2.222630959313102658e-02,4.101297567877568856e-02,1.875071103445698911e-02,1.515420654511665313e-02
1.508887847714712460e-01,2.021797126005092926e-01,2.641293461190692970e-01,3.652984704452964526e-01,1.000000000000000000e+00,2.837004241095111290e-01,2.461554929061880725e-01,1.334767089864247469e-01,1.375959136778621625e-02,2.301551692489070822e-01,1.290376707246854160e-01,1.203162459410371532e-01,1.278937744540022681e-01,1.248435632301720805e-01,8.531352676357650822e-02,7.025205638711690126e-02,-6.618561140716626434e-02,-2.991457560592938533e-02,3.633666481421150146e-02,4.689859213352546435e-02,1.308186398797072693e-02,3.168141606968353369e-02,1.133034218068686670e-02,2.564203194852311685e-02,3.066267117433947587e-02,1.627149511542101690e-02,4.235664171472765943e-02,-1.506958248574574374e-02,-3.391749240417430561e-02,-2.466196678494645203e-02,-3.869148386471225193e-02,-1.269638640793877525e-02,-2.453863962092311338e-03,-4.472178846133432334e-02,-1.463387042525212539e-02,-2.495134488520445865e-02,-2.554908365424863118e-02,-2.757872004809341915e-02,-2.945037887305296601e-02,-6.787055277372224318e-03,-2.170557704926924861e-02,-1.395949666412691498e-02,1.290462190446805407e-02,2.434801561133717943e-02,4.399465667151315762e-02,3.605736184641190889e-02,2.579502476218145310e-02,-3.401309892756960735e-03,1.972802236436289533e-02,3.285194711224285330e-02,4.307599537562453382e-03,1.440251173801249118e-02,1.845808996293407667e-02,2.600973276865454348e-02,-6.144161308269758225e-03,-1.701399014319267267e-02,-1.188471008633960532e-02,-4.058949059668539444e-02,-3.415865439887600524e-02,-1.029553884709047407e-02,8.988311281058735877e-03,1.872464043786739585e-02,6.984988297099490109e-03,3.602157774301713300e-02,3.100986295728563533e-02,1.355140635288784243e-02
7.911641290366089319e-02,7.535653078280246664e-02,1.097335922789837021e-01,1.962841489454390798e-01,2.837004241095111290e-01,1.000000000000000000e+00,2.022203378242747873e-01,-8.174975961539092395e-02,-1.133422356915756157e-01,2.431261622431570291e-01,-5.934948533887767115e-03,7.780354911224418579e-02,1.278113805643526779e-01,4.462879085475111168e-02,8.591169272706933313e-02,4.996532880440821001e-02,-7.146242879989643353e-03,1.819534302616026070e-02,4.376785681152023377e-02,4.498966382449005180e-02,-8.199660423310448001e-04,4.838057731889926216e-02,2.304175632596412032e-02,1.544272623637172985e-02,-5.843619536573006930e-03,3.822101559606576326e-02,2.487279565226991132e-02,-2.442636004622475432e-02,-1.337048801482661545e-02,1.991718512849899227e-03,-3.048191632620482830e-02,1.063016419040481013e-04,2.280516526117411930e-02,-1.726666587360500826e-02,-6.585355030265058890e-03,2.921929983241489809e-02,5.473418927912475015e-03,1.368586068073235004e-02,2.327036810976685494e-02,-1.456700573480995122e-03,1.430695574473003773e-02,1.269785716433571507e-02,5.530837741185409134e-02,5.400584924935025039e-02,6.527041118691227772e-02,4.650421818153949172e-02,1.614310773832899892e-02,2.372462603621716334e-02,2.243944835634794320e-03,3.143645584299209483e-02,1.010937776473650601e-02,1.224777350008666825e-02,1.402947701300007871e-02,3.072105673407037052e-03,-9.756651436804397422e-04,5.540841553395688991e-03,-4.044547461121547529e-04,-1.349249633132553264e-02,-2.571703589132895082e-03,2.542148229126226650e-02,3.274551021754786018e-02,-1.070132735590714756e-02,-1.056810481254706786e-02,2.836100251912436823e-02,2.098398149430209803e-02,1.644728779604008248e-02
1.053649934579679454e-01,3.675292082071997257e-02,1.936379946310291256e-01,3.932106561205572781e-01,2.461554929061880725e-01,2.022203378242747873e-01,1.000000000000000000e+00,4.308973957636516583e-01,4.042625295062523549e-01,6.582711089823333195e-01,3.734214802749232232e-01,3.159833626322041678e-01,2.446432962077333129e-01,3.201465763450667135e-01,2.059972335643592001e-01,1.416867353706679211e-01,-1.692699679468620821e-01,-1.984020008017003955e-02,1.378148113665914609e-01,1.153059323888262350e-01,2.134500468641743059e-02,1.243532013714332696e-01,2.869581825571146730e-02,1.059418524603246816e-04,-5.948200356775482263e-03,2.181355648192152136e-03,1.073497698359951631e-02,5.922599710893879099e-03,3.707064429777347757e-03,2.593997286529023394e-02,-1.633695764806756059e-02,7.682182560039566011e-02,4.567648852829346573e-02,-7.570813646758016435e-02,-1.665958767603194571e-02,3.227069558368897417e-02,-3.111944764677467348e-02,1.513737008515046029e-02,2.145708067271697578e-02,-2.301822621392465851e-02,-2.348873492816912212e-02,1.007417252031150671e-02,1.439399560062799323e-02,2.337150326307531334e-02,4.676670102334812285e-02,3.786083189557013645e-02,7.586408754218076228e-03,1.088042869960940268e-02,5.966438802411168016e-03,4.238699144600656388e-02,-3.660282644893459759e-03,2.701798577978846774e-02,4.795623444240063732e-02,6.165745771815472030e-03,1.364250309596893272e-02,-8.751756834354642092e-03,-4.021897350891413814e-02,-1.356874570860251185e-02,-1.070442560822799233e-02,6.827250931533702591e-03,6.253824737474101593e-03,-3.232140359789634904e-02,-2.368100764615744050e-02,1.013747999748336286e-02,2.286271514082475337e-02,-2.855074904971533888e-03
6.406682191146681471e-02,-2.862386350201728043e-03,1.518076026786105981e-01,2.911827291203512025e-01,1.334767089864247469e-01,-8.174975961539092395e-02,4.308973957636516583e-01,1.000000000000000000e+00,3.924898884873335159e-01,2.507584134638748963e-01,3.624468367772707977e-01,1.292919162421109769e-01,7.992791977766193490e-02,2.475656555550566074e-01,7.823825647865503830e-02,5.505815325992098608e-02,-1.345499246139434391e-01,-1.942868330740437147e-02,5.813747090557801200e-02,5.507928480942507476e-02,6.527470962569534123e-03,5.389218695935125286e-02,2.731260107566750236e-02,4.051472702210804451e-04,4.684324578934606978e-03,7.985061151653620112e-03,-1.042789630630849146e-02,1.595659762422566713e-02,2.141644329915839973e-02,4.059700110227832531e-02,-1.206470269632520416e-02,8.787938481268886548e-02,6.242304033014355741e-02,-3.900558063844610651e-02,-1.427816175728564320e-02,2.688574255716758357e-02,-2.667759630299405479e-02,3.335758622523229879e-03,4.168745393292910134e-03,7.024811827287656511e-03,-9.662009458793937786e-03,5.390462583175314841e-03,-7.036873821982455972e-03,-1.186496729495256294e-02,1.287596057319682560e-02,-1.238973296533686826e-02,-2.793965565675651103e-02,-8.223321158194205147e-04,1.127086448701526689e-02,5.467918258167183375e-03,-2.493752371064407447e-02,2.591063310703164806e-03,3.436574423340762324e-02,8.871757908946162341e-03,8.692708185682345746e-04,-1.242824590081048793e-02,-2.648065642277248888e-02,-8.833198654983416900e-03,-1.985540238539410321e-02,-2.885515100705306202e-02,-1.990828411584275731e-02,-4.089974933707182791e-02,-3.325282605624899079e-02,1.470125344324325380e-02,8.408064387289582164e-03,-1.183636516631776919e-03
5.921149691684264235e-03,-3.687483855718892006e-02,1.898656616381845866e-02,1.079726063270661368e-01,1.375959136778621625e-02,-1.133422356915756157e-01,4.042625295062523549e-01,3.924898884873335159e-01,1.000000000000000000e+00,3.568255937892128027e-01,3.281286697985000833e-01,3.181047099517952392e-01,8.158116464399113588e-02,2.378978068750887964e-01,2.135869494667601287e-01,6.476781585530523577e-02,-1.326773257567639974e-01,6.345416978427632915e-02,1.555125908562520198e-01,1.263121119180039831e-01,3.572666236373865656e-02,1.253560710762131880e-01,2.336024386306189554e-02,-4.291694537306434132e-03,2.019215843786946810e-02,7.636559843684210397e-03,-2.827817742154905764e-02,2.517641122897583059e-02,3.787353721842324356e-02,4.809402605169412620e-02,3.322531537594668183e-02,8.979978154767501164e-02,5.109721584469318484e-02,-2.794528878306204098e-02,-5.824322281207123392e-03,1.991612684194088781e-02,1.361846665057762050e-02,2.279284074288964734e-02,2.777736955543352176e-02,1.180431087439601581e-02,8.400045209774704633e-03,3.531128089071119275e-02,1.257667577501236575e-02,2.447749619119950551e-02,2.605469382981983814e-02,1.474905648588958028e-02,9.221137511839620077e-03,4.837529476010497126e-02,3.035208978087207410e-02,2.563623468520311033e-02,2.186987066668759708e-02,2.874928977748119480e-02,4.460203370263080697e-02,5.731388984603222325e-03,2.104219524892335190e-05,-7.232101569349350979e-03,-2.281961404523492540e-02,1.861724209815892109e-02,1.380782260332013428e-02,-1.634635892847092695e-02,-1.736891394253516768e-02,-3.236734481878904279e-02,-1.149243787046106725e-02,-8.411966927646428310e-03,-3.527118383337051431e-03,-2.770039183633286710e-03
1.151736032359672868e-01,4.844253253622714944e-02,1.787964404930937889e-01,3.149384655810371636e-01,2.301551692489070822e-01,2.431261622431570291e-01,6.582711089823333195e-01,2.507584134638748963e-01,3.568255937892128027e-01,1.000000000000000000e+00,3.891321395427571050e-01,4.238060479247522938e-01,3.377674813392382847e-01,3.711048270104048696e-01,2.918675081882168287e-01,2.064908607672475971e-01,-1.760019621547089796e-01,-1.559855028692948460e-02,1.918957130899303365e-01,1.483222296654210515e-01,1.378264715966759021e-02,1.570265084731412020e-01,5.250395194488807760e-02,1.693528766129368673e-02,5.898356101405269163e-03,9.846093602679279952e-03,-2.630045462457635680e-03,3.079091043198602801e-02,2.330767915175474547e-02,3.193916713506474853e-02,2.202124477000181723e-03,7.290645838153313185e-02,3.659626779032966459e-02,-8.187807942688243856e-02,8.036376728109709267e-03,4.895636685198962584e-02,-6.046634224430336678e-03,4.235529506000059591e-02,2.914023404433504702e-02,-2.766126441903988750e-02,-1.525555222132383808e-02,1.557939683563388904e-02,2.372460020887457582e-02,3.949658477149172592e-02,6.078047531506053369e-02,4.975514598993204668e-02,5.467125031894150278e-03,1.380563953934155555e-02,1.914994254019749403e-02,6.045418053671025582e-02,2.681431144405783257e-02,4.633532286898262714e-02,5.672072422039013684e-02,7.643423206933753870e-03,3.079254191867376866e-02,1.097118028723126880e-02,-1.007565791690474138e-02,1.229805332859847805e-02,-1.486052353716625727e-03,3.116030536898374819e-03,1.722381600712330138e-02,-3.570310306146803198e-02,-2.760714022005918492e-02,6.154182497433661331e-03,1.252404249821408889e-02,-9.281360691636472704e-03
5.486055380283983568e-02,2.769827232687199770e-02,1.169663778429325396e-01,2.473904605047921035e-01,1.290376707246854160e-01,-5.934948533887767115e-03,3.734214802749232232e-01,3.624468367772707977e-01,3.281286697985000833e-01,3.891321395427571050e-01,1.000000000000000000e+00,4.535592619596060526e-01,3.543847146816445082e-01,6.351484933651538878e-01,2.628128815411934771e-01,2.895360042540732204e-01,-3.505915001097792416e-01,-1.941573870786964529e-01,1.925715472300754683e-01,1.071514251668382739e-01,-7.214907752542561170e-02,1.150246903681497596e-01,6.598898088355155400e-02,3.685318608214738917e-02,1.549709236674252401e-02,2.857254264924755788e-02,-8.771280910148880963e-03,6.783682185936250331e-02,4.968411375435811961e-02,4.827882322079713601e-02,3.660349349390407819e-02,1.181213501640478447e-01,4.209920479997719678e-02,-7.989450881876786204e-02,-2.847899185814422099e-02,4.838580040843373786e-02,-3.525820482884400257e-03,2.621472230007874937e-02,9.136044753444851063e-03,-4.074574991036455235e-03,-1.063174734492552996e-03,1.962166353966151786e-02,-2.264090631140134365e-03,1.610139168874693757e-02,1.669576879532453165e-02,-5.019887992514940681e-04,-2.173412160996801568e-02,1.206168846361486101e-02,5.271262753212734020e-02,5.221469011225933488e-02,1.957289414693768811e-02,5.871471410120197854e-02,7.862848441037474656e-02,2.793757513644549995e-02,4.322543955224382103e-03,-6.382724043772037420e-03,-9.257914769137981503e-03,8.288972033682827714e-03,-1.133559267627076705e-02,-1.401989885720023553e-02,-3.009499017885584188e-03,-3.230570552763040865e-02,-2.131139152417407465e-02,2.523998682621162240e-02,1.438938736910127733e-02,1.017242204350140428e-02
4.450738152143266652e-02,4.686186461038849976e-02,8.410746534009329312e-02,1.359780655398634130e-01,1.203162459410371532e-01,7.780354911224418579e-02,3.159833626322041678e-01,1.292919162421109769e-01,3.181047099517952392e-01,4.238060479247522938e-01,4.535592619596060526e-01,1.000000000000000000e+00,4.063871167995490863e-01,4.375410810346271884e-01,6.057419145498421642e-01,2.586118482757616133e-01,-2.245993483816788316e-01,1.103535683079307217e-01,4.017743795321872535e-01,2.853856963971622696e-01,6.492028164637034856e-04,3.010826769620082444e-01,1.080894990964612890e-01,3.376278991974129146e-02,-5.338325172142292796e-02,2.608803495338785777e-02,-2.642646017301779338e-02,5.732498489591780072e-02,5.039848116855879384e-02,6.880523120845376261e-02,5.563499187830350801e-02,9.693089026623084858e-02,4.875292059518135379e-02,-3.984621359562879467e-02,-6.294937637749488217e-03,6.080082685891195077e-02,2.984855190580148684e-02,5.815413614462969227e-02,3.924692123510530040e-02,6.465943280637355406e-03,3.431322872747489400e-02,4.383128328120946410e-02,4.771108680822230830e-02,6.525625449553476565e-02,4.981974339113589417e-02,4.342279543949760512e-02,5.114689155246057023e-02,3.973921870022407987e-02,4.155573221349957713e-02,8.507931644102117996e-02,5.343362057404778265e-02,7.240967478313117822e-02,6.860857391178286357e-02,3.909455581484366782e-02,1.522005124544669082e-02,3.582562792359167067e-03,-5.920474241284906340e-03,2.978538378952832327e-02,1.706523593100870914e-02,3.492975771645588645e-02,2.652470434340327768e-02,7.417658111029050254e-03,7.896627700708416233e-04,2.646469413543485819e-02,1.348299104803200692e-02,9.481544196670008140e-03
5.820324506778240536e-02,5.695915370620444756e-02,8.488243211608634264e-02,1.790737628787670010e-01,1.278937744540022681e-01,1.278113805643526779e-01,2.446432962077333129e-01,7.992791977766193490e-02,8.158116464399113588e-02,3.377674813392382847e-01,3.543847146816445082e-01,4.063871167995490863e-01,1.000000000000000000e+00,4.381976324869764072e-01,2.912381150297432275e-01,6.346162158790578101e-01,-1.581948764634587279e-02,-2.420919888037861845e-01,2.402877020618634785e-01,8.551719324629111774e-02,-1.044964392052881164e-01,1.978084732590951744e-01,1.890921805009264101e-01,1.262166618110861782e-01,1.525810489083329405e-02,1.420732914866325303e-01,1.120314757144528529e-02,8.911154480814625911e-02,6.674838628957438513e-02,7.885510191381998879e-02,8.694527383938130405e-02,5.122110983888557983e-02,4.269454223261046066e-02,-7.546825733640305511e-02,-1.978270698776202555e-02,5.536999183647845629e-02,-2.695602889388409775e-03,6.450015978883409662e-02,4.371960039720088065e-02,1.126821100214776480e-02,4.201998405342324827e-02,2.439073213229437861e-02,2.614235605272694288e-02,2.010493485183545773e-02,1.482851563066659752e-02,1.563378733653609728e-02,1.834262810903109289e-02,1.188988059726995769e-02,5.396111660595166726e-02,1.007807799207722232e-01,5.134795666682370058e-02,8.716257755265319207e-02,1.015773597430191105e-01,7.438774335606955501e-02,4.890722761445583100e-02,2.052438446052357035e-02,1.189192765837802576e-02,2.837081272406596216e-02,8.221768401808830090e-03,7.602344027765594106e-03,1.224765509366527311e-02,-9.683167636069406684e-03,-5.496701178017890897e-03,1.473907995868896717e-02,1.077314219354870428e-02,-4.513042582401389363e-03
5.746292471647815314e-02,1.619198525585710188e-02,1.003656017389276539e-01,2.037711518980925285e-01,1.248435632301720805e-01,4.462879085475111168e-02,3.201465763450667135e-01,2.475656555550566074e-01,2.378978068750887964e-01,3.711048270104048696e-01,6.351484933651538878e-01,4.375410810346271884e-01,4.381976324869764072e-01,1.000000000000000000e+00,3.586415991585240604e-01,3.546600816693935010e-01,-5.004027473011544158e-01,-2.350976549937381643e-01,2.703919622247168975e-01,1.545625487784623442e-01,-9.220921477322159554e-02,1.533313166990599719e-01,7.591886570278819080e-02,9.484178621598473441e-03,-2.149914064327151930e-02,9.706544167544167018e-03,-2.545933474200999524e-02,6.372201620455812676e-02,8.438496954006696749e-02,8.172345916654719100e-02,5.412876035616008552e-02,1.266195221911466939e-01,6.622450798069856592e-02,-7.880456996976470396e-02,-1.809890716080712891e-02,5.679084512082211572e-02,-7.485738555748661961e-03,2.725567137760228145e-02,-2.068980670762189493e-03,-2.911685452912216032e-02,-6.668434780073789411e-03,1.621899643228374641e-02,1.861292098834599644e-03,3.009031125217536545e-02,1.794888894979890931e-02,-2.705048013471173223e-03,-1.082552535279270381e-02,1.737095601806027539e-02,5.096168069657905364e-02,4.238208393764451853e-02,1.893850491608328745e-02,4.471724555041352994e-02,5.941816853092452694e-02,2.876771529656434179e-02,8.667244537069001414e-03,-3.488111683234826257e-03,8.511659136996263216e-05,1.759907055665260733e-02,-5.537493170449320559e-03,-2.875945420269041680e-02,-6.293951849916293480e-03,-4.265601916292049989e-02,-3.022782096169908742e-02,1.438441410195893597e-02,9.888088169047565615e-03,4.494605385657927943e-03
2.049738423029458245e-02,1.599397695599600808e-02,6.500298441427040941e-02,8.104755775633080972e-02,8.531352676357650822e-02,8.591169272706933313e-02,2.059972335643592001e-01,7.823825647865503830e-02,2.135869494667601287e-01,2.918675081882168287e-01,2.628128815411934771e-01,6.057419145498421642e-01,2.912381150297432275e-01,3.586415991585240604e-01,1.000000000000000000e+00,6.661937853035150570e-02,-2.835780756744889497e-01,3.724573597349395415e-01,4.994079233608624824e-01,3.708906069832039742e-01,3.956312630217763415e-02,3.909539116027557215e-01,1.075019103349366678e-01,2.347143152138052996e-02,-1.234324760564338153e-01,-2.758884016242468384e-03,-7.008953100271872461e-02,-2.030037669467002481e-02,4.696550329154736830e-02,8.204426630882526161e-02,5.050920960661897663e-02,6.999852976778088431e-02,4.679491658001073973e-02,-4.286666718388070646e-02,-3.675702181322891560e-02,5.327123894307918966e-02,2.623633158240594107e-02,7.611210595396206147e-02,3.049108445680274657e-02,-6.433055883816734015e-04,4.056181179817137938e-02,3.736502371813298085e-02,4.740071751234169184e-02,5.310386963500433183e-02,5.943352788766368550e-02,5.062549498494760269e-02,4.977519044392606645e-02,5.352240047883932011e-02,2.881773486451959590e-02,6.102756711891757502e-02,4.951339666967996544e-02,3.389082017631272342e-02,4.610885568008427776e-02,2.596322779303232922e-02,2.023637420479291668e-02,2.019458893418145384e-02,1.521819965925041290e-02,2.866841534217959286e-02,2.135443979192016423e-02,3.873420451064565201e-02,2.723730610052994133e-02,2.162111774712219964e-02,8.416714856155773500e-03,1.342578149430341886e-02,1.832700791435785004e-03,-6.707015792340173706e-03
3.149242632332565489e-02,2.512727677535795887e-02,4.305367522810518016e-02,1.208571446308597808e-01,7.025205638711690126e-02,4.996532880440821001e-02,1.416867353706679211e-01,5.505815325992098608e-02,6.476781585530523577e-02,2.064908607672475971e-01,2.895360042540732204e-01,2.586118482757616133e-01,6.346162158790578101e-01,3.546600816693935010e-01,6.661937853035150570e-02,1.000000000000000000e+00,4.411895099723910779e-02,-4.103215415334333094e-01,1.576556686194520718e-01,-2.110637235809321652e-02,-1.609844271314918585e-01,1.030669621500307082e-01,1.895419561700826538e-01,1.558909632006408585e-01,8.234830355939494473e-02,1.847148551118749094e-01,6.995423396396968641e-02,1.256652053760425602e-01,1.053036579655102778e-01,1.003197527403643513e-01,1.160008855674761058e-01,5.620166493591111784e-02,4.852883701613739525e-02,-3.354226060361410050e-02,-2.683139290727930976e-02,2.851548181672250437e-02,1.159096182395773049e-02,5.155187872289387213e-02,4.145918725686901368e-02,1.140818381129228912e-02,4.014427857900688956e-02,2.969592529486983490e-02,1.805393122345555143e-02,1.335248829361695283e-02,-1.021271855294915432e-02,-6.552059337350972512e-03,8.625173036112409805e-03,-6.322647599101539895e-03,4.794540383057467603e-02,7.654015266255376204e-02,3.312456631639702082e-02,6.382043339594135889e-02,8.986685632672158919e-02,5.227290530980709116e-02,2.898237388877727624e-02,1.638451453801983634e-02,2.985698863908079273e-02,3.134206684085801692e-02,1.795332727211525897e-02,-9.286311812543917785e-03,1.925350360695675389e-02,-3.030923376711879176e-03,2.043261566510127213e-03,1.174548371578930731e-02,-6.107320914926630401e-03,-9.477302211516032068e-03
-1.848973452629153885e-02,8.144611388296654764e-03,-4.112850937659476985e-02,-9.583406692527450532e-02,-6.618561140716626434e-02,-7.146242879989643353e-03,-1.692699679468620821e-01,-1.345499246139434391e-01,-1.326773257567639974e-01,-1.760019621547089796e-01,-3.505915001097792416e-01,-2.245993483816788316e-01,-1.581948764634587279e-02,-5.004027473011544158e-01,-2.835780756744889497e-01,4.411895099723910779e-02,1.000000000000000000e+00,1.062753329833003163e-01,-2.432418791765805222e-01,-1.996122276007502305e-01,3.353307208515997340e-02,-7.596975198599123513e-02,5.075684108150367579e-02,1.384335149476264293e-01,1.118670496751445614e-01,1.194027088878101273e-01,9.026979593878761698e-02,-1.575727739464777028e-03,-2.488222552176927449e-02,-5.032434592193316646e-03,2.039481116264630408e-03,-7.071312761338018060e-02,-1.580379481129396552e-02,8.329597957239676109e-02,9.028808698257779000e-03,3.985328450525942512e-04,6.430872330578721319e-02,6.611465377696389145e-02,6.837691695213596321e-02,6.126599224509759328e-02,4.061574238541967169e-02,3.330219817574210650e-02,-9.642635486882572549e-03,-4.406409845613480647e-02,-2.968818101064045131e-02,-6.904115736813778992e-03,2.727397551276573330e-03,-5.171516403708061038e-02,-4.838251135316821300e-02,-1.232917701328106914e-02,-1.023408395512832858e-02,-5.840559750944289766e-03,-2.908848069160037061e-02,-7.986876488795795898e-03,-9.893337570783601251e-03,5.238653374800093104e-03,-4.318807097837594824e-03,-5.189217926779672412e-03,2.782316350310315781e-02,2.613308638990400473e-02,-1.528119049416130784e-03,1.513169586837363745e-02,7.058103521577069328e-03,-1.935547683590278442e-02,-9.764158286230400705e-03,3.250292879859358226e-03
-2.320555922045126548e-02,-2.633108413134479381e-02,-1.072215213066810349e-02,-7.995147696946439120e-02,-2.991457560592938533e-02,1.819534302616026070e-02,-1.984020008017003955e-02,-1.942868330740437147e-02,6.345416978427632915e-02,-1.559855028692948460e-02,-1.941573870786964529e-01,1.103535683079307217e-01,-2.420919888037861845e-01,-2.350976549937381643e-01,3.724573597349395415e-01,-4.103215415334333094e-01,1.062753329833003163e-01,1.000000000000000000e+00,2.136518530344758138e-01,2.838609186821628994e-01,1.939129499101318599e-01,2.647487066946049294e-01,1.850279588202463979e-03,-1.989647065159086403e-02,-1.051236311144429642e-01,-5.494124527993086288e-02,-4.447464565190735464e-02,-8.496446416710926042e-02,-2.397368984947037540e-02,2.494167706382871899e-02,-2.693900627492578151e-02,-7.161264848150886847e-03,1.338700174319105464e-02,5.541929439900712684e-02,-1.446350876403757618e-03,2.986781741088322464e-02,5.147336669097472145e-02,4.056367564931309677e-02,2.490577588855764565e-02,2.031617378072733335e-02,2.039066665387510857e-02,4.758102735637195074e-02,4.003626827283830042e-02,2.155261812899575066e-02,4.369390013143002738e-02,4.580943205418338410e-02,5.687220516680965149e-02,2.966369925419092349e-02,-2.077825712464116681e-02,-1.371488416170776740e-04,2.231691106966924090e-02,-2.341475914691281204e-02,-3.693834760741557949e-02,-1.938866561939410135e-02,1.317214729444585869e-02,2.703474814057729714e-02,-1.534962679561592070e-03,1.462576123048876450e-02,2.409958952228405393e-02,6.529464954081919126e-02,3.740734971870142422e-02,1.058150434887834140e-02,7.682625127745979811e-03,-1.116742665026301991e-02,-3.690252345424751938e-03,-1.063628692835603615e-02
2.961775410560753621e-03,-3.758855134250143303e-03,2.734915755017460273e-02,7.141880468213586408e-02,3.633666481421150146e-02,4.376785681152023377e-02,1.378148113665914609e-01,5.813747090557801200e-02,1.555125908562520198e-01,1.918957130899303365e-01,1.925715472300754683e-01,4.017743795321872535e-01,2.402877020618634785e-01,2.703919622247168975e-01,4.994079233608624824e-01,1.576556686194520718e-01,-2.432418791765805222e-01,2.136518530344758138e-01,1.000000000000000000e+00,5.006824665868684354e-01,-1.050470819384167198e-01,4.234562864189581055e-01,6.647089068403032319e-02,-7.377519319404492182e-02,-1.371712878350682396e-01,9.764566975811420080e-03,-5.516179284339448735e-02,3.608152887093823979e-02,1.342229982011670653e-01,1.032253192145158038e-01,1.425963150041225924e-01,7.741702821400352208e-02,-1.502287115609887529e-02,-1.372048761554399247e-02,2.000180000059729665e-02,1.933972362053088673e-02,1.782976610896199647e-03,7.291989343376162162e-03,4.311157543716056910e-03,-1.069510369026329018e-02,2.006644850681736994e-02,3.124416235552131271e-02,4.930941455417428565e-02,4.971221184398346565e-02,4.113554755784711026e-02,1.277703475078257808e-02,3.547228210461701031e-02,2.165858515842080528e-02,5.946286009523931576e-02,4.183320467012499599e-02,5.519396619818652677e-02,2.280989152768568909e-02,5.479031335429428856e-02,2.112357336084246667e-02,2.900659406884385089e-02,1.667686659577548997e-02,4.814227856460791960e-03,3.271966269822389889e-02,8.329981703985078756e-03,3.301272066651446402e-02,5.441899969097233752e-02,2.075159070089897459e-02,3.864148524154839559e-02,1.207923466128391944e-02,1.571080646280127030e-02,-2.608943287533737818e-02
1.567559722354785676e-02,8.780375592485891931e-03,3.458262401352529131e-02,2.927018720376874800e-02,4.689859213352546435e-02,4.498966382449005180e-02,1.153059323888262350e-01,5.507928480942507476e-02,1.263121119180039831e-01,1.483222296654210515e-01,1.071514251668382739e-01,2.853856963971622696e-01,8.551719324629111774e-02,1.545625487784623442e-01,3.708906069832039742e-01,-2.110637235809321652e-02,-1.996122276007502305e-01,2.838609186821628994e-01,5.006824665868684354e-01,1.000000000000000000e+00,3.700618715333386377e-01,4.356720171498538741e-01,3.016033538868225644e-03,-7.476290462840645690e-02,-1.162971348816507350e-01,-9.439220079973215452e-03,-8.558838412822504516e-03,-4.065134766670236433e-02,6.627454434636301239e-02,6.568402449939392262e-02,6.318551498315187753e-02,6.481770288485064202e-02,-1.268144498145010873e-02,3.406614768670966631e-02,9.818919199933835718e-02,7.203888493507380753e-02,4.954510331475865670e-02,4.159441711966174043e-02,2.401652886301279544e-02,1.904394215589680361e-02,2.121982596081531738e-02,3.376039438110985114e-02,5.863848218795476852e-02,5.089256850859127934e-02,4.984352959546795719e-02,1.839816170604268580e-02,5.772309495924931450e-02,3.490978038502665776e-02,3.612966822152112456e-02,2.637957185557115655e-02,2.886225214428370101e-02,1.354613213293634662e-02,4.733691567343492439e-03,-2.949488256061606056e-02,2.748243841960482711e-03,-2.101758208434912137e-03,1.229194321543512769e-02,1.794861159140721460e-02,-1.252239268102186762e-02,2.376172888989620466e-02,4.089216535701851313e-02,-3.412333460086756486e-03,1.835186588795394841e-02,5.771675657889870602e-03,1.049267831727864614e-02,-1.634977614346148564e-02
2.471639418922390655e-02,2.174291854524140408e-02,1.902916085374713531e-02,-4.383434560640112748e-02,1.308186398797072693e-02,-8.199660423310448001e-04,2.134500468641743059e-02,6.527470962569534123e-03,3.572666236373865656e-02,1.378264715966759021e-02,-7.214907752542561170e-02,6.492028164637034856e-04,-1.044964392052881164e-01,-9.220921477322159554e-02,3.956312630217763415e-02,-1.609844271314918585e-01,3.353307208515997340e-02,1.939129499101318599e-01,-1.050470819384167198e-01,3.700618715333386377e-01,1.000000000000000000e+00,2.224179178585996286e-01,3.791455785483642104e-03,2.860340191472462296e-02,-4.914325083845438175e-02,-4.716055947195083031e-02,4.527632018201062369e-03,-1.118898556949520229e-01,-6.020240741113127431e-02,-9.577364515589431712e-04,-9.185819459148937549e-02,-6.184286740497981286e-03,2.094975930801872346e-02,6.179368745736330687e-02,8.700893587228331061e-02,1.043714080308954101e-01,9.204681695360210358e-02,7.161365805013046593e-02,5.760810659235936215e-02,5.964426522837314171e-02,2.455245569592072116e-02,2.403660762134324572e-02,3.275501025816821010e-02,3.315098346730487727e-02,4.254269872427754451e-02,5.266107477708924234e-02,6.305429374925473895e-02,2.767144277491452586e-02,-3.985854142482887948e-03,1.963825367620951681e-03,-1.525942253248996350e-02,-1.827420111658252522e-02,-4.009574395098196992e-02,-5.088231434739988457e-02,-2.091744424348726712e-03,-1.144357318163721250e-02,-2.021566608714615160e-02,-1.686775816823490870e-02,-3.393985757299482642e-03,1.539607424908036619e-03,-5.286730756446155616e-03,-2.744974108017577373e-03,-1.175080033569321850e-02,-8.365152694786629969e-03,-2.262125128623335753e-03,-1.471421352905285607e-03
1.303270549024064182e-02,-2.197317129297260679e-03,2.313516660424603730e-02,4.118916966286637754e-02,3.168141606968353369e-02,4.838057731889926216e-02,1.243532013714332696e-01,5.389218695935125286e-02,1.253560710762131880e-01,1.570265084731412020e-01,1.150246903681497596e-01,3.010826769620082444e-01,1.978084732590951744e-01,1.533313166990599719e-01,3.909539116027557215e-01,1.030669621500307082e-01,-7.596975198599123513e-02,2.647487066946049294e-01,4.234562864189581055e-01,4.356720171498538741e-01,2.224179178585996286e-01,1.000000000000000000e+00,2.111587147295319600e-01,1.060600681741967477e-01,-1.339228826175388465e-01,1.072623053007538546e-01,-6.838367194454461791e-03,3.198065663591789787e-02,1.064836685109349923e-01,1.235073746971233483e-01,1.228974505509091431e-01,6.598225691461592768e-02,8.138384358140970248e-03,3.758022240690289499e-03,1.304214300751661143e-02,9.626284626453980586e-02,7.047806586870349055e-02,1.057082732298531419e-01,6.137991413043560052e-02,5.934635983883331661e-02,7.319692507256982117e-02,6.401975060982105503e-02,5.141480933840281153e-02,4.596980364538184177e-02,5.046622386330428672e-02,2.910458948776046065e-02,7.554269195005247628e-02,4.330239102643464177e-02,4.574975033881511360e-02,6.592574432702302811e-02,4.775120035972935800e-02,2.817334802592617524e-02,3.729994327654832798e-02,6.518227069194878695e-03,2.815112571625351737e-02,2.609320730539202091e-02,2.343168295991561109e-02,2.537146670834157167e-02,1.585921440707754176e-02,7.902818530118120230e-03,9.329214568108683964e-03,-1.704395838140553357e-02,-1.273887688452294067e-02,-2.584144878214698904e-02,-2.300732799259833095e-02,-3.186759677336552937e-02
1.467773200199163491e-02,1.772445046490835063e-02,2.762417161683254282e-02,1.433866560188902864e-02,1.133034218068686670e-02,2.304175632596412032e-02,2.869581825571146730e-02,2.731260107566750236e-02,2.336024386306189554e-02,5.250395194488807760e-02,6.598898088355155400e-02,1.080894990964612890e-01,1.890921805009264101e-01,7.591886570278819080e-02,1.075019103349366678e-01,1.895419561700826538e-01,5.075684108150367579e-02,1.850279588202463979e-03,6.647089068403032319e-02,3.016033538868225644e-03,3.791455785483642104e-03,2.111587147295319600e-01,1.000000000000000000e+00,4.920569418295261399e-01,-1.625504656034014728e-01,3.254394450349815671e-01,8.003946958052642058e-02,8.648165620045833446e-02,2.557597775463399219e-03,1.159362634990587920e-01,7.309036435506391371e-02,3.937288075814458083e-02,4.385438163471459816e-02,-1.400623998235222406e-02,-1.231321392227284484e-02,8.128742519258091992e-02,1.368122262688074853e-01,1.249987160113522344e-01,6.475781547386799675e-02,5.123911303462268252e-02,5.260377795712720128e-02,3.607365745684496666e-02,6.334412396657411112e-03,-1.150090466557764438e-02,-1.154519595174165712e-02,1.006285907507471072e-02,1.480871993535145398e-02,-1.284331249151674653e-02,4.712332755985567181e-03,4.064924738973364760e-02,1.396180001782664111e-02,4.075141259550250916e-02,1.912616258662890728e-02,4.877462425641612177e-03,1.411043773412353278e-02,2.134393219833528171e-03,1.204714348437054862e-02,-2.065840138838491696e-03,-1.186861908957363189e-02,1.789097351534978467e-02,2.641483244749279202e-02,-2.368701038435491388e-02,-1.515165741887704483e-02,-9.597986745776320230e-03,4.952667495131145292e-03,-8.882262132367448743e-03
