1.000000000000000000e+00,2.723737238959870188e-01,4.858215892028308613e-01,-7.679801072373865223e-02,-1.953973265690655547e-01,3.975729039748530091e-01,2.587534910932099419e-01,-2.858028505342696812e-01,8.634160468702429397e-03,4.569736924970712044e-01,-3.133129204005975776e-02,-3.073543682152507506e-01,3.396386053552205575e-01,3.306291473594387686e-01,-2.956451826308195696e-01,-1.444335451928508707e-01,4.173071712498651609e-01,9.390804447555584078e-02,-3.219066135130121409e-01,1.863924762223324316e-01,3.968153345323578995e-01,-1.123047532404118226e-01,-1.224383938884119200e-01,3.911573143954896747e-01,2.171363523342218771e-01,-2.778097775036946215e-01,7.942861360842219665e-02,4.497868333159450449e-01,-5.161529045321548020e-02,-2.305524420757161519e-01,-3.893854796252047001e-01,-3.293414136667531800e-01,-3.757962372709852672e-01,-2.555405599410095485e-01,-1.629558099342739430e-01,2.675857927849831785e-01,3.023966549098092704e-01,1.298099123600304217e-01,-6.476069399901018819e-02,-3.085867647828769312e-03,4.784353091990920827e-03,1.644789412449960964e-01,-8.641274994157707723e-02,1.514491127183264230e-01,-1.203762705050766962e-01,-1.272500141438253837e-02,5.318545767706465976e-02,1.094745884386565116e-01,6.708366474102041288e-02,1.003734441312835735e-01,2.818455956953776487e-01,2.437028391185686038e-01,-2.720176982270898214e-01,-8.281674878521346535e-04,4.461002159723804206e-01,5.739066357116176173e-03,-3.129594404836176791e-01,2.167238796841601256e-01,3.907711412429563103e-01,-2.175267094200267759e-01,-1.801628057007170769e-01,3.921788198552504379e-01,1.765407517916567914e-01,-3.221367634035266492e-01,4.667450074611938921e-02,3.798706090100073540e-01,2.387043625455913809e-01,9.625200820636795052e-02,-3.637800291289262078e-01,-8.024466565841908983e-02,2.976077634153847518e-01,-4.181952270381241593e-02,-3.408316978500157690e-01,-2.229918558610469170e-01,1.777850879443814425e-01,-4.454663187768129196e-02,-3.737395246910960034e-01,-5.929052737472492035e-02,1.538008133274325617e-01,-2.280898687095158361e-01,-3.183206127692738696e-01,1.114489610044075152e-01,-1.122936736565347121e-01,-3.665567881978744613e-01,-1.773391546069593427e-01,-9.766200180766049233e-02,-2.512774254972418020e-01,-1.898819474843431165e-01,-4.585359236926052351e-02,-1.920575657719824358e-01,-2.788684046531348382e-01,-2.423355728111717122e-01,-8.493002008122885194e-02,-1.351929941576903715e-01,-2.091799399039043772e-01,-1.174453811671113262e-01,-1.369880388010456529e-01,2.769066177143525986e-01,-4.168873077259026456e-03,-2.221312327756921889e-01,-4.001182558571109160e-02,-1.207973006529488857e-01,-2.381110538422854042e-02,-6.506399897166208202e-02,1.367885352264526511e-01,-4.547023109253872653e-02,9.046780943931920227e-02,-4.242164512048814118e-02,2.980000566211619267e-02,-2.335292332056823975e-02,3.565440618160982400e-02,2.483953617235086231e-01,-1.383780433277509783e-02,1.539021346893919839e-01,1.043623542740856475e-01,-8.657172170170808478e-02,-2.013338178997101657e-01,4.425248388621144668e-02,-4.401687488857058267e-02,-5.172936246531353172e-02,2.881623176527363106e-01,1.515335474929565551e-01,3.330238899657882445e-01,3.245467675049545364e-01,3.778180394502072548e-01,2.649944621390216692e-01,3.419795799079775045e-01,3.254059263985062955e-01,2.790340105416017069e-01,3.959005666911742938e-01,1.052098898056426785e-01,1.524974822164311128e-01,3.624582986827412090e-01,2.552775328446930669e-01,4.384006574103939402e-02,1.969118786200950155e-01,-2.418568821681275557e-02,1.091357635604367354e-01,1.961693230652163389e-01
2.723737238959870188e-01,1.000000000000000000e+00,1.085667259064634904e-01,-2.792093817532538824e-01,3.064168909429952348e-01,5.530926586604710815e-01,-1.798057524226223947e-01,-1.919025099777829646e-01,5.028329309055109553e-01,2.813175475938353709e-01,-3.398181939795728579e-01,9.209462497718319540e-02,5.447851079407347585e-01,-6.064210894850408096e-02,-3.722886723138966181e-01,3.171142640573625382e-01,3.891913574746500015e-01,-3.001802824331418207e-01,-1.209225300586992541e-01,4.897457862934773698e-01,6.946677683023554095e-02,-3.853644139850451178e-01,1.934696282894742825e-01,4.235121081269636600e-01,-2.420296357454239933e-01,-2.787829321961083906e-01,3.947514119879434458e-01,2.080612036732726045e-01,-3.983946137896524076e-01,-1.442571315294501229e-02,-2.808665748808865659e-01,-4.601353514273410356e-02,-1.335657048220990073e-01,-3.137912140570234265e-01,-6.372743414498713288e-02,3.119749209583980165e-01,-2.709284134227425700e-02,1.240495280463704414e-01,1.437727614074399141e-01,5.070365395037137318e-02,-5.022815542000087785e-02,-1.559054236813959271e-01,-3.412451037341353577e-01,-1.968992926798192045e-01,-2.689086190191544712e-01,-2.176669915589881099e-01,-1.059085275950427257e-01,4.324179361831227003e-02,8.050145624082617746e-02,1.567212211856791604e-01,1.255606491674784442e-01,3.277907790110082820e-01,1.703858070378539979e-01,3.420007888916913596e-02,2.101572673631218746e-01,2.676818170445073308e-01,6.420603364184229722e-02,6.503666630779010582e-02,2.844345816406713690e-01,2.002567985787396809e-01,1.310214962675690896e-02,1.539077090346168131e-01,2.953240452168625629e-01,9.799969008396890169e-02,3.363137986852338113e-02,1.247483310598387074e-01,-7.221368698197207225e-02,2.858822285693440879e-01,-2.382982338113983356e-01,-4.213626607914686684e-01,1.117012281161205295e-01,2.091768489714563306e-01,-1.385404601706232974e-01,-3.683438655820113761e-01,-1.270183098727099280e-01,6.586335442196211698e-02,-2.093458249813197336e-01,-3.178225040514430777e-01,-1.583462305454892347e-02,-5.900986707658832132e-03,-3.410371998347930256e-01,-2.029525478282075968e-01,-3.468237751592789103e-02,-1.840519881559863069e-01,-3.225575568120352399e-01,-2.319708592793272295e-01,-1.137413246347413059e-01,-2.544149228592998968e-01,-2.217117597368411727e-02,-4.833098838454699675e-02,-2.067660993475569642e-01,-1.419626698589672442e-01,-2.187086034448064778e-02,3.158905644692320408e-02,-8.171707911895041698e-02,9.173582619510563252e-02,-1.859045433744744014e-01,5.681108239817891925e-02,2.476405986493152300e-01,-1.152982998672656550e-01,-1.582670487518523517e-01,-1.261367723252665440e-01,-9.471419193880524501e-02,-1.059459484654896866e-01,7.234866801382738855e-02,1.637876414416518378e-02,1.187044363035971994e-01,7.575175354845709030e-02,1.174991942842668197e-01,1.895567376686567995e-01,1.087434266794015392e-01,2.409566335216563604e-01,2.368847093251231495e-01,1.089060096955883350e-01,-8.237906092981224504e-02,-6.105277453664975651e-02,-2.344376054617661742e-01,-1.232465021115753678e-01,-4.191144094631801126e-02,-8.204382528917596173e-02,2.492559866633439411e-02,-7.333895545203501787e-02,8.466021966384007502e-02,1.110393886947634856e-01,2.245388371981793529e-01,7.257014738176524593e-02,2.370931933560087301e-01,3.108474380092686729e-01,5.723624694410290453e-02,2.878573808424930713e-01,5.563777821269221685e-02,3.213175624208507442e-01,1.693145211569631048e-01,-2.526678149142955448e-03,2.920177877510818920e-01,3.534839835049092827e-01,3.262301988710558098e-01,1.891949713498790597e-01,3.145337971962700041e-01
4.858215892028308613e-01,1.085667259064634904e-01,1.000000000000000000e+00,6.239430416628539977e-02,-4.791828736002464173e-01,4.908244906391130424e-01,6.168704569241626468e-01,-3.697488349761807735e-01,-2.372315457788007065e-01,6.740575351747446486e-01,1.746655513158417439e-01,-5.628922758701726536e-01,2.618066297182186641e-01,6.180383934155276870e-01,-2.580492724733677301e-01,-3.834498096510255971e-01,5.159356441677683813e-01,3.506965857256225116e-01,-4.269949530234693480e-01,3.880734113167404881e-02,5.996852972350638078e-01,3.234704493020371802e-02,-2.556962838922895997e-01,3.625147653740501963e-01,4.228346789273759732e-01,-2.441873105503328811e-01,-6.865814590415145191e-02,5.361974922182731751e-01,1.482756689493386348e-01,-2.617194305315177494e-01,-3.230591338363497100e-01,-2.887843962706098666e-01,-3.674025755095534085e-01,-1.083468696546941723e-01,-9.247742553389577680e-02,2.565796277963325323e-01,4.039794064297816401e-01,1.589655478627697571e-01,-7.868871794881748816e-02,2.393989330410352737e-02,9.660004997189568232e-02,3.267867813142175670e-01,1.546607989614747457e-02,2.919897077332394564e-01,9.089585204402843288e-02,5.508626731955211520e-02,-5.276299239099788846e-02,8.594382382260423725e-02,8.540745485866120534e-02,6.607379667078613905e-02,2.307134938477415076e-01,2.736207884468716545e-01,-3.860387143033406909e-01,-1.399043825346185099e-01,4.710158995802612991e-01,6.533788934940975342e-04,-4.650392724057970106e-01,1.313247826982414102e-01,4.330520617875874279e-01,-2.844604778791538502e-01,-3.350182436015865517e-01,3.730891697295724008e-01,2.041443065945637292e-01,-4.403125896812611351e-01,-9.542248805577520365e-02,4.052198219842337301e-01,3.329615226137271344e-01,-1.229281463646167243e-02,-4.220740197639172853e-01,9.093825077664666190e-02,3.670569718362044487e-01,-1.824121552222934539e-01,-4.138755695036504534e-01,-8.074447847958793334e-02,2.900375378743238475e-01,-1.645277161286843870e-01,-3.991910564035809905e-01,1.241742473423064902e-01,1.762550829893496651e-01,-3.688554719533422843e-01,-2.293984865855337174e-01,2.805586951365163784e-01,-2.224096583845830144e-01,-4.148556088271205256e-01,-2.358817137092580202e-02,1.075701052101597256e-02,-2.278452683010629420e-01,-1.753689300696600895e-01,-5.109185241113178844e-02,-1.748471394452583427e-01,-2.353312096051155267e-01,-2.392217570972241247e-01,-2.172769423313624937e-01,-2.142607854753403873e-01,-3.180317849656966733e-01,-1.774304829357141455e-01,-1.792880890969905938e-01,2.859209716896667919e-01,-6.459358561844268098e-02,-2.469407029835578027e-01,-8.415174547648733572e-02,-1.003137697728212485e-01,-6.796588470919730403e-03,-1.251301996275046291e-01,4.371953970300895831e-02,-1.159698750324794359e-01,3.690963444778883051e-02,-8.025860269675573477e-02,-5.090234606450876748e-02,-1.470942364776044176e-01,-1.387071345102617315e-01,2.177023302873654642e-01,-1.052497771094324103e-01,1.471376073483097180e-01,1.281275129597785334e-01,-1.338444814593809651e-01,-2.369091443249350115e-01,5.627742502758290716e-02,-3.994738997707215911e-02,2.307790871436206370e-02,3.639458767257137128e-01,2.522288992879732072e-01,4.323787897265787827e-01,4.838782796845939038e-01,4.531601240014216936e-01,4.093831187192866761e-01,4.179536449022702160e-01,2.920535416232192816e-01,4.619298418894466352e-01,4.379521637598448591e-01,1.178798919178773580e-01,1.357186077744261254e-01,3.547917024568428834e-01,3.835388828870417433e-01,9.976046881871849983e-04,1.191719080628467625e-01,-7.946310363416060618e-02,1.120486357722062370e-01,1.274125445907717535e-01
-7.679801072373865223e-02,-2.792093817532538824e-01,6.239430416628539977e-02,1.000000000000000000e+00,2.368135283565861796e-02,-3.662371471332035999e-01,5.256284957467891594e-01,5.839479250017033385e-01,-3.564262564994325477e-01,-6.623195382396250552e-02,7.232466913938515596e-01,1.520617453949466014e-01,-2.802704537041152966e-01,3.309621267932876809e-01,5.611503620144631110e-01,-6.818171625971761185e-02,-9.776083416074528298e-02,5.109291578862292793e-01,3.519641180091223620e-01,-2.139880917644413905e-01,1.066906817967418764e-01,5.285124941976262480e-01,1.674005643084627293e-01,-2.146790482021419255e-01,2.739915216034709000e-01,4.768552189169375510e-01,-5.214606274249455192e-02,-7.537403434415516912e-02,4.287489163134558523e-01,3.308434698506380056e-01,1.052530216057527002e-01,2.393065070179106746e-01,1.055376550065945662e-01,3.754400112257088029e-01,3.294799721169670015e-01,-3.156522414217022288e-02,2.759049960040872995e-01,1.002194539775782267e-01,-2.064211987484347588e-02,2.139146908425275662e-01,3.542855009942742495e-01,2.961700062070179995e-01,3.395840478054207856e-01,1.419451862516259988e-01,3.581201604083300571e-01,1.159228844646435254e-02,-1.702162674604764947e-01,-1.586593253890198618e-01,-1.949757267267179517e-01,-3.519252650878353372e-01,-3.324345042185793409e-01,4.145108962802398350e-02,-1.492494294556832857e-01,-5.109426315226185400e-01,-8.966593682624503237e-02,1.523908387485254090e-01,-3.309343196637191120e-01,-4.458503247813720427e-01,7.640215273202917434e-02,2.540669364169423697e-02,-4.751292679014233467e-01,-2.736133893007459683e-01,1.845275631608875311e-01,-1.698957268072472104e-01,-5.064167224138533818e-01,-1.398017571057217356e-01,-6.550173685602891926e-02,-4.301348901327344265e-01,-9.214263767929564697e-02,2.439382671871862251e-01,-1.710808028530279301e-01,-4.344823187801937769e-01,-1.543698062364546875e-01,2.999955320318837271e-01,-2.347501902059324214e-02,-4.201158849852397736e-01,4.671564123269821706e-02,2.858593567787933165e-01,-2.678277344105610136e-01,-3.090401184209529695e-01,2.625823941097473746e-01,1.082431139139821280e-01,-3.991245906071995697e-01,-2.889099879691645750e-02,3.204562666859353537e-01,4.904343362584454025e-02,1.876212354347837896e-01,8.768198017810822920e-02,-2.103802306470641537e-01,4.438032912542184266e-02,1.451700582543456186e-01,-1.575951221173806371e-01,-2.338616289213923671e-01,-2.425230613528197576e-01,-9.147168759285470574e-02,-2.970083440501438687e-01,-8.167480671416280091e-02,-1.584659909803045885e-01,-3.557700313330369180e-01,-1.621561559692151211e-01,-1.189619036407041641e-01,-2.873368379431975317e-01,-1.912239149533891125e-01,-1.735662238975587378e-03,2.736778278649765750e-01,7.737927576122463624e-02,2.039421957970220523e-01,-5.401945045505283233e-02,3.212758323444195319e-02,-9.277025501712975186e-02,-2.515678914830614676e-01,-1.147305340532464857e-01,-5.274151277680224660e-03,4.644150546891573361e-02,2.569414508077858539e-01,1.977305122655761416e-01,3.490319561393388503e-01,2.372931834851433608e-01,2.607864501280304226e-01,3.558125279730799395e-01,2.452261296157775272e-01,2.962654459364379433e-01,1.961308390029982140e-01,1.490504832527739520e-01,1.969268484770045347e-01,2.755352645582210269e-01,5.587120774119205130e-02,1.585247912492838140e-01,2.869628936228628135e-01,-6.626811483343428288e-02,3.613838804987067888e-01,1.040485827217171866e-01,-2.245834283314680491e-01,3.460055454236522499e-01,1.661909255388948903e-01,6.457171865409745692e-02,3.333230722316087025e-02,2.971091247084113318e-01,-8.476459798692645431e-03
-1.953973265690655547e-01,3.064168909429952348e-01,-4.791828736002464173e-01,2.368135283565861796e-02,1.000000000000000000e+00,4.953709903073022329e-03,-4.850183332324913277e-01,4.651300249195801095e-01,6.188960465444912629e-01,-3.376026797312447481e-01,-1.552837919151046908e-01,6.896333620692026711e-01,2.232494849051966379e-01,-4.786704310851614408e-01,1.009884484670932753e-01,6.768129731135652527e-01,-9.251905407322688624e-02,-4.059187546511860978e-01,4.367466887674846254e-01,4.033583947350665722e-01,-4.283370132899227412e-01,-2.002880216516904066e-01,5.486318607945059878e-01,1.120059074700446335e-02,-5.275858337409331522e-01,1.717560831012913125e-01,4.827504921371060242e-01,-3.233216230453748175e-01,-3.579558946282647147e-01,4.035621787707659447e-01,3.164878706873913011e-02,3.523470030040212753e-01,2.396144493763799899e-01,-5.217493075632519822e-02,2.085195511139695257e-01,9.941569217713194795e-02,-2.901694757114928191e-01,-3.923128491875078894e-02,2.284214865959804108e-01,1.210630283920779149e-01,-5.976100446245848248e-03,-3.250243948626683754e-01,-1.923298848569217900e-01,-4.020152179435685924e-01,-1.859933386177455017e-01,-2.653896686730464194e-01,-1.337368135725628682e-01,-9.131193546842569786e-02,-9.953729719791477859e-02,-1.252112268944134132e-01,-2.994392837085124714e-01,1.110431708911127358e-01,5.132254961009459215e-01,-9.541016629985393793e-02,-2.746428844875127284e-01,3.999394062472391154e-01,3.728020850009817755e-01,-2.969740505067617331e-01,-6.480210685623111200e-02,5.366576878792274075e-01,1.037801477759486279e-01,-3.335153027896610722e-01,2.298787592932421686e-01,4.699767724304803607e-01,-8.268838566052544303e-02,-2.894785268800593170e-01,-4.815770416571064083e-01,5.469527237112157408e-02,1.188896010605429154e-01,-4.000225334498115903e-01,-3.571182682179844803e-01,1.529095519394912950e-01,1.941014998520495249e-01,-1.482902520629080512e-01,-4.629560209321360031e-01,-1.213655360294152701e-03,2.067719631921282886e-01,-3.297669909726741455e-01,-3.626583707258286271e-01,2.100792071593568788e-01,-9.762155921249174610e-04,-4.595683389786580642e-01,-4.023936241016892040e-02,2.618384322302532152e-01,-1.885770614838808146e-01,-3.220874577433527897e-01,1.434866515724377567e-01,-9.289382649415174609e-02,-5.381279082144396070e-02,1.290939694103493962e-01,1.664962753316194533e-02,-2.964165065599641546e-02,7.306300248685361487e-02,-9.119202988485787878e-03,1.869195645920947446e-01,7.685682890082271013e-02,-1.424153394220567248e-01,-3.076743962949796130e-01,1.773530155377545658e-01,-2.505393785720343505e-02,-1.213295802306121468e-01,-1.670965207862934176e-01,-1.872150945314675907e-01,6.714010713744283931e-02,1.647360851356907407e-01,1.747368981308780045e-01,1.594418894986185664e-01,9.267931604961129888e-02,2.118042520837577769e-01,2.661065921262595335e-01,7.418633676856542514e-02,8.322702199856230054e-02,3.088698288809602621e-01,3.463332464789718040e-02,3.011047923275786062e-02,2.361104323852217524e-01,1.772175691968222444e-01,-8.358477634611987533e-03,4.076057161286638503e-02,5.755375502926312475e-02,-1.479785516070361018e-01,-1.789400170884730967e-01,-1.611035130049708330e-01,-2.786021559314086349e-01,-5.788095422389050171e-02,-1.488544261878655406e-01,-1.407391360421343662e-01,1.434885690238777989e-01,-2.029757638292130351e-01,-1.666063296057409548e-01,1.707489575821463101e-01,2.913722049133019576e-01,-2.938433445239588826e-01,-1.928036173171430723e-01,4.008046241807569632e-01,2.721074521743217511e-01,4.635754074032992778e-01,2.126363548667291326e-01,2.165391460579002836e-01
3.975729039748530091e-01,5.530926586604710815e-01,4.908244906391130424e-01,-3.662371471332035999e-01,4.953709903073022329e-03,1.000000000000000000e+00,4.298675480460280307e-02,-4.823422226259852508e-01,4.177601825471331520e-01,5.799823759342130902e-01,-3.843932195188956014e-01,-2.345779809211513411e-01,6.423008832952731284e-01,1.511606081860538686e-01,-5.725424652314181628e-01,1.008480113359037644e-01,5.809964189495896436e-01,-2.181291767796326164e-01,-3.841143242105016231e-01,4.690232650888909727e-01,2.955007075800201166e-01,-4.314425377455074484e-01,4.776727178067226472e-03,5.584849873033350676e-01,-7.058937673353798958e-02,-4.419076685295237894e-01,3.138173379758383286e-01,4.219038389102143238e-01,-3.561893419116828330e-01,-2.072379329774612089e-01,-4.131805928788614968e-01,-2.242775779287285443e-01,-3.011157333097729261e-01,-3.805813879465941851e-01,-1.675305372279721483e-01,3.937386897083824944e-01,9.579680652472266633e-02,9.842501093217968788e-02,8.844619923434075826e-02,1.796376326815369434e-02,-9.424084234653101744e-02,-3.224973039485257154e-02,-3.203952559612564532e-01,-4.147384731826703197e-02,-2.487657288043856052e-01,-1.583900985484471280e-01,-8.021638620867542480e-02,1.492270653329872410e-01,1.369085444192809087e-01,1.706565706354747358e-01,2.519434024225624125e-01,3.894187817635521576e-01,1.485739777282590358e-02,7.338927027159332372e-02,4.021666417572878349e-01,2.052312761901868565e-01,-6.744117221390454053e-02,2.061094023397098685e-01,4.144924512462227484e-01,5.085849535635039026e-02,-2.540027698035923764e-02,3.580573036651376606e-01,3.020393146396518902e-01,-6.024098857048036659e-02,1.188866378239440691e-01,3.139102742655116574e-01,8.697691005540628129e-02,3.188060003292588762e-01,-3.552621433201043621e-01,-3.869411887669896855e-01,2.817134948309788500e-01,2.090696327047588121e-01,-2.485840379863984428e-01,-4.211883268370297806e-01,3.530664792756597545e-03,8.225276372521361790e-02,-3.603219076561835488e-01,-3.003745165120301763e-01,1.127896198401017597e-01,-8.705847690448570431e-02,-4.594202495516041540e-01,-9.279889738980791336e-02,-5.068791650097771717e-02,-3.003992392922792964e-01,-3.654235196492834348e-01,-2.431290522127952936e-01,-2.261154842651865171e-01,-3.468288452177455961e-01,2.654519046783870764e-03,-1.010251994350340188e-01,-3.269849639263952001e-01,-2.270163190960980404e-01,-5.015005604082102553e-02,-5.259529900207057102e-02,-1.414128098252065702e-01,7.277094826427284169e-02,-2.341784069316564798e-01,2.249455342929051749e-01,3.201864383562741945e-01,-1.561108581658572081e-01,-1.100521500882890857e-01,-6.933747898029743451e-02,-3.169246165378435814e-02,-1.193016186312790133e-01,-4.908174299656576853e-03,-5.384566410657331409e-02,3.112945214829184598e-02,2.069860091078747771e-02,8.941374980946714679e-02,8.355739090495037380e-02,2.539622154339756660e-02,3.656482917810595645e-01,1.149132354006518475e-01,1.555849181613492005e-01,-5.332846108039301924e-02,-1.466153296840819464e-01,-4.123963805015468109e-01,-1.259725352566579415e-01,-1.642474741732921351e-01,-1.675147876678576009e-01,1.419641325047410196e-01,-2.381076349048574792e-02,2.534616724162802037e-01,2.854884288837045148e-01,3.671984739496923500e-01,2.020068823939303870e-01,3.730930620344029003e-01,3.472082732524566229e-01,2.058936385622842369e-01,4.626109299875296732e-01,2.504721618734918540e-02,3.245293765645442807e-01,3.499761803320444731e-01,9.717977728051752084e-02,2.153360527795321055e-01,3.097651455539667809e-01,2.370888387677111686e-01,1.273926263649410862e-01,3.073915406538001438e-01
2.587534910932099419e-01,-1.798057524226223947e-01,6.168704569241626468e-01,5.256284957467891594e-01,-4.850183332324913277e-01,4.298675480460280307e-02,1.000000000000000000e+00,3.763852444042360430e-03,-5.386249565370241355e-01,4.799342104569622736e-01,6.173750601059343479e-01,-4.237720964062525186e-01,-7.488983446793646970e-02,7.206029566562942579e-01,1.800221078957586485e-01,-4.589948303592648049e-01,2.747654411809467567e-01,6.556413366775732943e-01,-1.454514995259651444e-01,-2.189830549034681717e-01,5.481278813510754855e-01,4.210152920467004622e-01,-1.703197991897647257e-01,7.689709583331463816e-02,5.579295562572453848e-01,1.315353530315691855e-01,-1.826335165311407660e-01,3.503907491286483156e-01,4.524322197041677485e-01,-4.398307730319472170e-02,-1.223125153213531768e-01,-1.013777887296923169e-01,-2.092704456114727052e-01,1.818225881367954988e-01,1.154805303633097552e-01,1.268986754868084155e-01,4.751749503226553872e-01,1.907593318966083751e-01,-7.957013960860132018e-02,1.431101995589804943e-01,2.751717697343643576e-01,4.629326720575425158e-01,3.063617815306571290e-01,3.538566124101208965e-01,2.995717538779485989e-01,9.895862893958970452e-02,-1.269070925368153691e-01,-2.218736325288389599e-02,-3.045685915342435240e-02,-1.581504981598367832e-01,-1.699199798331256853e-02,1.831123678988715031e-01,-4.492987886435890199e-01,-4.104217824450167029e-01,2.925825626465322071e-01,1.661061588960572460e-02,-5.919082979061487393e-01,-1.501806490243347836e-01,3.331380482076948257e-01,-2.746833023924369899e-01,-5.467613493735080654e-01,1.199965001794711383e-01,1.995026251600660883e-01,-4.888625229331138855e-01,-3.680795723121837448e-01,2.390179035503011695e-01,2.913966737260059170e-01,-3.147230619495177129e-01,-3.764093169666044014e-01,2.948956023246355196e-01,2.240762003099115163e-01,-4.212969394948172797e-01,-4.173574201728067479e-01,1.662459853479908156e-01,2.718649495479731892e-01,-3.744313105770445405e-01,-2.769059136646648822e-01,3.325759830130680106e-01,2.156171690899622712e-02,-4.896299890617049622e-01,1.834118370233069062e-02,3.534992364604344073e-01,-3.840620790645713489e-01,-3.316306763183611839e-01,2.323957240936384006e-01,1.067532110235555887e-01,-6.382871245977125851e-02,-5.043133568684919632e-02,-1.250176796781758970e-01,-9.989311899770575431e-02,-7.864753280897020249e-02,-2.300481773105261529e-01,-3.137324092259334840e-01,-2.820659530984930274e-01,-3.036881242630736222e-01,-3.074686887451009709e-01,-1.220227129766155716e-01,1.682802895782549990e-01,-3.155459002019348480e-01,-2.067693921677924429e-01,-7.535644001479246956e-02,-1.946570900109472479e-01,-4.438525897806130244e-02,-1.230948684492967210e-01,1.660676082836843037e-01,-9.179740045238443669e-02,1.069647913422974300e-01,-1.153884693324023908e-01,-9.845606000509933564e-02,-2.144293245853640673e-01,-2.484902184546903814e-01,6.198515357588429281e-02,-1.579970844979853573e-01,1.334428552838850257e-01,1.902513841533333971e-01,-3.747141367894051001e-02,2.894178584143164423e-02,1.708330369743064348e-01,1.307110510849181506e-01,2.335364352868207205e-01,4.119369502422073337e-01,4.130600797757426612e-01,4.291154804965999214e-01,4.581464263932302772e-01,4.342565281539778055e-01,4.677345033987593270e-01,3.330182154405452732e-01,2.526670610380619686e-01,5.290799626387349130e-01,2.851453235480308490e-01,2.467754497113862355e-01,9.283855141114355503e-02,1.796838322987593106e-01,5.023860438882958857e-01,2.830442033820388531e-02,6.833067189206271097e-02,-1.252791847699617767e-01,2.079979375833468369e-01,3.036380287884518636e-02
-2.858028505342696812e-01,-1.919025099777829646e-01,-3.697488349761807735e-01,5.839479250017033385e-01,4.651300249195801095e-01,-4.823422226259852508e-01,3.763852444042360430e-03,1.000000000000000000e+00,2.885746808035180664e-03,-5.068676470690727243e-01,5.448312364826453091e-01,6.716900528558216177e-01,-2.838285690958416430e-01,-1.547688109684833835e-01,6.739365723358715643e-01,3.643628337821682162e-01,-3.502315913818047632e-01,1.618949699216693794e-01,6.829990384142511362e-01,-4.060417450910203813e-02,-3.253447830839229504e-01,3.855306240726601996e-01,4.868961596453386664e-01,-3.446909559370429643e-01,-1.491852276363435648e-01,6.054846086364086277e-01,1.776518086418534259e-01,-4.244880477005348318e-01,1.711603480872114225e-01,5.361040099343881149e-01,1.838668368705462242e-01,4.304195406547008385e-01,3.162781212388589003e-01,2.748012325544360035e-01,4.095941327032379675e-01,-5.672366831652049524e-02,-8.431025609805588295e-02,1.398730068709849554e-02,1.492907085369307718e-01,2.074368955520159152e-01,2.033761317935349477e-01,-4.655953076317235345e-02,2.195889940397403317e-01,-1.654763372221944584e-01,2.098526908935589852e-01,-1.226156375917232810e-01,-1.915702835568982298e-01,-2.010031933592473230e-01,-2.114861856632307691e-01,-3.440841704773945353e-01,-5.085893243682830800e-01,-4.264216538693291203e-02,2.493390124919876438e-01,-4.039900476332852763e-01,-3.902014860547036723e-01,2.813218267688428198e-01,6.180905368285874446e-02,-5.428919083533855217e-01,-1.511273838655727009e-01,3.469540346276099307e-01,-2.154504860172663239e-01,-5.245193445360961659e-01,1.456559134864993665e-01,2.136223413303752761e-01,-4.276117150043142745e-01,-2.770893226281256894e-01,-3.371239282828412676e-01,-3.874496768151707848e-01,1.213705642482085234e-01,2.651895529369907925e-02,-4.330455800663398080e-01,-2.453385811447021669e-01,1.207267858149291967e-01,2.596471487580635507e-01,-3.449485103161513688e-01,-3.166263559227507352e-01,3.108460402260332378e-01,7.182015350793520547e-02,-4.805363709045141762e-01,-3.202180066534748848e-02,3.465466829631752566e-01,-2.148472935063683864e-01,-2.650929007162843298e-01,2.720204666419308581e-01,1.910840558510090159e-01,-6.292372651448106813e-02,2.036726291904453756e-01,1.003116784258878819e-01,-1.410127524754867800e-01,8.793651517839078113e-02,1.514573937806664994e-01,-3.337489792026808455e-02,-1.074338161864795554e-01,-1.895559204209285309e-01,4.839369352203479885e-02,-1.949461967786515482e-01,-1.130918993610536688e-01,-3.422142540158317758e-01,-2.479269826177862568e-01,-9.632776034471331184e-02,-9.452425530137244236e-02,-2.545524808824876639e-01,-1.923467051425446495e-01,7.410104372713136045e-02,2.970327624453967252e-01,1.308724969668031424e-01,2.410318537633382441e-01,1.288657534919233211e-02,6.578382881792806114e-02,1.002012465199689922e-01,-7.607650715415600895e-02,-8.512708314776420981e-02,1.662376069756607011e-01,6.422003663238662341e-02,2.155481917316562357e-01,3.915461349582449735e-01,4.678209658446096930e-01,2.503793558631330907e-01,2.763737525549767593e-01,3.531179344481419347e-01,2.947236923831895658e-02,1.015504701987466341e-01,-5.454591605388806053e-02,-2.076204959865190769e-01,-3.260219840784248785e-02,-3.463182229638056553e-02,-1.727631873973893839e-01,6.589451450329272819e-02,-2.197264801177096008e-02,-2.968794783328575493e-01,2.967821840687738799e-01,1.323743675430732181e-01,-4.220450890274566325e-01,5.122023924153768643e-02,3.118454939737412834e-01,1.087684988702827538e-01,2.457295983367099868e-01,2.741004016521442210e-01,4.134458306476242184e-02
8.634160468702429397e-03,5.028329309055109553e-01,-2.372315457788007065e-01,-3.564262564994325477e-01,6.188960465444912629e-01,4.177601825471331520e-01,-5.386249565370241355e-01,2.885746808035180664e-03,1.000000000000000000e+00,-2.121371969948413275e-02,-5.685153910401226085e-01,5.091982895563723632e-01,6.311415367496963080e-01,-4.790580218433868609e-01,-3.531552732922413895e-01,7.342434057811999537e-01,2.407862646287663999e-01,-6.529949143874045348e-01,1.288070011579615926e-01,7.063090047838270769e-01,-2.819578124950233855e-01,-5.687371929576724439e-01,4.729380497155650787e-01,3.745666467103516695e-01,-6.082520449071475710e-01,-2.077445935697072588e-01,6.403233269961361440e-01,-5.232689114250111545e-02,-6.227585235485028070e-01,1.329409201505656057e-01,-2.573406153356198600e-01,1.105699399323773757e-01,-1.324235439746677089e-02,-3.626188129115882064e-01,3.398021006112754601e-03,3.257132957048761712e-01,-2.615573209633782481e-01,-7.680707708359314767e-02,2.274146406690683575e-01,3.512591733474139388e-02,-1.685695733682885944e-01,-3.603454702909792418e-01,-4.193353494417891847e-01,-4.068822775754258325e-01,-3.659410093998557989e-01,-3.416594162272997837e-01,-1.070888206757573957e-01,5.992654527457852431e-02,5.111542112122400422e-02,7.455169125473946889e-02,-5.215224189581833814e-02,2.959325202423078727e-01,5.238058006855877968e-01,8.513209081816891510e-02,-1.658124324456472162e-02,4.403261146536462944e-01,3.967797247352999324e-01,-4.975591579096307060e-02,1.477174855775187645e-01,5.203052359760276246e-01,2.088551690418338491e-01,-4.183604606270595327e-02,3.240042352064919640e-01,4.671270486082267359e-01,1.623457796098537465e-01,-8.587389773786469060e-02,-4.190130172698864341e-01,3.203014036365125494e-01,-7.004156332403472032e-03,-6.565862900646228795e-01,-1.691569385164155559e-01,3.923158908547531576e-01,1.270973284893680832e-01,-4.306825075613772147e-01,-4.544454460589994471e-01,1.633714438536938707e-01,2.219561844535921161e-02,-5.614534115079281573e-01,-2.278067361437786653e-01,2.571300592564093046e-01,-2.959760847700797504e-01,-5.348084749303249064e-01,2.985578349522595779e-02,9.127564812524645299e-02,-4.698260124989326325e-01,-4.253196372874034625e-01,-6.134402881245397399e-02,-3.182989292573432660e-01,-2.389277259951620019e-02,4.722586533487764526e-02,-2.135678702382936278e-01,-1.633128057788107435e-01,9.824886700029800135e-02,-3.315485273240402486e-02,6.875894395063812670e-02,1.238039740822790141e-01,-2.660860675863289670e-01,-1.014467486765518039e-01,3.612467784123652437e-01,-3.713483230935594320e-02,-8.370548782962393408e-02,-9.228014366537366786e-02,-1.242674033475292122e-01,1.524698850742006728e-02,1.169310996970802236e-01,1.222633595708386839e-01,9.410659721796299504e-02,1.395703298455522323e-01,2.242634086620412803e-01,3.356690954369176971e-01,1.849238183254823531e-01,3.052747886830891599e-01,3.589400492743768933e-01,1.557848519191439851e-01,-4.614944238389703107e-02,1.154397825188260701e-01,-1.779250627211526881e-01,-1.040485032163501744e-01,-1.328990577897893599e-01,-1.509125091780486316e-01,-9.287140223839769615e-02,-2.789901370999206542e-01,-1.964388994766763305e-02,-1.310609827467142385e-01,1.091925117843240978e-01,-1.181894351268030774e-01,9.752521322724361230e-02,2.784873201014234079e-01,-1.654192426372751989e-01,9.977300455479101715e-02,9.726761892628425776e-02,3.463417413980138804e-01,-1.016348144838090939e-01,-1.986742872592825448e-01,3.427501497858465584e-01,3.290471167416583187e-01,4.424129502696858562e-01,1.196158609703134035e-01,3.141308817388989705e-01
4.569736924970712044e-01,2.813175475938353709e-01,6.740575351747446486e-01,-6.623195382396250552e-02,-3.376026797312447481e-01,5.799823759342130902e-01,4.799342104569622736e-01,-5.068676470690727243e-01,-2.121371969948413275e-02,1.000000000000000000e+00,-2.598129616050723692e-02,-5.983323247001157696e-01,5.679573519067979692e-01,6.397561871555661472e-01,-4.716572871960372781e-01,-2.677865820513399275e-01,7.500829711209822115e-01,2.252982451388914342e-01,-5.392965491262350364e-01,2.655619439657990188e-01,6.862828358123249650e-01,-1.503052514596432965e-01,-2.197573078231956911e-01,5.976459101420942277e-01,3.662098553957166547e-01,-4.070047035179921169e-01,9.612516455303395102e-02,6.844338846682418431e-01,4.842332342429892141e-03,-2.687414260804494859e-01,-4.069801261061412601e-01,-2.984388410981493323e-01,-4.357188288261545916e-01,-1.854770895618777504e-01,-1.505623978754739301e-01,3.855494469443324634e-01,4.009461943154232766e-01,1.899898020562767464e-01,-1.296163948202393255e-03,5.894915621493239388e-02,8.256517154795760260e-02,2.994271645730624543e-01,-1.046752158721758474e-01,2.140484478696724757e-01,-9.247886050065957930e-02,-5.989531224955511879e-02,-7.658037783078386340e-02,7.621171991100385290e-02,1.185585157265511835e-01,9.406878215480231342e-02,2.684114796370028477e-01,4.012244270170309268e-01,-2.939364275873861398e-01,-1.283881481817799597e-01,5.553981267710504932e-01,1.300788499915112029e-01,-4.181355947068401413e-01,1.517411327244039820e-01,5.582610824485154666e-01,-1.780399207711168552e-01,-3.265723691518170879e-01,4.465305859640436581e-01,3.391580973221447470e-01,-3.747253507210501766e-01,-4.128334000887541599e-02,3.505531017602079302e-01,2.924972946091686232e-01,1.844949871003131181e-01,-5.255397115352837822e-01,-1.468435850883378357e-01,4.155069826622122542e-01,-4.638486362090150916e-02,-4.783768824242660700e-01,-2.655526122405402201e-01,2.243537430310869607e-01,-1.265730373490699945e-01,-4.975606054650287269e-01,-3.684921016011444284e-02,1.686925569780411971e-01,-3.660700551412285342e-01,-3.946909870015529176e-01,1.734525194985266083e-01,-2.717511922060614205e-01,-4.936885218740424963e-01,-1.576297303034332187e-01,-7.917785178055720963e-02,-2.069513658806936829e-01,-3.627966752665671701e-01,-5.264467432860232832e-02,-8.947374076868840065e-02,-3.166426941516336524e-01,-3.470714252887512896e-01,-2.455336415736575906e-01,-2.196179527387346619e-01,-3.570384036624510427e-01,-1.168200016993556495e-01,-2.685396754653599505e-01,2.828553816050513592e-01,8.888522970874039586e-02,-2.199623700378595392e-01,-1.161558767437540773e-01,-1.584145247515178767e-01,-4.302498367054873041e-02,-1.525467861554552496e-01,5.165763162817484794e-02,-7.674634142793719527e-02,1.971416362786610962e-02,-7.609074252384313841e-02,3.828194603485764180e-02,-5.953548784147050937e-02,-9.923084667778053758e-02,3.112979018653286301e-01,-1.582767861685503361e-02,1.946923309307715955e-01,9.205261185610832952e-02,-2.548094855797186642e-01,-3.652304394092747430e-01,-5.691447086618570822e-02,-1.256335958211064474e-01,-1.708625936667336823e-02,4.255751872507527178e-01,2.490467757569141960e-01,4.930327517631870049e-01,5.443696050441009238e-01,5.665079472835633512e-01,4.554870683894770567e-01,5.217733321013591219e-01,4.423268928834945823e-01,4.890315660130476472e-01,5.789967014332171313e-01,1.681087369359572647e-01,2.961219159962747982e-01,4.256351807030259726e-01,4.085642080761988648e-01,7.189377945125807745e-02,2.844344111154075150e-01,4.908163134706595987e-02,1.490384630256359200e-01,2.918499691443092736e-01
-3.133129204005975776e-02,-3.398181939795728579e-01,1.746655513158417439e-01,7.232466913938515596e-01,-1.552837919151046908e-01,-3.843932195188956014e-01,6.173750601059343479e-01,5.448312364826453091e-01,-5.685153910401226085e-01,-2.598129616050723692e-02,1.000000000000000000e+00,2.623186095708049566e-03,-3.964269052123569059e-01,5.195737582953352529e-01,6.474757462547420239e-01,-2.540209453745003731e-01,-9.946899564182648534e-02,7.093390394028848966e-01,3.108134225656917771e-01,-3.434346683682882873e-01,2.333076803188511017e-01,6.695010209359306685e-01,8.313892317697509082e-02,-2.556498072338249106e-01,4.317501656000132249e-01,5.236022520410315018e-01,-1.625082567115042342e-01,-2.080776928362749675e-02,5.595093307100026392e-01,3.304530973854710174e-01,1.272998781015198533e-01,2.251414968844659970e-01,1.033974758085548368e-01,3.819067522494293265e-01,3.649090177421226988e-01,-4.042632236573480420e-02,2.758779054861064117e-01,1.823046526514761900e-01,2.693004012638467587e-02,2.147154408069489873e-01,3.410182587646998220e-01,3.140772356507733343e-01,4.265647004340563098e-01,1.833383921222311863e-01,3.790797048881655584e-01,7.547391900007266452e-02,-1.440410288008543982e-01,-1.984083370485839326e-01,-2.079849492962256019e-01,-3.160367988625451541e-01,-3.357375957068884920e-01,-9.349437081843601713e-03,-2.429680529104804587e-01,-5.347874947596034101e-01,-8.867301860193280150e-02,6.900749811233537756e-02,-4.197923468002943137e-01,-4.390875764211735199e-01,4.926655232762728459e-02,-8.004546569768963837e-02,-5.324699013762426159e-01,-2.761761663779042086e-01,1.252616949977151117e-01,-2.940800472415344147e-01,-5.877080651243375975e-01,3.969498234467338897e-03,9.353519031897351843e-02,-5.204952925678189013e-01,-1.648480965512980068e-01,3.841430268167235207e-01,-1.127694209643003709e-01,-5.504116825082280284e-01,-2.231025557837984508e-01,4.259256751688146880e-01,5.677903298383544378e-02,-5.183050237011456174e-01,4.734874328475185273e-02,4.316376606407767436e-01,-2.700016247969397876e-01,-4.084078651861657860e-01,3.530777095514605612e-01,2.264256501951649181e-01,-4.345015721233644879e-01,-4.087793950475916704e-02,4.333673823434999184e-01,1.654776558759844807e-01,1.227023788144877559e-01,1.140409066032826296e-01,-1.330295057731754882e-01,-4.909059038429704203e-03,1.053258890737502479e-01,-1.106524695245289375e-01,-3.116556632453820752e-01,-2.761663853376555844e-01,-1.907825473801019189e-01,-3.473963278371174357e-01,-7.265784656305945832e-02,-1.218776894403168776e-01,-4.352104738898646130e-01,-2.088344555274542769e-01,-1.018944909974024149e-01,-2.878410486397500190e-01,-1.019635611897813099e-01,-5.240632015624666074e-02,2.428807960079090167e-01,-4.073455592237622269e-02,1.882245437047414260e-01,-1.589986768232702630e-01,-1.010744173854229988e-01,-1.711484182476959715e-01,-2.268451234164965413e-01,-1.091094790660415981e-01,-1.009930762450576142e-01,1.060290656597874942e-01,3.034929362995414381e-01,2.257482008806995788e-01,4.169315691677448199e-01,3.407107051222528771e-01,3.457552971982722489e-01,4.549474553240993591e-01,3.042162471630698861e-01,3.940341156063910111e-01,2.144725616250289790e-01,1.573305711241990146e-01,2.053089767673707267e-01,2.897015285749893199e-01,4.457708020953493611e-02,1.268814780310280055e-01,3.425122447995679886e-01,-5.766240542494802807e-02,3.343100141191879815e-01,5.961784682135416735e-02,-1.301844012632676906e-01,3.914176107277652639e-01,1.437073147469843937e-01,6.885651071594280082e-02,-7.922128633819709026e-03,3.076105024814337341e-01,3.174395909768874379e-03
