1.000000000000000000e+00,4.342230017263608022e-01,2.957557896622909355e-01,4.851012583832501890e-01,1.036153145764733136e-01,2.654845367948856505e-01,1.397143397804887499e-01,1.311544226624596632e-01,1.187540724871528758e-01,-9.838318675859940299e-02,-6.017858520231289532e-02,-1.464842644040188491e-01,-1.415479510485121578e-02,-2.249316148967973605e-01,3.302080038227356990e-02,-1.405827496088455086e-01,-1.542373884310032639e-01,1.144081296616116239e-01,-7.955222747272924777e-02,-1.665718018329462868e-01,-3.868399114685710377e-02,-1.663605611649114357e-01,7.429113329819020395e-03,-2.381391352470251521e-01,-1.573010531964278702e-01,-5.658630081218724017e-03,-1.498389347344862843e-01,-2.009274672191823374e-01,-2.583609833987048077e-02,-7.364574101832571662e-02,-7.717237817178531495e-03,-3.787799386422576603e-02,-1.415953646116394765e-02,7.109576727184045708e-02,5.951207840694417578e-02,1.115623858256009904e-01,9.621839622529870795e-02,1.603504353783885283e-01,5.837450975106362600e-02,1.335392747756088683e-01,4.827595948524818908e-02,6.175984303068914744e-02,2.104294010230148976e-02,5.101600566974631929e-04,6.825863397314713144e-02,-2.301605186073867049e-02,-6.483472914579938018e-02,4.664783995145585505e-02,5.938063946987328506e-02,-7.733758218939745799e-02,-2.577217250702651744e-02,7.513561984181414688e-02,-1.403564260430509858e-01,-7.791495936820864998e-02,-2.153422809136152083e-01,-1.433719457965584587e-01,-1.739250339599298159e-02,-2.275855781255515797e-01,3.474677221104125607e-02,1.418691424657923528e-01,2.295114241269956001e-01,-5.685563062794798256e-02,9.074796269444532215e-02,-9.748369457808885030e-02,-2.761463040042093364e-02,-2.923771259075836227e-03,-1.648021573729621658e-01,5.382351916354743276e-02,-2.582010076839933582e-02,-1.435325457355031420e-02,-9.751543375540150729e-03
4.342230017263608022e-01,1.000000000000000000e+00,3.499654663406222554e-01,2.254825980010582986e-01,1.035830950153566188e-01,4.248546857239555302e-02,-7.329452288658878933e-02,-1.651714022894741618e-02,-1.034845504175957304e-01,-9.425490576150345745e-02,-2.453153900055390635e-01,-1.843976717727543735e-01,-9.471143690739763921e-02,-8.697999665625094634e-02,1.224843268761038606e-01,-1.331946542333828087e-01,7.264896014768418980e-03,8.099479668337433713e-02,-3.967775544305462976e-02,-1.739359786533601487e-02,1.118848386291305397e-01,-7.432349291749959508e-02,3.195436746346413948e-01,2.423612790163078359e-02,6.927978013654402523e-02,1.689017842967322491e-01,-4.949255421455252268e-03,-4.444694874457771894e-02,1.420516848901529350e-01,9.586429873460847184e-02,1.313791869041733007e-01,1.605206857312898583e-01,1.314743624653257059e-01,1.475670001759265271e-01,1.446209995789668745e-01,9.243634627879879218e-02,1.028358095146185841e-01,9.366035298499277018e-02,-7.546557345783964574e-03,6.283673623553012733e-02,-1.457150035254998165e-02,-1.016292594671101002e-01,-5.258514002195840281e-02,-1.102637547655121175e-01,-6.254742060284348981e-02,2.812047848232641575e-02,-3.534282393789229398e-02,-1.275406594165453544e-01,-2.655762668287523984e-02,5.225895391208439794e-02,-1.303824891456378809e-01,-1.643066105061095072e-01,-1.629320423851286781e-01,-2.988699080754007587e-01,-1.950978556120104568e-01,-2.950818799198945963e-01,-1.295861702046888220e-01,-6.019546410506701473e-02,2.464014101752278474e-01,2.425964803903782885e-01,2.267064904622370092e-01,1.166840402674944599e-01,1.740348441969372384e-01,4.912058352189911312e-03,-8.576681491622134557e-02,-1.914406916980574136e-01,-1.775537797568997878e-01,-1.503027044355364963e-03,-1.978760602716019557e-01,-8.960256542526835732e-02,-1.243727244039124352e-01
2.957557896622909355e-01,3.499654663406222554e-01,1.000000000000000000e+00,3.235059154326727082e-01,-8.473929387260498158e-02,1.645549938269640911e-01,-3.858344606153863571e-02,-5.884180867547425531e-03,-3.282778391815121405e-02,-4.248306228871318035e-02,-1.853480656592696452e-01,-1.353718873917126864e-01,-7.603322289979430604e-02,-1.108516489409741568e-01,7.692207490095700519e-03,-1.777517729899157073e-01,-6.413023369733172885e-02,-7.026083440083735754e-02,-1.295020657265950614e-01,-3.560557496566617991e-02,-1.198058441829907977e-01,-9.411330021230143728e-02,1.455301968338551799e-01,-9.165292012240212893e-02,1.894371769094327917e-01,7.614936799802043965e-02,-5.766591890982499663e-02,1.045438530792925369e-01,5.942585777069649827e-02,9.209398711468770593e-02,6.677908076932616288e-02,8.063519717354364347e-02,7.019623065246485827e-02,5.508463011970585882e-02,6.498645970264209371e-02,-5.272133412396273755e-02,9.602809078342681645e-03,7.136751033007006188e-03,-5.943728576596638696e-02,-2.221751428978718107e-02,-3.200433697586610449e-02,-9.717882421109527713e-02,-1.128147743260357883e-01,-9.601329163686465884e-02,-3.828839460151030327e-02,8.024691187291341232e-02,-9.999746164767167253e-03,-1.085140439466939222e-01,4.187634739589339572e-02,5.983386920401001507e-02,-9.931572278265984877e-02,-4.619582555053500933e-02,-1.663301821856165985e-01,-2.088995707315187689e-01,-1.159971620163305905e-01,-1.918239277856845781e-01,1.037614206796581701e-01,4.273558956053125080e-02,1.343906103571852195e-01,2.641764321987895570e-01,2.540843206285545511e-02,-8.063470074396303366e-02,-7.254576545482845085e-02,-1.469947722872725349e-01,-2.129956715053908656e-01,-8.769392808866978417e-02,-1.244512286359582554e-01,-1.791782117323337808e-01,-1.284424567771315917e-01,-2.106651780576388258e-02,-6.019766483639382715e-02
4.851012583832501890e-01,2.254825980010582986e-01,3.235059154326727082e-01,1.000000000000000000e+00,2.056137454293179567e-01,4.392635209508487515e-01,3.241580823800223055e-01,2.754804691251969695e-01,2.637960653452244286e-01,4.091800767591812632e-02,6.037445418572275069e-02,-6.855476515082714606e-02,-4.107286635042216305e-02,-4.012073515825539394e-01,-1.339734387188009634e-01,-2.277666553592596899e-01,-3.384627119728696454e-01,7.275512291826501110e-02,-1.339730855549363386e-01,-8.695255402857854365e-02,-1.120510794354785539e-01,-1.279390133866711854e-01,-6.557475247125379991e-02,-2.347746949361793900e-01,-6.446092437975863010e-02,-7.751430331958407416e-02,-1.730946931877843376e-01,-1.710994069205652168e-01,-6.747548600997749224e-02,-1.121992306449643151e-01,-2.128037075726466401e-02,-9.980745419604265811e-02,-2.352325562591607144e-03,8.573304641968192141e-02,4.061339833386864474e-03,8.203328496994301278e-02,6.139025153763062737e-02,8.495755374644149704e-02,5.158363379161245987e-02,6.545671530463129106e-02,3.371159225565347611e-02,2.952681231286927513e-02,-9.399606788973943056e-03,7.496875790431368862e-03,1.596722932745625601e-03,-2.889952719022620756e-02,-1.660709558424199386e-02,2.566790457028593139e-03,-9.388149238784240791e-03,-7.815483086056225492e-02,1.417962121426417053e-02,1.999798176037672834e-02,-1.744804379515701998e-01,-1.035491575329182123e-01,-1.800313270334355231e-01,-1.382756591060682883e-01,3.863704536169899201e-02,-1.501066343104348888e-01,3.056011893263298196e-02,1.319862528988186290e-01,1.481531428778461446e-01,-8.920976945689486348e-02,8.300520487095657679e-03,-1.104673079171647754e-01,-4.826446063785434781e-02,4.027600797315407377e-02,-8.897700353030114917e-02,2.712014590933355465e-02,2.519047518941636577e-03,-5.293587975899787836e-03,-1.115999545458795303e-02
1.036153145764733136e-01,1.035830950153566188e-01,-8.473929387260498158e-02,2.056137454293179567e-01,1.000000000000000000e+00,3.929556303111398918e-01,4.001519958841927016e-01,3.267268818026894950e-01,2.968475107578038563e-01,1.460805391986476631e-01,1.956227374034312794e-01,-1.129656759492955742e-01,-2.717178182586811874e-01,-3.392379118987256525e-01,-2.563025505932195469e-01,-1.877922021130143393e-01,-3.640747052330158828e-01,-1.630801763390445991e-03,-1.658726855616615981e-01,-1.556209039969770058e-01,-2.110809832339127223e-01,-1.986943896177186808e-01,-6.389409842984718202e-02,-1.982168772862959727e-01,-8.962006713907350042e-02,9.378997958801031654e-02,-1.091529324837108850e-01,-3.044335461509285051e-02,5.844383396996086222e-02,-7.608637678971838514e-02,5.858878265566352939e-02,-9.804393383295575623e-03,5.524336711816661000e-02,1.134162283779700242e-01,5.273458623824869157e-02,1.050270707229500194e-01,5.616744972076720410e-02,1.529960260577819565e-02,3.880180707421053421e-02,3.161496415511799718e-02,-1.738054469499253005e-03,-8.811143750104587224e-02,-4.646957506823121836e-02,-5.345609016373318451e-02,-1.101465744470297020e-01,-3.321364209973822618e-02,1.281170095183682169e-02,-9.655657618051738389e-02,-1.108086564466948115e-01,-1.893638588780950996e-02,-3.110022829183328816e-03,-1.006555482250952177e-01,-1.673780203135655786e-01,-1.575662799456391261e-01,-1.917555362846380951e-01,-1.566654187687120392e-01,-1.267211189537133520e-01,-1.203811284784157831e-01,1.559004787859155639e-01,1.218849194091980170e-01,1.704722881780403598e-01,6.333075589223731428e-02,3.714847539052686803e-02,-8.334972623691737359e-02,-1.022969342121929498e-01,-1.165458594862406744e-01,-1.137265955667420975e-01,-4.380892992265050107e-02,-1.265501437607944868e-01,-1.341533066565958054e-01,-8.201003661506831022e-02
2.654845367948856505e-01,4.248546857239555302e-02,1.645549938269640911e-01,4.392635209508487515e-01,3.929556303111398918e-01,1.000000000000000000e+00,3.911703533311074454e-01,3.028482842247083862e-01,4.428556539400665404e-01,-5.088440464478106995e-02,1.889343239628432369e-01,2.336986506140501310e-02,6.034131089425249410e-04,-4.314002779017189204e-01,-3.025864875634721729e-01,-4.034583764731902722e-01,-4.382449465157428059e-01,-9.248801229246707278e-02,-3.390429980332146931e-01,-1.784038755548243982e-01,-2.243507668861912385e-01,-1.545993723464898773e-01,-9.655137935896250523e-02,-2.512359844596717684e-01,-4.778334020666843984e-02,-7.490983460844489843e-03,-1.361794867788643226e-01,-3.958081688001392762e-02,-1.723475384109922695e-02,-1.064848118979990210e-01,-2.887443950711625004e-02,-1.051279242683252901e-01,-2.968911822170063053e-02,5.011147854845023758e-02,-4.063662055788006683e-02,5.998709164802597943e-02,1.577642166106987473e-02,3.449854808179751708e-02,4.900611939450320864e-02,3.022620776644753537e-02,4.709385755698573817e-02,2.901609426347997577e-03,-1.195131291953979713e-02,7.592661784333407798e-03,-7.998663531838090535e-03,-3.361655635009026116e-02,-6.915042627818974476e-03,3.182750570814775904e-03,-1.899816771434788623e-02,-7.431897910600028523e-02,4.556391751354820635e-02,3.974355719591630975e-02,-1.467196425103694524e-01,-3.852634671190325460e-02,-1.415928629011949935e-01,-6.753673194094345078e-02,6.200816573970893697e-02,-1.056803408017405327e-01,4.454616504688267004e-02,1.282478174810112448e-01,5.477676817552492444e-02,-1.091814311982167301e-01,-6.277893523265393183e-02,-1.363398676318213210e-01,-9.008638430124046859e-02,2.907200208847928596e-02,-6.569803057224954390e-02,-6.469603353556070691e-02,2.450681959750183880e-02,-5.853706050052472770e-02,-7.368020170176793095e-03
1.397143397804887499e-01,-7.329452288658878933e-02,-3.858344606153863571e-02,3.241580823800223055e-01,4.001519958841927016e-01,3.911703533311074454e-01,1.000000000000000000e+00,3.171767506113039037e-01,5.532213475996731189e-01,1.397593422772064886e-01,4.494912928367483240e-01,1.262691579280580123e-01,-2.358218659325377400e-02,-4.141368527505060460e-01,-4.868450804052373848e-01,-2.806464437590502348e-01,-5.510269410766132081e-01,-2.647588979300578571e-01,-2.744911109526868009e-01,-2.099317172490094419e-01,-2.581983454790893195e-01,-1.486228001778897023e-01,-2.472428052033711909e-01,-2.971384553120148819e-01,-1.054365568333302389e-01,1.981868361192549576e-04,-1.534888468295366182e-01,-3.916155063898884431e-02,-2.161520237124508678e-02,-1.364576364239425132e-01,-1.349195634932143228e-02,-6.842039000613263366e-02,1.297756332544516833e-02,6.848502241654662315e-02,5.463749212829342033e-02,7.814575194936826397e-02,4.651141929285244198e-02,3.863820647677080472e-02,6.329039323756599500e-02,7.105779235010732664e-02,3.094742375263404011e-02,3.187435421481350784e-02,2.469723892515362368e-02,2.146079931402092300e-02,1.884309729718397714e-03,-5.297311604883584574e-02,-1.222064163922518404e-02,1.566140433835530588e-02,-2.485451982319545478e-02,-9.843708152587447857e-02,9.327118030423447309e-03,4.030376068810344325e-02,-1.535759662727990971e-01,-3.704856701609551134e-02,-1.694275280957702468e-01,-4.100388035189769104e-02,-2.601020209673799918e-02,-1.775946517860105267e-01,-1.203197756714422320e-02,6.683847687735862408e-02,1.218640373927378090e-01,-5.817196157026614106e-02,-8.327324433350222210e-02,-1.822133453292208993e-01,-1.389548424479555844e-01,-2.654257615505115769e-02,-1.240761034126063450e-01,-9.159249905871254260e-02,-2.378272404421154576e-02,-7.275333451351381764e-02,-2.871086396428594936e-02
1.311544226624596632e-01,-1.651714022894741618e-02,-5.884180867547425531e-03,2.754804691251969695e-01,3.267268818026894950e-01,3.028482842247083862e-01,3.171767506113039037e-01,1.000000000000000000e+00,4.481297556887905431e-01,4.244871444558130369e-01,3.232673619070819959e-01,-5.153325844646122061e-02,-2.215334643510785406e-01,-4.485419700608794802e-01,-2.116658638053221519e-01,-1.883966385835238733e-01,-3.671378965797630345e-01,1.583025858972638977e-01,-1.803654731853097937e-01,-3.552412015554008706e-02,-1.349966639506542110e-01,-7.169427732727001734e-02,-8.479183991865288372e-02,-1.342754947963923917e-01,-3.764155561053098703e-02,-1.297414509961367923e-01,-8.868543049831019431e-02,-1.277406693909778623e-01,-5.596066057737988930e-02,-1.593911181459988780e-01,-6.227120986659930024e-02,-1.177030924569501397e-01,-5.688137571941816878e-02,6.169563336938180135e-04,-7.360061077934258733e-02,9.012129186819854698e-02,-2.615869006575878911e-02,8.138474526276572377e-03,1.098710146015356888e-02,3.874325338976598171e-02,-4.600295204128190818e-02,3.389757665857658087e-02,4.680361238675964479e-03,-9.782510302825923876e-02,8.910923815515967017e-02,-2.023761102436139048e-02,-1.639161473916090350e-01,-2.674365924501734965e-02,4.938577702453941787e-02,-1.344616080096013022e-01,-1.059117407215575679e-01,7.446333304854846347e-02,-5.905894602854213499e-02,3.950903271733129107e-02,1.510215328293037194e-02,4.046156108308734262e-02,6.415822101535613442e-02,-2.580512821689740291e-02,-3.999974327494464077e-02,-4.008040480107751685e-02,-1.452953616842657218e-02,-1.032107737636747957e-01,-4.924502108968244196e-02,3.060706177024967120e-04,9.543180752043582682e-02,1.517567695047582765e-01,9.557156208264554198e-02,1.071382592729568650e-01,4.824257033451446325e-02,1.404416293723854091e-02,-8.085537222963805250e-04
1.187540724871528758e-01,-1.034845504175957304e-01,-3.282778391815121405e-02,2.637960653452244286e-01,2.968475107578038563e-01,4.428556539400665404e-01,5.532213475996731189e-01,4.481297556887905431e-01,1.000000000000000000e+00,2.833810044745305179e-01,5.862354487738715703e-01,1.337837811489074324e-01,-8.360241287466188553e-02,-4.966742633131624451e-01,-5.006593199164813823e-01,-3.120840947665480813e-01,-5.600741118283301123e-01,-1.748552790940961221e-01,-2.761816807588469147e-01,-1.792493319869574442e-01,-2.905651599937678631e-01,-9.577152425855431361e-02,-1.909593025371146835e-01,-2.445118008469245319e-01,-2.881312640484004137e-02,-7.993621485622855183e-02,-1.243687275696841871e-01,-4.645361984010195483e-02,-4.130834157549758551e-02,-1.391215164039400487e-01,-7.725930593762326409e-03,-1.148509016290657908e-01,-1.162492719043652090e-03,4.006453087356892651e-02,-1.406857119652042036e-03,7.414429778080544597e-02,8.115744614567713599e-04,1.496193150040334846e-02,3.932463179687248345e-02,7.028544149466320334e-02,-1.039974470616827733e-02,7.100832460060428619e-02,8.606338252272499600e-02,3.547584602870924170e-02,3.935706390569459340e-02,-8.947607515948838297e-02,-5.437226592529720987e-02,4.409823989439318193e-02,-1.440225361974550172e-02,-1.520156607606489574e-01,-2.086504643524208016e-02,9.748796484223097580e-02,-1.206491465902861937e-01,6.277873266105497840e-02,-5.816130333307377442e-02,3.988835521868285688e-02,7.663015504394812827e-02,-9.676344167513294126e-02,-8.186316702859042227e-02,-3.586307711492481092e-04,1.516419654422862355e-02,-1.541601063529712823e-01,-1.813788716117478717e-01,-1.740464708950866524e-01,-8.751377983085546763e-02,7.849811652595524436e-02,-3.866950252926140003e-02,-6.483135950347253262e-02,4.173264603620098490e-02,-3.780644836766083178e-02,-1.092559406269192658e-03
-9.838318675859940299e-02,-9.425490576150345745e-02,-4.248306228871318035e-02,4.091800767591812632e-02,1.460805391986476631e-01,-5.088440464478106995e-02,1.397593422772064886e-01,4.244871444558130369e-01,2.833810044745305179e-01,1.000000000000000000e+00,2.908810933238205054e-01,-1.683066009146364228e-01,-4.146845981900870726e-01,-1.603928654000311704e-01,-1.289515480969469219e-01,2.024991508930190087e-01,-9.763646401241726780e-02,7.317200556561614944e-02,1.031290010599325152e-01,5.144884541953360924e-02,-1.636700174422434373e-01,-5.445276142894897933e-03,-8.085866868565058652e-02,-4.576887687243240410e-02,7.292674392799028404e-02,-7.646377568171297545e-02,-6.325615164513463673e-02,-8.199797092710561439e-03,-6.163836538305709351e-02,-6.050959736952128687e-02,-1.836683124870483463e-02,-6.629502803171180569e-02,-3.605018472301691011e-04,-3.253729593728364039e-02,-8.377473361066761423e-03,2.374739555104564068e-02,-1.253308607029057298e-03,6.551846286962490287e-03,5.506233000815871810e-03,5.715929717185418840e-02,-4.013564347425291334e-02,3.724149341193213475e-02,2.980235214584968026e-02,-7.216065326972723182e-02,7.716948385406328936e-02,-4.270874364222741054e-02,-1.535326512636744634e-01,-2.509545039054169799e-02,4.418484935588691542e-02,-1.273285284597382994e-01,-1.091794156627552276e-01,6.012694750234100216e-02,-3.730992091596747884e-02,2.695176717004793901e-02,5.098052194705235407e-02,5.161792415730167422e-02,3.619257901636060981e-02,3.062636386103989930e-02,-1.030460927352116474e-01,-1.160379359573016633e-01,-9.537546883152138444e-02,-5.175927255274490046e-02,-1.295004096136290750e-01,-6.675047323734532856e-02,-2.714059278357800614e-02,7.119824707439073586e-02,6.452558354386531136e-02,-2.479914658201616898e-02,-1.917058941237130554e-02,-2.972133662948075409e-03,-2.037222720256006217e-02
-6.017858520231289532e-02,-2.453153900055390635e-01,-1.853480656592696452e-01,6.037445418572275069e-02,1.956227374034312794e-01,1.889343239628432369e-01,4.494912928367483240e-01,3.232673619070819959e-01,5.862354487738715703e-01,2.908810933238205054e-01,1.000000000000000000e+00,2.192405636744647057e-01,-1.106782805433159135e-02,-2.540146036639598370e-01,-4.976976118224758494e-01,-5.599894606876413411e-02,-3.960127074866731656e-01,-2.405390440627890314e-01,-1.389771228067141207e-01,-1.002255140863025501e-01,-2.420969311428353143e-01,-3.335427540939556873e-02,-2.779118745603318397e-01,-1.967174945051934909e-01,-6.870793083545050084e-02,-9.450668536033221545e-02,-8.898290522520188595e-02,1.430714627892569132e-02,-6.237640511138752009e-02,-1.182909362894720706e-01,-5.013795434966508008e-02,-1.157072751612612110e-01,-4.126557156850085839e-02,-4.341291423186996457e-02,-2.042495753174406251e-02,2.275904406200943142e-02,-3.465839893809868899e-02,-5.019672219250470580e-02,3.180772232970997121e-02,3.964770646374094626e-02,1.373390678199155413e-03,9.426899312675525444e-02,1.129185636483739513e-01,6.307474454902231575e-02,2.749403485329356481e-02,-1.306796231569134492e-01,-4.333201308535288704e-02,6.498028815995771090e-02,-5.486674313014809623e-02,-1.717784405818213456e-01,1.315685349497396767e-02,9.868147718108276345e-02,-2.273851250777290944e-02,1.238829970082739873e-01,1.766283311032905813e-04,1.340483419493925243e-01,1.400052219573202743e-02,-8.272922545852132159e-02,-1.694569121594207139e-01,-1.280538926444099446e-01,-3.673390236076464616e-02,-1.121684318412273645e-01,-1.793274111878523647e-01,-1.370671356093721704e-01,-6.241123765893755171e-02,9.353389550698840149e-02,2.218267240719157957e-02,-7.689230189824602935e-02,5.545413793517264128e-02,-3.773904940512963491e-02,1.960190523300308491e-02
-1.464842644040188491e-01,-1.843976717727543735e-01,-1.353718873917126864e-01,-6.855476515082714606e-02,-1.129656759492955742e-01,2.336986506140501310e-02,1.262691579280580123e-01,-5.153325844646122061e-02,1.337837811489074324e-01,-1.683066009146364228e-01,2.192405636744647057e-01,1.000000000000000000e+00,4.234342244921832643e-01,6.922017714231382124e-02,-3.143107098228641316e-01,-2.702076245203562377e-01,-1.272222026321925825e-01,-3.877229660693514157e-01,-1.904053703186892044e-01,7.505112310336271852e-02,2.578336324256217879e-02,1.708034514828423167e-01,-7.601794581735338285e-02,7.679328991404031635e-02,1.279957532817599386e-01,-8.593940392131632286e-03,1.034286938146225521e-01,1.518243423807766335e-01,6.214043735195334123e-03,2.112146536163558852e-02,-5.064657336125399922e-02,-1.508282821835162102e-02,-2.524559371266051067e-02,-2.315764834691319898e-02,-5.418729547672655050e-02,-4.686242777647234292e-02,-1.112039981610167261e-01,-1.168421792651584967e-01,-3.616118261131745504e-02,-6.981815015679282421e-02,1.642947857366290230e-03,2.160198883467394013e-02,5.214501708500921678e-02,7.570993540105724895e-02,-1.641125396249383875e-02,-8.396541958891771962e-02,2.514440784687279468e-02,4.206549210363690061e-02,-6.189777798981159485e-02,-6.014349477654352960e-02,3.270459648634142791e-02,1.777799118264347797e-03,5.139355187685484133e-02,9.361632576031117536e-02,9.954684432425781049e-02,7.658447359523279374e-02,3.707599107419235623e-02,5.518412307152276153e-02,-1.073171494287772088e-01,-4.639940610260534504e-02,-1.514252690343987351e-01,-8.409095820389764220e-02,-1.287183615314318741e-01,1.440828035578141722e-02,-3.839022626687895595e-02,-1.529552453232024128e-02,4.898838626881733826e-02,-9.152280131862858270e-02,9.447549451158146483e-02,-2.723382308044420066e-02,3.823800535552104168e-02
-1.415479510485121578e-02,-9.471143690739763921e-02,-7.603322289979430604e-02,-4.107286635042216305e-02,-2.717178182586811874e-01,6.034131089425249410e-04,-2.358218659325377400e-02,-2.215334643510785406e-01,-8.360241287466188553e-02,-4.146845981900870726e-01,-1.106782805433159135e-02,4.234342244921832643e-01,1.000000000000000000e+00,1.847195055426965049e-01,-4.218899454506867819e-02,-1.472268700794135687e-01,7.466244261236543167e-02,-1.992469521762731677e-01,-9.964574361643917244e-02,5.559734600256585613e-02,1.751104653003772715e-01,1.462247554879556599e-01,-3.253080987880031805e-02,5.402008455992503289e-02,-2.495415898338172473e-03,-6.666424676605002542e-02,8.075981485770458712e-02,1.573155674840554311e-02,-2.609468454672601509e-02,-5.213999004742601688e-03,-1.018629245477565282e-01,-6.728364914111300242e-03,-7.770407957004968336e-02,-7.448354635448033167e-02,-5.745689049407362581e-02,-4.343425518610450481e-02,-4.067364456646169191e-02,-5.157418506271031766e-02,-3.065068559329080927e-02,-3.497400547684211686e-02,7.917448331699632191e-02,5.770060894469501017e-02,6.135032582091917014e-02,6.611281897635372384e-02,1.485683466207179254e-02,-7.148104549572283084e-02,8.248078237719581917e-04,6.645822881805006632e-02,-1.988490761944175511e-02,-6.756050242987303445e-02,2.169442763146710654e-02,4.071423110975682519e-02,7.550283232970814162e-02,1.169855299204294735e-01,8.791632162289587937e-02,8.777673272448580089e-02,6.693650291736412579e-03,1.063463981582970196e-02,-1.185718201404701022e-01,-7.098451306231834401e-02,-1.091523298733993036e-01,-5.599026513562681273e-02,-1.094065401180699566e-02,8.286971147876830146e-02,8.584428710977161370e-02,3.846365959262180306e-02,4.973347642808365054e-02,4.484915036136370020e-02,1.550522157303842741e-01,3.385965429356432854e-02,1.050379238514742020e-01
-2.249316148967973605e-01,-8.697999665625094634e-02,-1.108516489409741568e-01,-4.012073515825539394e-01,-3.392379118987256525e-01,-4.314002779017189204e-01,-4.141368527505060460e-01,-4.485419700608794802e-01,-4.966742633131624451e-01,-1.603928654000311704e-01,-2.540146036639598370e-01,6.922017714231382124e-02,1.847195055426965049e-01,1.000000000000000000e+00,3.791277446634191972e-01,4.143312881450687546e-01,6.115412524935466276e-01,2.047082986796181642e-02,2.621668642077732980e-01,1.107387436561119987e-01,2.070347995252838080e-01,1.266142816714317387e-01,5.089183845632939268e-02,2.025082073350127077e-01,3.200604532170007316e-02,1.154252916634821574e-02,1.180699858352064202e-01,1.278694708985866069e-01,-6.637257974699094579e-03,8.808251611398022762e-02,-4.322143998019534195e-02,4.176576884897922892e-02,-4.602554487924168797e-02,-1.155353425143622881e-01,-2.858474908698052652e-02,-1.270816620825792886e-01,-5.682483481429746047e-02,-1.135466841713274055e-01,-8.144658919168153155e-02,-8.222416902918755488e-02,-1.501611055467987760e-02,-5.527313231403619548e-02,-7.304686480616798261e-02,-2.727179259685456880e-02,-3.542216446759152010e-02,3.101636814713745402e-02,2.142194874585559919e-02,-1.880796915854739473e-02,4.655758791134520925e-04,7.367852363682171613e-02,2.842062069426101387e-03,-2.452538987488039543e-02,1.665879442494002938e-01,8.732786644627150985e-02,1.622235003793067176e-01,9.941949211979106416e-02,-5.939341145338854905e-02,9.500166627768806549e-02,-8.773956614309334767e-02,-1.336317210983652415e-01,-1.362114897578243500e-01,6.155722282639791709e-02,4.258113435390574464e-02,1.012858847374314836e-01,4.850650620413860664e-02,-1.492307099008494987e-02,7.337005075719432723e-02,-2.017907590507191443e-02,2.705076883091005191e-02,3.412940245888057555e-02,4.594335788768094675e-02
3.302080038227356990e-02,1.224843268761038606e-01,7.692207490095700519e-03,-1.339734387188009634e-01,-2.563025505932195469e-01,-3.025864875634721729e-01,-4.868450804052373848e-01,-2.116658638053221519e-01,-5.006593199164813823e-01,-1.289515480969469219e-01,-4.976976118224758494e-01,-3.143107098228641316e-01,-4.218899454506867819e-02,3.791277446634191972e-01,1.000000000000000000e+00,4.049633279532340868e-01,5.978308761692265882e-01,4.905980546246982432e-01,3.052213993444348183e-01,8.839949074242252347e-02,2.926584411514391304e-01,2.843359282335128010e-02,1.734543995542379424e-01,1.634790228835174830e-01,-9.442384713768632587e-02,-3.913464453432666246e-02,7.342481677555189046e-02,-1.141042596709846146e-01,-1.709071277864901775e-02,2.845226071476048349e-02,-5.082162491333023363e-02,3.144646138478494890e-02,-4.606937807821399888e-02,-8.378135988532110778e-02,-2.767038052772031673e-02,-4.608514230177798709e-02,-1.552627515238016662e-02,2.704251838840586366e-03,-7.895184381033959475e-02,-2.907265016149264067e-02,-5.316086252820459435e-02,-8.021259775514399948e-02,-8.538438643878416834e-02,-1.121552430296858527e-01,1.838062250692675675e-02,9.588491851776334562e-02,-4.174344136945378619e-02,-5.664874157444198255e-02,7.413348661367706594e-02,8.433545084781847445e-02,-4.510219702953873616e-02,-2.487206866514635531e-02,1.471770099951327515e-01,7.763512624925215065e-03,1.121900218215720335e-01,2.462336153389263135e-02,-7.647449094377094247e-02,7.345614731993856117e-02,4.755750021032839094e-04,-1.117118984662930636e-01,-2.756818508595501940e-02,1.174544163988741202e-01,2.248153725333063846e-01,2.203096481684246877e-01,2.327992092223245824e-01,7.081166902594143719e-02,1.293142484694116412e-01,2.319615392822154398e-01,2.763910662625330625e-02,1.036237469796384841e-01,3.576233286450767462e-02
-1.405827496088455086e-01,-1.331946542333828087e-01,-1.777517729899157073e-01,-2.277666553592596899e-01,-1.877922021130143393e-01,-4.034583764731902722e-01,-2.806464437590502348e-01,-1.883966385835238733e-01,-3.120840947665480813e-01,2.024991508930190087e-01,-5.599894606876413411e-02,-2.702076245203562377e-01,-1.472268700794135687e-01,4.143312881450687546e-01,4.049633279532340868e-01,1.000000000000000000e+00,4.394037828562423198e-01,3.175892324341860751e-01,4.309933314168243879e-01,4.142918031967150749e-02,1.131379135942512937e-01,2.868090312148948925e-02,-1.273054264521178147e-01,3.272270173463605325e-02,-1.564832909522446414e-01,-1.356010748265652210e-01,-6.945621536883997416e-02,-8.393808161821822433e-02,-1.218098337776130913e-01,-5.826676095395136312e-02,-1.114097098335851826e-01,-9.195093525164790838e-02,-9.717030095687048674e-02,-1.663713918301389372e-01,-4.951375086972473888e-02,-8.447221678743889461e-02,-7.844422692884954473e-03,-1.630293302386729044e-03,-2.425246478985041993e-03,4.130664494145854654e-02,4.898130565436698003e-03,7.416531221983695132e-02,-1.936815618892317320e-03,8.057709816269270631e-03,7.834042466257250259e-02,-1.909065658875154893e-03,-2.817267227228411122e-02,8.010713961303628228e-02,4.838575038953459029e-02,-1.611024851720988318e-02,4.029432258581361337e-02,9.258689519580681759e-02,1.441716278606570145e-01,1.332641053363823602e-01,1.122692833912346810e-01,1.551648247790003710e-01,-2.613224418729932080e-02,-1.262555611236284084e-02,-1.730482448877754820e-01,-2.233759469966085931e-01,-7.092891117708445547e-02,5.728564865527674280e-04,3.649092413348152542e-02,4.500610371408993171e-02,1.288039337822421693e-01,1.290056883834557189e-01,1.039233888920147175e-01,1.089945888148255854e-01,5.625842134096721570e-02,8.512139933582386908e-02,5.877567817346588536e-02
-1.542373884310032639e-01,7.264896014768418980e-03,-6.413023369733172885e-02,-3.384627119728696454e-01,-3.640747052330158828e-01,-4.382449465157428059e-01,-5.510269410766132081e-01,-3.671378965797630345e-01,-5.600741118283301123e-01,-9.763646401241726780e-02,-3.960127074866731656e-01,-1.272222026321925825e-01,7.466244261236543167e-02,6.115412524935466276e-01,5.978308761692265882e-01,4.394037828562423198e-01,1.000000000000000000e+00,3.100280274480382015e-01,3.976150873926049267e-01,2.420631980974062292e-01,3.331324674291469834e-01,1.725149805094655375e-01,1.784336574459872149e-01,2.743195703113507911e-01,3.142202076273157424e-02,-4.462401816298430801e-02,1.298048422013245162e-01,9.835376014311721787e-03,-1.854259277222412849e-02,7.986106888820247718e-02,-6.755981157785531654e-02,2.896063188771047167e-02,-7.203475742804521520e-02,-1.291038579838058586e-01,-6.646204602464685085e-02,-1.295017471414994792e-01,-8.416795784483603604e-02,-9.031181911426786058e-02,-1.203585028883346481e-01,-8.698993882238351127e-02,-5.690462752685947895e-02,-8.032497408961968011e-02,-9.712941747753109367e-02,-8.634035422991095943e-02,-1.349418440884257372e-02,7.074827284907893310e-02,-1.913994195261681242e-02,-4.801393222441338593e-02,4.060651623626852780e-02,7.646070667750101690e-02,-3.564556018911830410e-02,-2.044691690540731757e-02,2.250934167298231647e-01,6.779760758238723151e-02,2.144521140680303861e-01,9.435526478781854076e-02,-4.479437045909898107e-02,1.594125320811110857e-01,-6.807286930405631598e-02,-1.691125703268480107e-01,-1.608742785290077359e-01,8.225193288486175314e-02,1.300945039820572136e-01,2.036930984439291326e-01,1.834997045392548487e-01,5.919258344444171954e-02,1.615181575188246177e-01,1.323242184191870674e-01,4.183137046240760493e-02,8.959744959090915062e-02,4.767341162110932951e-02
1.144081296616116239e-01,8.099479668337433713e-02,-7.026083440083735754e-02,7.275512291826501110e-02,-1.630801763390445991e-03,-9.248801229246707278e-02,-2.647588979300578571e-01,1.583025858972638977e-01,-1.748552790940961221e-01,7.317200556561614944e-02,-2.405390440627890314e-01,-3.877229660693514157e-01,-1.992469521762731677e-01,2.047082986796181642e-02,4.905980546246982432e-01,3.175892324341860751e-01,3.100280274480382015e-01,1.000000000000000000e+00,2.993842608027839636e-01,1.109057791519927477e-01,2.437458837843681503e-01,3.449991350638032667e-02,1.176335889694599540e-01,7.510078178485271594e-02,-1.612441988305005902e-01,-1.212219148501568339e-01,7.293873726502742710e-03,-2.574548284023898126e-01,-5.835072966558563917e-02,-6.894798457576596651e-02,-9.107142647101369726e-02,-7.571871025082041462e-02,-8.524660259239663640e-02,-5.559879732637605654e-02,-1.000239537160958203e-01,1.890395955031471190e-02,-1.862165324672836186e-03,3.961669653914501321e-02,-1.791285208208594909e-02,5.658327212012998625e-02,-4.149898972258136282e-02,-1.386829192334686905e-02,-4.281457596702687579e-02,-8.501941520224544357e-02,2.907781343722905254e-02,3.130220323801687771e-02,-7.478858054077562600e-02,-3.190022230759915339e-02,2.895744269811208541e-02,-1.426716326791574625e-02,-2.249361279045253639e-02,1.221076927376880082e-02,9.987065659912852666e-02,3.347653841531260388e-02,9.643488492620969077e-02,4.024637911127561946e-02,-8.178534977474660739e-02,1.853719192578575856e-02,-3.609766315306886519e-02,-1.642757805388584957e-01,-1.160611409032814758e-03,7.362045171257781961e-02,2.172558187898516457e-01,2.201217295110121930e-01,3.218659720531526491e-01,1.651031203828078886e-01,1.624006197273884511e-01,3.370824035316376532e-01,5.848236954906667340e-02,1.237203747466956022e-01,2.039609748419756591e-02
-7.955222747272924777e-02,-3.967775544305462976e-02,-1.295020657265950614e-01,-1.339730855549363386e-01,-1.658726855616615981e-01,-3.390429980332146931e-01,-2.744911109526868009e-01,-1.803654731853097937e-01,-2.761816807588469147e-01,1.031290010599325152e-01,-1.389771228067141207e-01,-1.904053703186892044e-01,-9.964574361643917244e-02,2.621668642077732980e-01,3.052213993444348183e-01,4.309933314168243879e-01,3.976150873926049267e-01,2.993842608027839636e-01,1.000000000000000000e+00,2.376253700289422954e-01,2.630170529728808049e-01,1.155011802977530394e-01,3.271186383028903272e-02,1.567183477691741211e-01,-7.309259965319044039e-02,-1.585547083730865781e-01,-2.774323998766741253e-02,-1.494438954785645979e-01,-1.029528132719856465e-01,-3.119998645979625909e-02,-8.266412479926232848e-02,-3.914990276392230073e-02,-5.677366402788152494e-02,-9.433649467667748478e-02,1.753804199191445323e-03,-4.768717459080434873e-02,1.409814480729798883e-02,4.599945422066161610e-02,-2.469543146137211445e-02,5.188200353436808743e-02,6.967073696290461415e-02,6.489101231431360084e-02,3.070494895256460632e-02,-8.166300809041948487e-04,8.269102485031022687e-02,-4.953856288051896456e-02,-8.183097364835985321e-02,6.837871133734819973e-02,2.432868961747832251e-02,-6.788337179561208801e-02,-9.028035635561031114e-03,3.415350896447041235e-02,1.211399815578097922e-01,6.526657777975426733e-02,9.195299710470168641e-02,7.744825390886504735e-02,-4.942798567454569775e-02,-9.281905102454524048e-03,-1.846266947856050333e-01,-2.198452284815431146e-01,-7.691210745575458030e-02,6.019003506253567393e-02,9.961301421316218208e-02,1.351500765888337952e-01,1.737330202796522616e-01,1.182995520743412160e-01,1.075859383475479270e-01,1.513658808561608171e-01,6.652941492112893207e-02,1.077736501307744316e-01,6.410759684591064989e-02
-1.665718018329462868e-01,-1.739359786533601487e-02,-3.560557496566617991e-02,-8.695255402857854365e-02,-1.556209039969770058e-01,-1.784038755548243982e-01,-2.099317172490094419e-01,-3.552412015554008706e-02,-1.792493319869574442e-01,5.144884541953360924e-02,-1.002255140863025501e-01,7.505112310336271852e-02,5.559734600256585613e-02,1.107387436561119987e-01,8.839949074242252347e-02,4.142918031967150749e-02,2.420631980974062292e-01,1.109057791519927477e-01,2.376253700289422954e-01,1.000000000000000000e+00,3.426096041499611666e-01,4.792185977936310737e-01,3.549185740127642763e-01,3.782645059389700415e-01,3.417105386247101251e-01,8.512686686267832703e-02,3.178375058698884592e-01,6.224492146353691885e-02,1.402203671850819067e-01,1.175260645696211415e-01,2.360392717366858843e-03,6.704822500305547550e-02,1.654394720079091149e-02,-5.599626337280828869e-02,-6.086695185141684922e-02,-1.026113980557231825e-01,-1.548588240321375209e-01,-1.215871685232668975e-01,-1.505148770547150294e-01,-1.178729949138085931e-01,-5.526184293251897028e-02,-1.329102642096575693e-01,-2.053587551901506214e-02,-1.205918116337808266e-01,-6.665939091724870647e-02,-1.304298770260762901e-02,-6.825551734028369177e-02,-1.399343979480082156e-01,-6.428028951240169486e-02,-1.580969685916088288e-02,-1.290505260879511729e-01,-1.544561546006153752e-01,1.639061946305234441e-01,-8.566396637133172343e-02,2.313751233709907540e-01,6.684360211369224508e-03,-7.890773963173092209e-02,2.264119111305798182e-01,-3.232943971216844375e-02,-1.077144756401053338e-01,-1.443782148392478148e-01,9.945560180760729119e-02,6.579105219023211049e-02,2.680023078904755218e-01,1.611533395313244355e-01,-1.543407951441769232e-02,2.263335715553071170e-01,1.150954759517330561e-01,3.329956840149714964e-02,6.307538031767574715e-02,-3.205965183283400791e-04
-3.868399114685710377e-02,1.118848386291305397e-01,-1.198058441829907977e-01,-1.120510794354785539e-01,-2.110809832339127223e-01,-2.243507668861912385e-01,-2.581983454790893195e-01,-1.349966639506542110e-01,-2.905651599937678631e-01,-1.636700174422434373e-01,-2.420969311428353143e-01,2.578336324256217879e-02,1.751104653003772715e-01,2.070347995252838080e-01,2.926584411514391304e-01,1.131379135942512937e-01,3.331324674291469834e-01,2.437458837843681503e-01,2.630170529728808049e-01,3.426096041499611666e-01,1.000000000000000000e+00,4.070494520735460919e-01,3.440677209032715900e-01,4.793909561019963350e-01,1.488072310470168746e-01,-2.924979306090399675e-02,3.032959628552405196e-01,-2.140605163580493533e-02,5.345240730988783107e-02,1.211047319880161621e-01,-4.802057318280567727e-02,8.180468977532999453e-02,5.079773044337507724e-03,-1.126378668552608930e-01,-2.827812455014213147e-02,-7.523160607647375042e-02,-1.272418908206546795e-01,-6.346241231777118019e-02,-1.375584708290727709e-01,-8.919422440158941701e-02,-5.692650129572137535e-02,-1.395512280985033993e-01,-1.181193913400049866e-01,-1.741951321932385111e-01,-4.582809536844592579e-02,7.551346470948996914e-02,-6.968654684708285030e-02,-1.618569953901665692e-01,2.443306210390240943e-02,6.466659768969207356e-02,-1.570111888739402772e-01,-1.548214529934848760e-01,1.891657905425734865e-01,-2.460332096061312868e-02,1.946388876223296427e-01,2.584064272685643315e-02,-1.471795955384787025e-01,1.285008965682756799e-01,-4.432937795512240792e-02,-8.407178796230280193e-02,-4.516408245762500162e-02,1.640545094744171595e-01,2.793292308946004887e-01,4.034746283821601942e-01,3.170475722635408555e-01,7.540739817562019942e-02,2.508912023473085506e-01,2.598577402037743345e-01,5.816110187752105559e-02,8.657251914848154706e-02,2.002561352162736830e-03
-1.663605611649114357e-01,-7.432349291749959508e-02,-9.411330021230143728e-02,-1.279390133866711854e-01,-1.986943896177186808e-01,-1.545993723464898773e-01,-1.486228001778897023e-01,-7.169427732727001734e-02,-9.577152425855431361e-02,-5.445276142894897933e-03,-3.335427540939556873e-02,1.708034514828423167e-01,1.462247554879556599e-01,1.266142816714317387e-01,2.843359282335128010e-02,2.868090312148948925e-02,1.725149805094655375e-01,3.449991350638032667e-02,1.155011802977530394e-01,4.792185977936310737e-01,4.070494520735460919e-01,1.000000000000000000e+00,3.290086781427355445e-01,5.038280850286148693e-01,4.909721741697863906e-01,1.028786834066898748e-01,4.892586089751829737e-01,1.958682383237018154e-01,1.481120371190271512e-01,2.203482914206034149e-01,1.908059718423166587e-02,3.369364374599035511e-02,3.180001095285315410e-02,-9.785067192583785101e-02,-8.938507976865116278e-02,-1.609043326911093197e-01,-2.376240882853199732e-01,-1.986666601736575555e-01,-1.686934404211530569e-01,-1.834286127272907185e-01,-1.124960712300019094e-01,-1.655854884230140989e-01,-5.212229535697274901e-02,-1.441653152163751284e-01,-8.718148600078967636e-02,1.717635532451886743e-02,-5.709636018414215863e-02,-1.548005739098129441e-01,-3.960573568172762182e-02,1.098796365637020635e-02,-1.419766260272082581e-01,-1.251693025973419360e-01,1.986864623400794172e-01,-2.954971650375023268e-02,3.488224982554644082e-01,1.452177188979242584e-01,1.436978106326372928e-05,2.742151229051880690e-01,-5.378874092514616956e-02,-7.697407686101134794e-02,-1.885964445036694415e-01,-1.369155678945720503e-02,-3.524555864670433220e-02,2.992849118111620688e-01,1.540231648736572756e-01,-1.604259004497115074e-02,2.880675849426350688e-01,6.586857658927081083e-02,4.451741844732448605e-02,5.741868864755104301e-02,-1.041453229092638259e-02
