1.000000000000000000e+00,4.712984377615528353e-01,3.273568145832988496e-01,2.900871065341818419e-02,1.815464625080667471e-01,1.100095807602901737e-01,-1.444146323290034784e-01,-3.595092689687488796e-02,8.557680137084539007e-02,-2.458492115334033612e-02,4.360036635326323268e-02,-2.796524710867088603e-03,-1.999407611719510383e-02,-4.541734656915195900e-02,-7.019941348709406170e-02,-3.173818789629592046e-02,-5.763281816424759701e-02,6.937106094491676811e-03,1.186906906354303660e-02,-2.372100299658755351e-02,-8.474878045338914839e-03,-3.667461407706416182e-02,-8.561082874110149954e-03,2.303325550928698225e-03,-1.991837171626933620e-02,-1.422034396251805992e-02,2.867990450977959786e-03,1.201433655721661706e-02,1.598442854358475204e-02,1.700413041542982867e-02,3.708168928804481124e-02,3.675896472856900882e-02,4.943498678897651627e-02,4.609065814008831558e-02,4.723310615732782825e-02,2.296458106139493902e-02,1.405822350897238497e-02,4.617312810309089945e-03,-2.693955961663006479e-02,-3.039492842595997030e-02,4.690808316389859928e-03,2.861548500406158047e-02,1.625618501596829205e-02,4.236854103296718715e-02,3.649904432728821174e-02,1.322865220070882503e-02,4.833729550619916826e-02,1.140901506778195171e-02,-1.792067221157934293e-02,1.112724332710751315e-02,1.032486073310185000e-02,-3.398278106444127533e-02,-1.557773749393953459e-02,-3.832296506592105384e-02,-1.700009244566226194e-02,-3.459121327325957035e-02,-4.731195907457965560e-02,-5.027568953946462416e-02,-5.166394234703856891e-02,-2.893033779326023222e-02,-3.124083295121741002e-02,-3.730500401441441682e-02,-3.332645085741583330e-02,-1.850736022561680696e-02,-3.830752625478148904e-02,1.328347027753253203e-02,1.032407281395760802e-02,-2.124444347878388494e-03,5.370234328327410170e-03,-5.340203106465385950e-03,-1.054868862679258709e-02
4.712984377615528353e-01,1.000000000000000000e+00,2.824484732348196969e-01,1.181839717618204666e-01,2.805485654446689403e-01,9.806378211017230395e-02,-1.301392629390849542e-01,8.619453073914776220e-03,1.497853223610536577e-01,-9.997589101759026421e-04,3.881738531308092516e-02,-3.952702908225838065e-03,-2.744143756007800042e-02,-4.016539319122600094e-02,-2.806072179038171521e-02,-2.263053789989239242e-02,-8.399097151332014788e-02,-3.141323235375557965e-02,-1.152815024409897630e-02,-3.330461434068984761e-02,-3.023076498726090522e-02,-4.790292191808039751e-02,-1.889126463057263020e-02,-3.764310271639016020e-02,-3.926472128787247134e-02,-5.731426125725489623e-02,-2.952087958864384881e-02,7.920529876640854464e-03,1.926542039383944267e-05,-2.121944049100494135e-04,7.636946076413591959e-03,1.311046337981860641e-02,2.923864034773890341e-02,3.196121543241146890e-02,2.932968741514543898e-02,-4.950921421525044525e-03,-3.684366936886696920e-04,-1.628796664675144501e-02,-6.275498884159982221e-03,-4.880309939259119476e-03,-3.243462216798286696e-03,1.658844357432037731e-02,-4.634639589572633195e-03,1.153353089057832827e-02,4.256156300753861227e-02,1.878080220681403734e-02,1.483624095631993524e-02,2.859589508301323482e-02,-1.179738496242083851e-02,-8.176301342519797649e-03,-1.452740265809473325e-02,-4.057874457996157869e-02,-1.742135443030298075e-02,-2.300351859108218031e-02,-1.303059867820704695e-02,-1.905161497791105218e-02,-4.561846882047893015e-02,-3.963683589351084391e-02,-6.254350329015548327e-02,-5.431902413566866428e-02,-2.713717577805507125e-02,-2.491263555812048974e-02,-4.281610109456746548e-03,7.323887970929983393e-03,6.611052957495672233e-03,5.542372298052909013e-02,2.522584244980022664e-02,2.031209843467873116e-02,1.851667584300468669e-02,3.379400075141553855e-02,2.913171424590649261e-02
3.273568145832988496e-01,2.824484732348196969e-01,1.000000000000000000e+00,3.671705015999364718e-01,4.161939182853953145e-01,1.212034740629141377e-01,8.267964382440516624e-02,2.119258548594756264e-01,2.335724129743285693e-01,4.283858703979172289e-02,1.008687478182483110e-01,2.757734870936850990e-02,-5.828895332201401713e-02,-3.103214177340883964e-02,-3.759254948216208397e-02,-6.144571649326976970e-02,-5.520401133430359597e-02,2.552907838990170139e-02,-8.141862754735365929e-03,-6.318961029847387778e-02,-3.828194953550841106e-02,-6.039850039668170217e-02,-7.679715812427581612e-02,-6.595708960183210845e-02,-6.915824514431365144e-02,-5.278350471032618174e-02,-7.243693701977187149e-02,-3.636321570529366110e-02,-2.845713337391431869e-02,-5.576737651861789213e-02,-2.610120382250942506e-02,-2.007165811339273534e-02,-1.842457898259406779e-03,-3.825005627482295969e-03,4.233387650046999129e-02,-9.407900780601502130e-03,-4.545208428632513398e-03,1.416752784576535799e-02,-3.631035792610888546e-02,-3.640295712559585978e-02,-1.302788943690578148e-02,1.383492809816744967e-02,-1.562698832374059474e-02,2.636747957313267249e-02,5.715122672581869623e-02,2.023233712397343089e-03,1.333399431728096891e-02,4.719239974644036384e-02,3.493205869873734770e-02,3.200980042164917883e-02,2.561742259799549420e-02,2.614949847007036650e-03,5.149724844648932015e-03,-1.193514162047420828e-02,-5.326592859565697918e-03,-1.831302504930776634e-02,-1.397599075161551525e-02,-2.466701164823683484e-02,-2.874817419541465802e-02,-3.095617643811143099e-02,5.743250821635488904e-03,-1.372410853674078599e-02,-2.237664919104007111e-02,-3.802517359906591038e-02,-3.213612119583576787e-02,1.587143998832124189e-02,1.682168652093134209e-02,3.724085055380568776e-02,9.166046123153340783e-04,1.029225170128471659e-02,-1.956907465038336402e-02
2.900871065341818419e-02,1.181839717618204666e-01,3.671705015999364718e-01,1.000000000000000000e+00,2.518583333109027378e-01,8.684558773632568285e-02,3.149367887907746910e-01,2.924558466873027340e-01,1.908694024510120268e-01,6.073694972441235490e-02,5.364205876565715514e-02,2.273620963157332170e-02,-6.552276645589721893e-02,-3.014204358217153004e-02,4.766086650859339968e-02,-4.966012955977474469e-02,1.389124875055684598e-02,1.170823890423888791e-02,-4.335162279899596599e-02,-5.326272098842457087e-02,-3.073360928969899944e-02,-4.554465062846876910e-02,-5.866958819944136094e-02,-6.406034272780375405e-02,-8.148532678119582706e-02,-7.453868289365099542e-02,-8.420339762012869766e-02,-1.588079602722947126e-02,-1.150396678608367820e-02,-7.115255755665318704e-02,-1.964238166766724830e-02,-4.373072337678481081e-02,-2.504365658742236170e-02,-5.321809151524020372e-04,3.951854939917746369e-03,4.330980294023047128e-03,-3.265699920650769195e-02,-5.111147506988219548e-03,2.692272162399449685e-03,2.034956019020004846e-03,-2.273486681088687095e-02,-2.076784917454641347e-02,-3.784928252804418275e-02,-3.556515131773633348e-02,-7.373586390644934485e-03,-3.087144294182412804e-02,-5.849756485431904102e-03,2.641174690722409776e-02,7.151456437001371680e-02,4.072316417040484915e-02,2.121055059052257691e-02,9.728137222950353907e-03,2.743205451715345286e-02,1.994449355940491539e-02,-5.443829559525094515e-03,5.126833238951252793e-03,-3.606190773254139541e-03,2.212694175049516841e-03,-8.625619286777228001e-03,-1.550492135361019111e-02,-1.116135404402603289e-02,2.181648299724951896e-03,-2.439588384841100827e-02,-3.423263757507536559e-02,-3.031917724647963802e-02,2.697434832915168116e-03,1.071022807239683898e-02,3.665426149519480925e-02,3.976795685768611671e-02,3.334384052538975213e-02,1.483488811712636857e-02
1.815464625080667471e-01,2.805485654446689403e-01,4.161939182853953145e-01,2.518583333109027378e-01,1.000000000000000000e+00,1.562173078262130699e-01,-1.128673646333798464e-01,2.376241534869809879e-01,4.470931187882034585e-01,2.857882321146575089e-02,9.753025118671367066e-02,2.554358652632023399e-02,-4.035607963295847339e-02,-8.715792994774131759e-04,-4.893447064911344083e-03,-3.781820135745506822e-03,-3.747450867822206544e-02,2.724170664889568813e-02,4.412627409150784996e-02,-1.131072407473717074e-02,2.668735457632481073e-02,-1.645514982315817928e-02,-2.195125849060563031e-02,-1.012868849563951582e-02,-2.220982797625688579e-02,-9.778805412352903348e-03,8.976347466873875469e-03,5.145520142613729282e-05,-8.018614598968467136e-03,1.301290649902515743e-02,-2.050107767328834818e-02,-1.717067291314782699e-03,-2.570274703444906054e-03,3.705478390965341595e-02,3.387384302437933259e-02,2.495012389713937781e-02,1.690875379460795094e-02,3.566863771417089907e-02,5.641720212074975878e-03,-1.582750395465583326e-02,2.113024923362793669e-02,1.205956248981666576e-02,1.315580911265099712e-02,2.297635659002729078e-02,5.467015862922097041e-02,7.389132934169791514e-03,4.020091732766162794e-03,4.421992836016413325e-02,4.383010317001192991e-04,-8.112869386359035026e-03,2.519722990339165990e-03,-1.900504167288438739e-02,-2.612870428780550425e-02,-3.099723033672691086e-02,-1.313684637825746591e-02,-1.375619831378504208e-02,-4.699493843741131549e-02,-2.493919210391162822e-02,-3.467948067164504378e-02,-8.540358573371124515e-03,-1.196194286040300030e-02,-3.382878107372590260e-02,-4.799147364192369453e-02,-2.055073146480331306e-02,-3.508194590506836380e-02,-7.527890509489290789e-03,3.416300492835606245e-02,2.194607362849880852e-02,1.265136356669971200e-02,1.492219060540610383e-02,-1.009806865501502744e-03
1.100095807602901737e-01,9.806378211017230395e-02,1.212034740629141377e-01,8.684558773632568285e-02,1.562173078262130699e-01,1.000000000000000000e+00,1.813885062917973134e-01,-2.180148756121738363e-01,-6.693174299978348063e-02,-2.571866511933427191e-01,-1.827342740219694006e-01,-1.123920870992247412e-01,1.261190011040096669e-02,2.201089823525445924e-02,1.089073267125977018e-02,3.370447409750647327e-02,7.130834612865666333e-02,-2.227715750071532219e-02,1.306207004122588063e-02,1.057433928082370488e-02,1.246871273663389609e-02,1.155549090225295450e-02,-2.583846485142369739e-02,-3.042771620669426288e-02,-1.613120721082830084e-02,-6.488974138711378625e-02,-1.717976797588227286e-02,-5.340982248755414552e-02,7.433069208025064670e-03,-1.477341694844317398e-02,-2.000554263876758512e-02,-4.119323065395430472e-02,-1.035457594859011572e-02,-8.528003469512187087e-03,-3.334074046323317383e-03,9.161222889786744400e-03,9.991824766538507860e-03,1.733383624979760798e-02,-1.444658668814553792e-03,1.964953547924262398e-02,2.287258973021525504e-02,3.064608327228150048e-02,2.842010052581716087e-02,2.605336333828481635e-02,4.291839525984485898e-02,1.188955262233485667e-02,5.339009505202351596e-02,-1.868833183083518914e-03,-1.034480010162677072e-02,1.960408712129481021e-02,3.009976342743921063e-02,-4.405698590449979267e-03,-1.018815747299791838e-02,-2.213271126006308501e-02,-3.555405548358481910e-02,-4.711459465544652614e-03,-4.646743566368295025e-02,-4.223037094358119553e-02,-1.667033614747409631e-02,-5.226338692070458397e-02,-4.935786187705085148e-02,-1.830534488761470513e-02,-1.630392145753603930e-02,-1.992452850075772820e-03,-3.150462403090565494e-02,6.382629518481133584e-04,7.611940043542149252e-03,-1.787345984108899138e-02,4.296536423109740356e-05,5.152904540525605342e-02,2.929629807684450485e-02
-1.444146323290034784e-01,-1.301392629390849542e-01,8.267964382440516624e-02,3.149367887907746910e-01,-1.128673646333798464e-01,1.813885062917973134e-01,1.000000000000000000e+00,2.945576784227487699e-01,6.770681132146560977e-02,1.031126855366196193e-01,4.067209415195000358e-03,4.379048248274576560e-02,1.217756606293182893e-02,-1.350497280857689084e-03,8.368914911356706288e-02,-6.780391344316297197e-02,1.211431240112629953e-01,2.321803904658708423e-02,-3.047256833011242200e-02,-2.341077608875465760e-02,-1.736837912494798575e-02,4.086110167804015043e-03,-4.863953669117974249e-02,-1.383787247329278623e-02,-2.281068819241442377e-02,-5.462313840554872124e-02,-2.989484069503779359e-02,-2.376537061418318095e-02,2.718811343938846298e-02,-3.496621431924593765e-02,-2.428112045374750463e-02,-6.782259064987659902e-02,-2.450787024259611438e-02,-3.887140324317300139e-02,-1.529823497883480050e-02,-2.105442518557132034e-02,-1.994243449558814191e-02,-6.995777088385808987e-03,-1.994430639925013488e-02,1.419911745776816607e-02,-2.396616989185114746e-02,-3.099946292815315696e-02,-2.119841930341925806e-02,-2.516712427654624329e-02,-2.850260239819122493e-02,-3.636211459445242138e-03,-1.684931773233643709e-02,2.105630719854105493e-02,3.135361976759994812e-02,-1.953424280359154341e-03,2.015257203614504063e-03,8.248642923722701234e-03,3.250362552806750072e-02,2.010591972775664996e-02,-5.695753453441597218e-03,1.306297889852717914e-02,3.409181089943164739e-02,1.613730896349732311e-02,2.475715943898980712e-02,-1.755743296644596621e-02,-3.857872207010327320e-02,-1.599930844036258001e-02,-2.662676808884240423e-02,-1.793117272474470739e-02,1.731125353112629439e-02,9.683311914116159505e-03,8.046712367425460459e-06,2.323816949808188079e-02,2.334207630398721714e-02,5.666721212010640552e-02,2.023808490204087943e-02
-3.595092689687488796e-02,8.619453073914776220e-03,2.119258548594756264e-01,2.924558466873027340e-01,2.376241534869809879e-01,-2.180148756121738363e-01,2.945576784227487699e-01,1.000000000000000000e+00,5.029719926927276319e-01,4.994000126831637520e-01,3.559590293854940080e-01,2.329776800859836849e-01,7.303328058084029850e-02,7.371461072379330119e-03,4.408604034882063205e-02,-1.237711772821159240e-01,2.199133460239930185e-02,4.872605553043584531e-02,2.910382192191503150e-03,-1.722215775958696113e-02,-6.707211900859086362e-03,-9.746896177797902822e-03,-3.273921994082423792e-02,-3.373453176841704343e-02,-2.501642482601395406e-02,-3.990051633668881964e-02,-1.241902684738751574e-02,2.939353607619871189e-02,2.472995333490762837e-02,-2.110728899156305918e-03,-7.878611176298705443e-03,-2.079738516667331907e-02,-1.380850395330559567e-02,-7.108808036690524197e-03,1.292067616375991088e-02,-1.803247485405994402e-02,-2.656518510595470145e-02,2.388228211378092165e-03,-2.448194966490123761e-02,-1.226652930066838253e-02,-2.083493971318918503e-02,-3.481037533086334818e-02,-2.851566575637680401e-02,-1.341595753039597633e-02,-4.827474996460225966e-03,2.266976738631327083e-03,-4.098919686488126241e-02,4.905709193333065987e-02,2.864554532771680997e-02,-1.102726703570311960e-02,6.116240538963730634e-03,-1.162306265338381925e-02,-3.855054041462695810e-03,1.051833956599098827e-03,-8.440278725863259099e-03,-1.312016968034114550e-02,-2.124530058193286469e-02,-5.895883094870167478e-03,-2.264420896396469873e-02,-1.286650407843360419e-02,-3.255724990923377412e-03,-4.909088020077203608e-03,-1.937783978533503398e-02,-1.824350222231247223e-02,1.040446812651170221e-02,1.924313785339410929e-02,5.998546325227837456e-02,7.702849313065655845e-02,4.462786349556453064e-02,4.988496121779167208e-02,2.759991378120854252e-02
8.557680137084539007e-02,1.497853223610536577e-01,2.335724129743285693e-01,1.908694024510120268e-01,4.470931187882034585e-01,-6.693174299978348063e-02,6.770681132146560977e-02,5.029719926927276319e-01,1.000000000000000000e+00,2.853463967891866071e-01,3.063077275681929668e-01,1.774528285374419312e-01,1.126022763979829186e-02,-4.539126526755536684e-02,-1.901706409655826852e-02,-9.133060503165058019e-02,-5.722238554523468440e-02,-1.172221515615438220e-02,-1.688201789618089949e-02,-6.426730968264128541e-02,-1.952655655275230620e-02,-4.789209041161589936e-02,-2.906016946065327275e-02,-3.625686394109962213e-02,-2.813549905801845247e-02,-3.461793729408117748e-02,-4.572498998398994915e-03,2.759590264299500387e-03,2.931222564762295778e-03,1.080441136956875221e-02,-2.363264965665246020e-03,-4.791524078239803655e-03,7.593073515475948047e-03,1.623176160249300073e-02,2.271414932062346473e-02,-7.712204138177046475e-03,-4.701456756862751850e-03,1.610232118966735404e-02,-4.507129120342934746e-03,-1.093230334186203259e-02,1.261270571547574125e-02,8.274776637429469631e-03,-3.682196267845523965e-03,-2.396970079886020372e-02,4.197001359295877282e-02,2.937711833079726872e-02,-1.595395721563745706e-02,5.522390511262149221e-02,1.223768982094057892e-02,-3.492732920684844464e-03,1.022890765995698205e-02,-1.080945450988999960e-02,-1.631979360543889951e-02,-2.799414614012701169e-02,-3.599281493048051787e-03,3.013031054693489537e-03,-2.951655719412524942e-02,-2.005736932140085582e-02,-2.028038425305226863e-02,-7.303147334319698945e-03,-3.932322717229978781e-03,-3.208432837668230564e-02,-4.465256065008299524e-02,-5.309176984825612899e-02,-4.391616796833326675e-02,6.017189080561335425e-03,4.874962902153526234e-02,3.971780620842938619e-02,4.025046787747974669e-02,3.697706405848744105e-02,7.026775756744918326e-03
-2.458492115334033612e-02,-9.997589101759026421e-04,4.283858703979172289e-02,6.073694972441235490e-02,2.857882321146575089e-02,-2.571866511933427191e-01,1.031126855366196193e-01,4.994000126831637520e-01,2.853463967891866071e-01,1.000000000000000000e+00,5.128934848831471216e-01,5.760420520471405403e-01,1.736449397056762378e-01,-6.423794188241950705e-03,9.035294260165536995e-02,-9.504421514532153392e-02,1.993228703774922034e-02,6.908330623839324669e-02,-1.844275609060538369e-03,-3.435089989724175730e-02,-1.771882805025561114e-02,-6.495017395049040854e-02,-4.664880545886454510e-02,-3.876602454321683572e-02,-4.045115958780531179e-02,8.401554240798128279e-03,-4.719976750822459793e-02,3.072212296468268544e-02,-5.945548825708572849e-03,-5.373191464231359682e-02,9.340624640044996665e-03,4.022218298159844184e-03,4.560219381407130609e-03,-5.239547927651284215e-02,-1.367473845262167330e-02,-7.969387267799163399e-02,-5.905158737819015541e-02,-5.482608041259763587e-02,-4.901522929813451057e-02,-4.503476144492399302e-02,-5.785061157232899987e-02,-2.715431986261345951e-02,-4.303110920668672817e-02,-1.606160089840003372e-02,1.600504372533689823e-02,-2.636362920089487666e-02,-4.592934375517138124e-02,3.518214043314028122e-02,-9.199895325371467217e-03,-3.257291037154005225e-02,2.772545465914134921e-02,1.953843602368197929e-02,2.130553189937671454e-02,2.140625888963563692e-02,2.414114877417866331e-02,7.343328267020840863e-03,5.639543458406457007e-04,2.007723570223722206e-02,8.885375110205040450e-03,-9.765826139450366206e-03,1.421889575789980244e-02,-1.037265446580334406e-02,-9.139980552366876870e-03,-1.763428229922663071e-02,2.615366410406997841e-02,4.291260336033957817e-02,4.276567167522535295e-02,8.359167255357646820e-02,5.815608564966987665e-02,4.096067986233832559e-02,2.577393116963608982e-02
4.360036635326323268e-02,3.881738531308092516e-02,1.008687478182483110e-01,5.364205876565715514e-02,9.753025118671367066e-02,-1.827342740219694006e-01,4.067209415195000358e-03,3.559590293854940080e-01,3.063077275681929668e-01,5.128934848831471216e-01,1.000000000000000000e+00,3.488430130939431106e-01,1.546958589867921396e-01,-1.268783821543679469e-01,-7.507667032657595885e-02,-1.330380894051465257e-01,-5.655385361505028963e-02,8.426593333297529784e-03,-4.994409884978776026e-02,-6.891633696234837625e-02,-7.262564035791303774e-02,-8.332242107047595214e-02,-6.062548653974669799e-02,-5.645746987138455103e-02,-4.405382557772612867e-02,-2.650870401130707692e-03,-3.756133128043986219e-02,1.018191938599415439e-02,-8.400847127851296739e-03,-6.033384578989374469e-02,1.975766482407593713e-02,3.294787372510493001e-02,9.497468227643159761e-03,2.028800937431742349e-02,2.027300845619890018e-02,-2.179404034764249529e-02,1.246974468174190387e-02,-3.091020783607959649e-02,9.587518804853329552e-03,3.570089481744149335e-02,-3.724626505960726419e-02,-2.573623222369923053e-02,-1.964740868525944456e-02,-5.971676556988218115e-03,-2.598004759699143462e-02,-5.671842585089179045e-02,-5.253471135655381208e-02,-1.628777186430502635e-02,-1.530238464621212074e-02,-2.699768161693799975e-02,-9.272697048973797124e-04,-3.000326240484062906e-02,-5.512099516619268537e-03,-3.272418285104478075e-02,-8.028246859182186501e-03,-1.513085858933261273e-02,-2.851344998457460908e-02,-1.839339286296054476e-02,-2.034728752704674515e-02,-4.834934837653872414e-02,1.783849388708414613e-02,1.675777392715629152e-03,1.038839213347803395e-02,-1.632729314386903094e-03,3.684780245709072533e-02,8.164878056361418723e-02,4.470127359940560124e-02,4.391158614051004355e-02,2.474772801523405716e-02,4.695103183102111721e-02,9.991046537519013629e-03
-2.796524710867088603e-03,-3.952702908225838065e-03,2.757734870936850990e-02,2.273620963157332170e-02,2.554358652632023399e-02,-1.123920870992247412e-01,4.379048248274576560e-02,2.329776800859836849e-01,1.774528285374419312e-01,5.760420520471405403e-01,3.488430130939431106e-01,1.000000000000000000e+00,2.152794119863328803e-01,1.838204085423583017e-02,1.059563328435999680e-01,-5.834331055625519707e-02,1.327021494972344118e-02,7.526180390031184109e-02,5.317587720531977320e-03,-4.865869489657832087e-02,-1.141076456465937861e-02,-7.005857348988622779e-02,-2.075875424008147979e-02,-1.747612370867294290e-02,-1.094509136960683526e-02,6.035999607796066480e-02,-4.086060133307844316e-02,1.975482679138113387e-02,-3.968817666753974432e-02,-6.343672852412995944e-02,-7.567046090699032501e-03,-2.032366367745120674e-03,-1.825139499004099428e-02,-5.508322552682104467e-02,-2.316123146985716447e-02,-5.881972402939188854e-02,-5.345292291533746548e-02,-5.593957906252976231e-02,-4.961425796853281139e-02,-5.484559289334232229e-02,-6.000756623354908809e-02,-2.304222508213176618e-02,-2.709116417805046417e-02,-2.455267304099608902e-03,2.488474456758624914e-02,-3.474809198193547916e-02,-3.004885403039139410e-02,3.041255707500210848e-02,-1.472695680840783311e-02,-2.959880569135464254e-02,3.890447719419514588e-02,3.019149235256737840e-02,2.205887585405333362e-02,2.438635489746713084e-02,1.967498618747591868e-02,8.487120134078672551e-03,2.863371643845685072e-02,1.600136156802298842e-02,4.252258179022125328e-02,4.200663003627486645e-03,4.287705941660055475e-02,9.460021247868698538e-03,-5.140416046913457576e-03,2.393622012175853839e-03,2.983629605142207319e-02,1.215026346260995004e-02,3.303363035732707204e-02,7.215736382906864921e-02,1.518072037583403748e-02,-4.138359592996599182e-03,-2.522024341809838560e-02
-1.999407611719510383e-02,-2.744143756007800042e-02,-5.828895332201401713e-02,-6.552276645589721893e-02,-4.035607963295847339e-02,1.261190011040096669e-02,1.217756606293182893e-02,7.303328058084029850e-02,1.126022763979829186e-02,1.736449397056762378e-01,1.546958589867921396e-01,2.152794119863328803e-01,1.000000000000000000e+00,2.192023390954132567e-01,4.684179549878132731e-02,-8.926543696194420840e-02,1.070541218092937452e-01,1.581562936173032397e-02,8.360439335217741130e-02,3.160322268209288937e-02,1.157655834357892467e-02,1.364121660234428497e-02,1.223336899330724255e-03,-4.287362589705875221e-02,2.592350404937874241e-03,-1.164461666927986069e-02,1.271161094866950269e-03,1.473467351834836445e-02,3.709111129989398764e-02,1.674724697793824463e-02,2.099586814020113976e-02,-5.068437532798801895e-03,-9.420517570422733133e-03,-3.431505741037436941e-02,2.320541435105796108e-02,-2.205409361251643025e-02,1.606752621238244361e-02,-2.190418783597497879e-02,-1.291769820350093662e-02,-1.407450590932887713e-02,-3.446294713896343870e-02,-8.366867691988640054e-03,-1.924713271590700395e-02,-1.210887871955859630e-03,-5.197094351385917084e-03,-5.388213134214959316e-02,-4.766470565518380470e-02,-3.180695360299181512e-02,-2.618354404193045607e-03,-1.058892053173138108e-02,-7.303003358571057146e-03,-3.571197222753787204e-02,-1.117379421636752884e-02,1.898353396514514818e-02,-6.116758526289052186e-03,-1.096821968496057911e-02,1.580102211294594217e-02,-2.672690413533907600e-02,-8.143371485899037962e-03,-2.440811610669578122e-02,-3.186129154026885735e-02,1.284748834988028686e-02,-2.435448457738199554e-03,3.778369295213276219e-02,4.834317023719248568e-02,3.277592358794947924e-02,5.390701018241367964e-02,7.980217715645199217e-02,3.293244556404255341e-02,4.802755876331196022e-02,2.826987712465188832e-02
-4.541734656915195900e-02,-4.016539319122600094e-02,-3.103214177340883964e-02,-3.014204358217153004e-02,-8.715792994774131759e-04,2.201089823525445924e-02,-1.350497280857689084e-03,7.371461072379330119e-03,-4.539126526755536684e-02,-6.423794188241950705e-03,-1.268783821543679469e-01,1.838204085423583017e-02,2.192023390954132567e-01,1.000000000000000000e+00,4.527792669402366799e-01,4.183321418973570127e-01,4.517704267801488927e-01,1.779831573413604706e-01,2.276227665413252665e-01,1.535102346893210679e-01,1.449790100647264102e-01,1.139396281225664581e-01,6.466069791480962003e-02,3.696702219132121797e-02,9.200411869903588058e-02,4.435526074651437167e-02,6.619007523880640620e-02,3.748295426359171678e-02,8.087521985005272085e-03,9.117326339690202952e-02,-3.389666469889088263e-02,-4.136978027676223302e-02,-4.521188618099949985e-02,-7.394056354419822896e-02,-1.775443765019726547e-02,-1.945569248683772651e-02,1.152059615797826342e-02,1.464946910507293433e-03,-3.606563492098929097e-02,-1.113922828761566494e-02,-3.818423001263624664e-03,2.414773677303951732e-02,6.787043208607285508e-03,-1.185317014317646689e-02,1.032798490154603413e-02,-5.785916525201157193e-03,-3.416741775041566564e-02,5.946870840881538813e-03,6.494701692723518598e-03,3.501036218675216295e-03,2.441876378089093483e-02,1.601158708531093613e-02,-1.449849348859419450e-03,4.355129355718407452e-02,2.131602672817804744e-02,2.265096375025901776e-02,1.962783724905829003e-02,-3.052676471694589985e-02,3.154575940943643575e-02,1.481896539305665485e-02,-2.134614732186305291e-02,5.617810020845457296e-03,5.490878528581967510e-03,4.334537633878158408e-02,2.504005984499160786e-02,-5.159571025195301003e-02,5.717693243741721332e-02,6.164466453065575724e-02,1.411827890150891412e-03,1.497692812087136373e-02,1.714488747572121691e-02
-7.019941348709406170e-02,-2.806072179038171521e-02,-3.759254948216208397e-02,4.766086650859339968e-02,-4.893447064911344083e-03,1.089073267125977018e-02,8.368914911356706288e-02,4.408604034882063205e-02,-1.901706409655826852e-02,9.035294260165536995e-02,-7.507667032657595885e-02,1.059563328435999680e-01,4.684179549878132731e-02,4.527792669402366799e-01,1.000000000000000000e+00,3.489174868321870404e-01,3.219409381764832823e-01,1.029155329279594633e-01,1.503729337993108539e-01,5.758093762069416838e-02,9.133750899867254525e-02,-5.996151563266143708e-03,1.093516052225761322e-02,1.222232889135920972e-02,1.645660431512635524e-02,5.066512435113901952e-02,1.554416211598033497e-02,2.405970801542488616e-02,-1.752881108285046091e-02,9.566007832249062703e-03,-1.027703068232096832e-02,-9.199359742535296106e-03,-9.436550276919119726e-03,-5.601314295263715853e-02,-1.969090440236903952e-02,-3.899589434935374355e-02,-4.721304138399930878e-02,-4.213404426306403133e-02,-7.830270323501394014e-02,-5.488772258486639827e-02,-3.461389254679141103e-02,-2.643662698524354079e-02,-3.818117090654424978e-02,-7.202194031896105852e-02,-2.132788466453407888e-02,-3.683148077937099113e-02,-6.220291852014147443e-02,1.277486259137647524e-02,8.665860981192161430e-03,-2.328598544330096054e-02,1.263619626714549901e-02,3.107733056154677112e-02,1.544721702114948414e-02,8.150081527775095147e-02,2.420149418409409808e-02,4.342665767631037621e-02,1.301299791232816278e-02,1.784489870995314628e-02,4.856856192463621102e-02,3.349865063948660043e-02,2.962020516279125024e-03,4.320478400839130109e-03,-7.618818808114028243e-03,4.538913152562380759e-02,6.746128837237348741e-02,6.973507772295258443e-03,4.661957651858829321e-02,6.426653807211001046e-02,1.992335014625125703e-02,1.297469886504472487e-02,1.389278365122245673e-02
-3.173818789629592046e-02,-2.263053789989239242e-02,-6.144571649326976970e-02,-4.966012955977474469e-02,-3.781820135745506822e-03,3.370447409750647327e-02,-6.780391344316297197e-02,-1.237711772821159240e-01,-9.133060503165058019e-02,-9.504421514532153392e-02,-1.330380894051465257e-01,-5.834331055625519707e-02,-8.926543696194420840e-02,4.183321418973570127e-01,3.489174868321870404e-01,1.000000000000000000e+00,1.875045552983458930e-01,5.700436690054954542e-02,4.941105732017311847e-02,1.229107969916863885e-01,1.244619669742309392e-01,1.021140520022795345e-01,1.034944366022234052e-01,5.449257609898562615e-02,1.122316661609130267e-01,4.062327406970595717e-02,8.880280268396970045e-02,4.747481524388348639e-02,1.335422412875793274e-02,1.033021843181656935e-01,-6.610719675366096525e-03,-7.795562800730518153e-03,-7.241622242761091253e-03,-2.608574321555997069e-02,-1.606257473636357735e-02,3.170085743873159861e-02,5.711059656649768862e-02,4.047874720516381197e-02,-1.396034430130985160e-02,3.513159236581850364e-02,2.836181290497085186e-02,4.582583896135020846e-02,1.620660318183473128e-02,3.670092439253874934e-04,-7.733207976767152159e-03,2.454675643620191083e-02,-5.097108868939805894e-03,5.069183510391078035e-03,-1.248123480988530890e-02,-1.052764835423929297e-02,1.119798810443579234e-02,1.286045044851296705e-02,-1.488274062378754439e-02,2.436732219584348755e-02,-8.669210490543347372e-03,-1.124354405225169544e-02,-3.505336576424988165e-02,-3.553347482893116221e-02,2.935388919727751570e-03,-7.333564390306507048e-04,-2.439473166553874500e-02,-1.835273914741109014e-02,9.969702748299782372e-04,9.409194499206638765e-03,-1.305376179537624283e-02,-8.356709592195579739e-02,1.905661369484065726e-02,6.004296848826106738e-03,1.094671475809874846e-02,2.417549299938334759e-03,2.022132223114508041e-03
-5.763281816424759701e-02,-8.399097151332014788e-02,-5.520401133430359597e-02,1.389124875055684598e-02,-3.747450867822206544e-02,7.130834612865666333e-02,1.211431240112629953e-01,2.199133460239930185e-02,-5.722238554523468440e-02,1.993228703774922034e-02,-5.655385361505028963e-02,1.327021494972344118e-02,1.070541218092937452e-01,4.517704267801488927e-01,3.219409381764832823e-01,1.875045552983458930e-01,1.000000000000000000e+00,3.113003330305532113e-01,2.917162094599992650e-01,1.723267810428806834e-01,1.627364974026034028e-01,1.367195908038313368e-01,8.529637678929979927e-02,8.905519071831126399e-02,1.090428834250998652e-01,5.118865984280495524e-02,8.447197298398927134e-02,3.288384303444663592e-02,3.731521422786483744e-02,8.982708846063358621e-02,-1.573940908528684637e-02,-1.106703805469923252e-02,-1.592080772937143340e-02,-3.833266423616562418e-02,2.914029527328238986e-02,-1.883786104471939921e-02,-2.361701857658607406e-02,-4.706890493739709219e-02,-3.758034580784706813e-02,-2.079816398003147063e-02,-3.746981091195698832e-02,-2.273105654513194601e-02,-5.895126390841994718e-03,-1.586623714272743235e-02,-9.295799622724140038e-03,-3.664666373752627215e-02,-3.293437093756131778e-02,9.229382420589099523e-03,1.661219845071140733e-02,-1.510871442280669295e-02,2.492263758849627003e-02,1.389262370379988967e-02,-1.030310969196368380e-02,4.329891897874386941e-02,2.637892918478360743e-02,4.916317293712581249e-02,4.460918927417676511e-02,1.576741612553692008e-03,5.139928713035830932e-02,1.724558064722667497e-02,-5.726926598692620024e-02,-1.841632632505638134e-02,-2.226566823318887681e-02,6.329060086906582172e-02,4.372639933997336109e-02,-2.936326187795128967e-02,3.507744648056834724e-02,1.596705866399096216e-02,-5.640316426536409744e-03,3.422985800650393817e-02,3.542844036277861125e-02
6.937106094491676811e-03,-3.141323235375557965e-02,2.552907838990170139e-02,1.170823890423888791e-02,2.724170664889568813e-02,-2.227715750071532219e-02,2.321803904658708423e-02,4.872605553043584531e-02,-1.172221515615438220e-02,6.908330623839324669e-02,8.426593333297529784e-03,7.526180390031184109e-02,1.581562936173032397e-02,1.779831573413604706e-01,1.029155329279594633e-01,5.700436690054954542e-02,3.113003330305532113e-01,1.000000000000000000e+00,2.898985238154350164e-01,1.594151190352229019e-01,1.914173985574650072e-01,1.425470391847278584e-01,1.117819326014860143e-01,1.612028376056296730e-01,1.219823223546119273e-01,1.331649018252939187e-01,9.735634969483851486e-02,7.094596739435714283e-02,1.975539640035934089e-02,3.332035728079822678e-02,-1.155577793615666232e-02,-4.644793004487140185e-03,-3.944646227972331554e-03,-2.939011894030917407e-02,1.145175466149005693e-02,-2.578030241163217426e-02,-2.337442830070587951e-02,-4.980351477343253515e-03,-3.566362423049673769e-02,-2.373530352908126417e-02,-6.430407840721392640e-03,8.179769197308690148e-03,1.982744296910640344e-02,5.522238641941075443e-03,2.171280360297045756e-02,2.180025270956528847e-03,-1.809772884529422740e-02,2.677813723141945004e-02,-2.822255282442247271e-02,-2.489826936303412425e-02,3.604317034522776936e-02,1.699230357650384840e-02,-5.898856627685024681e-03,2.110399283348740607e-02,-2.677505456335469141e-03,-3.291746831102954768e-02,-8.228300214419620104e-03,-3.203622155760966345e-02,6.881682212380372914e-03,-2.533868879991721737e-03,-2.452316440906448028e-02,-1.557140477688520076e-03,-1.066840844122169535e-02,5.130470112747005651e-02,6.599177332931328854e-02,-4.508120826235538503e-02,2.763442216408494492e-03,4.665244760921787720e-02,-5.997352460688285675e-02,-4.051297650910555548e-02,-3.362882661534297157e-02
1.186906906354303660e-02,-1.152815024409897630e-02,-8.141862754735365929e-03,-4.335162279899596599e-02,4.412627409150784996e-02,1.306207004122588063e-02,-3.047256833011242200e-02,2.910382192191503150e-03,-1.688201789618089949e-02,-1.844275609060538369e-03,-4.994409884978776026e-02,5.317587720531977320e-03,8.360439335217741130e-02,2.276227665413252665e-01,1.503729337993108539e-01,4.941105732017311847e-02,2.917162094599992650e-01,2.898985238154350164e-01,1.000000000000000000e+00,2.799145295968299418e-01,2.858383125604995745e-01,2.099094145124182353e-01,1.133285836952282188e-01,1.370532104958618602e-01,1.148975450123183029e-01,1.047920167996825858e-01,1.139998252003772833e-01,1.188519809225165730e-01,4.925167064671542860e-02,7.338501854824640291e-02,7.905111998414132007e-03,4.672704225643106030e-02,6.164491339343183829e-02,4.854082621085695215e-02,5.283877729544490809e-02,1.059589978769175274e-02,-3.100018638205695280e-03,-1.684215387719633934e-03,-2.451952083886628497e-02,-3.910817804564008932e-02,6.125063365522157499e-04,-4.537736778035632301e-02,1.375910731103826765e-02,-7.398696782691832098e-03,-2.399974148781505029e-02,3.013160702035675223e-03,-3.803686894543105435e-02,1.598973967791970582e-02,-4.626125378810880262e-02,-7.499806260560193394e-02,-1.455216563545824737e-02,-3.579048200662637846e-02,-5.037856922820300315e-02,3.823223400764105221e-03,2.040202960247666786e-02,-3.052143594159170345e-02,2.578370158615526236e-02,-3.755931086005499103e-02,5.308920480680161431e-03,-1.098208756141964620e-03,-1.827562854291315403e-02,-3.083901229091562043e-02,-6.726486955716648453e-02,3.345589080931461040e-02,6.116556493370067793e-02,-2.132163378101396486e-02,2.003121655191806780e-02,4.247058216442675671e-02,-4.091293261075586857e-02,-5.582257495425418242e-02,-1.353043505356875224e-02
-2.372100299658755351e-02,-3.330461434068984761e-02,-6.318961029847387778e-02,-5.326272098842457087e-02,-1.131072407473717074e-02,1.057433928082370488e-02,-2.341077608875465760e-02,-1.722215775958696113e-02,-6.426730968264128541e-02,-3.435089989724175730e-02,-6.891633696234837625e-02,-4.865869489657832087e-02,3.160322268209288937e-02,1.535102346893210679e-01,5.758093762069416838e-02,1.229107969916863885e-01,1.723267810428806834e-01,1.594151190352229019e-01,2.799145295968299418e-01,1.000000000000000000e+00,3.986835866970185882e-01,5.715085684875449434e-01,3.003549143903728735e-01,1.906272516422671537e-01,1.980340331131902332e-01,1.610758458342906041e-01,1.462374953657943899e-01,1.068284718375561576e-01,8.578137721826643858e-02,7.246054049706110445e-02,2.512237409464022561e-02,3.678634698183388257e-02,7.312543434411633569e-02,5.181157765833788349e-03,1.512629809519118809e-02,2.672743688475657381e-02,-5.841289463827064460e-02,1.497235648519013376e-02,-1.258002815430639756e-02,-8.320001731563260103e-03,-1.840503084571443529e-02,-1.400164744750017698e-03,8.945100057649851139e-03,-2.249690055200374503e-02,-5.518827962840210100e-02,-2.527486450428562820e-02,-4.098463674310221655e-02,-2.469837893940871748e-03,1.792683695495786086e-02,-5.276632587954938058e-02,-2.191765091400264820e-02,9.009342630721186044e-04,3.487855875994103853e-03,-2.887991909374041256e-03,1.108243137899951949e-02,-1.777343291367028053e-02,-2.609510949536377605e-02,-3.903774815304487250e-02,-1.430776875313797061e-02,-8.135443041938776251e-03,-4.284004583147712347e-02,-7.304896403372617385e-03,-3.752894820063183701e-02,3.599014043215734149e-02,2.795505380229440159e-02,-8.651524453870056142e-02,2.097413579963991123e-02,1.916088036709855807e-02,-1.808041666688251295e-02,-2.435051130452386275e-02,1.672117524823476273e-04
-8.474878045338914839e-03,-3.023076498726090522e-02,-3.828194953550841106e-02,-3.073360928969899944e-02,2.668735457632481073e-02,1.246871273663389609e-02,-1.736837912494798575e-02,-6.707211900859086362e-03,-1.952655655275230620e-02,-1.771882805025561114e-02,-7.262564035791303774e-02,-1.141076456465937861e-02,1.157655834357892467e-02,1.449790100647264102e-01,9.133750899867254525e-02,1.244619669742309392e-01,1.627364974026034028e-01,1.914173985574650072e-01,2.858383125604995745e-01,3.986835866970185882e-01,1.000000000000000000e+00,4.422522923321428046e-01,4.463497868405816860e-01,3.516926371656169392e-01,2.478454189482108272e-01,2.317391787568543471e-01,2.327750715684365479e-01,1.287248474707992918e-01,8.912126186342132772e-02,1.335048729496995379e-01,2.091951281553009259e-02,2.241443072217986707e-02,4.876678542440733566e-02,2.038206212374726531e-02,1.378034357317727519e-02,4.514631530868576381e-02,-4.060531813758325517e-03,2.742679612768513311e-02,-5.070758215504999125e-03,-1.944650819078677650e-02,-6.953751617047426378e-03,-3.171507621761424089e-02,6.259897752766276080e-02,-5.352686970292845799e-03,-5.801657092257450632e-02,-7.062651825672762451e-03,-1.774017781627541118e-02,1.773313341235991519e-02,-2.628533571870688562e-02,-6.783054300917465418e-02,-1.003199920318485587e-02,-1.355502159978561744e-02,-5.940047955099327093e-02,-2.200310879733754707e-02,-1.485570726752481752e-02,-5.003771853877939796e-02,-2.410512097854545718e-02,-2.387113423842908422e-02,-8.797373250436814340e-03,-2.737193126664534681e-02,-4.454044606928938416e-02,-1.508212655554039446e-02,-2.205299779166216417e-02,5.653694600198197473e-02,6.098197039089318927e-02,-9.444722555982083823e-02,5.978308618826974792e-03,2.235154930420655758e-02,-6.415793874559039267e-02,-8.215466574354067519e-02,-4.173001882316382943e-02
-3.667461407706416182e-02,-4.790292191808039751e-02,-6.039850039668170217e-02,-4.554465062846876910e-02,-1.645514982315817928e-02,1.155549090225295450e-02,4.086110167804015043e-03,-9.746896177797902822e-03,-4.789209041161589936e-02,-6.495017395049040854e-02,-8.332242107047595214e-02,-7.005857348988622779e-02,1.364121660234428497e-02,1.139396281225664581e-01,-5.996151563266143708e-03,1.021140520022795345e-01,1.367195908038313368e-01,1.425470391847278584e-01,2.099094145124182353e-01,5.715085684875449434e-01,4.422522923321428046e-01,1.000000000000000000e+00,3.156834974364200463e-01,2.973693792461667429e-01,2.631262535999694396e-01,1.615134036145530749e-01,2.594554748153539148e-01,1.330865562314521300e-01,1.159343398184280727e-01,1.615440767551314383e-01,4.793734756235679129e-02,5.921088007931649133e-02,7.675363048308553315e-02,3.725048627127903328e-02,4.092040282298001902e-02,6.805811124139640733e-02,1.635067893849984945e-03,5.295573246644741383e-02,-1.428367952148466499e-02,6.152614330022244601e-03,-4.040872291817159019e-03,-1.266179055901719280e-02,1.708801131605595935e-02,-1.457757969523144209e-02,-6.879433035159628063e-02,-1.211442880303858702e-02,-3.885223448984077149e-02,-1.346229558762316583e-03,3.020621898019913015e-02,-5.196489007943225907e-02,-3.753670418005672360e-02,5.255537415489067860e-03,-2.294666524865224960e-02,-2.040147495309690626e-02,-1.540006918797982849e-02,-4.373354019917535807e-02,-2.968642253430157918e-02,-5.124632028182354165e-02,-1.601740940329881777e-02,-2.094915922591536819e-02,-8.612240697329745509e-02,-3.912423077851930747e-02,-2.962758686654326165e-02,5.056550740736697608e-02,8.998375173094666502e-03,-1.374503148018521859e-01,-2.217119009556389134e-03,-9.022283313482750908e-03,-2.206324656863033543e-02,-5.942832571173852635e-02,-1.147606274898835092e-02
