1.000000000000000000e+00,3.900650524898834348e-01,3.697055408700999912e-01,-6.960653499180103898e-01,-3.607622041861728857e-01,5.845935993008793963e-01,-1.079273348143087313e-01,-7.817753519549209829e-01,1.373813453082349534e-01,4.809912561049990987e-01,-5.826657412281529558e-01,-4.722516705462055930e-01,5.306221107641306833e-01,3.491834926851083293e-02,-7.500690230608356712e-01,6.179239034694378879e-03,5.300294229402078283e-01,-4.090970164108836404e-01,-6.035653293082522408e-01,3.948173415096392636e-01,2.778022004743008200e-01,-6.906282618985887245e-01,-2.201449455382241405e-01,5.869889103046174172e-01,-1.685433246133448693e-01,-6.923711676673652837e-01,2.476152791918283524e-01,4.676391987624372026e-01,-5.513708972957529486e-01,-4.301792786639039301e-01,5.341510504347439792e-01,1.195217571970871862e-01,-7.318793191793636632e-01,3.163050597032189895e-03,5.573508212632216630e-01,-3.601993340185988823e-01,-5.847493237065628513e-01,4.092718089495315792e-01,2.670697795393869312e-01,-6.360092983377523268e-01,-1.473681294199874203e-01,2.668302012094210807e-01,-1.735319868814611255e-01,-2.219728305723707162e-01,8.382958199732130911e-02,-1.395253059871391088e-01,-3.156880578742904397e-02,-2.964027117519166254e-01,4.775572913697800903e-01,4.265990622442169533e-01,-3.241718552414383780e-01,-4.730117629484500985e-02,6.530810969758511497e-01,1.104884312869996443e-01,-3.949467051343894530e-01,3.322893960647286260e-01,5.854250270923967436e-01,-2.428580686507372244e-01,-1.480555027697333659e-01,6.333125948404616512e-01,2.360330396281028753e-01,-4.034315045530923460e-01,1.847146144361564435e-01,6.372501024582873930e-01,-1.180922235891269934e-01,-3.109082747640972699e-01,5.640041613480001326e-01,3.719584296838581161e-01,-3.815128594237349180e-01,7.975932814474062660e-02,6.947686034639827257e-01,3.221202881756077968e-02,-3.818352092084808524e-01,3.908183959014177589e-01,5.864028720939027384e-01,-2.540748716665822138e-01,-1.869045740771893005e-01,6.702088167083170012e-01,2.526176708206682164e-01,-4.683715367677876995e-01,2.687986482511050546e-01,6.623392181003124879e-01,-1.837246785218645817e-01,-3.211559908265070318e-01,5.814847765158015491e-01,4.857138630123173373e-01,-3.756699210671955447e-01,-8.748764153125285215e-02,6.950247797186923648e-01,1.293530703575693497e-01,-4.509955541012375946e-01,2.737688378150338053e-01,-4.679953695738545694e-01,-5.391553016570361789e-01,-6.132221969128012207e-01,-5.463879540565768078e-01,-6.266891105874778933e-01,-4.029429295902657859e-01,-5.407901526037560691e-01,-4.518857327556581316e-01,-3.011485706504781756e-01,-4.057801311786124465e-01,-4.140752663398930000e-01,-1.625924656824782877e-01,-1.122358382777817742e-01,3.926674424315388170e-03,1.277965719925497623e-01,1.690410296095190557e-01,4.940149138431119274e-02,2.124950908981218523e-01,1.307805284802162748e-03,2.835143089081987311e-01,-8.963109309642831868e-02,1.312187068633331177e-01,4.715742336188088468e-01,8.999319907638289595e-02,2.317513029602027638e-02,-1.532457232367402944e-01,-1.313531210690214446e-01,9.742604005625427055e-02,-6.019552354558822815e-02,3.297138726553883736e-01,2.241277544190826976e-01,1.816136796928245201e-01,4.579567881398620144e-01,1.091920462779231854e-01,3.097825773842914909e-01,6.147551784926501561e-01,4.943334502482295556e-01,3.192892686800828383e-01,2.778475824108516679e-01,2.697974076541234112e-01,9.724153758927601976e-02,1.647391433833684388e-02,-8.343794185375937034e-02,3.273425500196280313e-01,-1.670042062720425713e-01,2.983398006477046560e-01,1.953450311600750389e-01
3.900650524898834348e-01,1.000000000000000000e+00,4.788356779261235957e-02,-5.768723146208312169e-01,4.158361236598179800e-01,7.325534778402372771e-01,-3.938021905115640098e-01,-3.233635532373031474e-01,7.934353573453233333e-01,2.868219906927847451e-01,-5.713942806699472410e-01,2.532108126619393440e-01,7.785563492849673084e-01,-2.019221551453972696e-01,-3.606443055453115720e-01,6.476430541200940416e-01,5.069809646998860719e-01,-4.729180318962554197e-01,1.853776277000803233e-02,8.039597515372420844e-01,3.478525799411005121e-02,-4.744182411937554189e-01,4.796419678852388846e-01,6.287132313903185388e-01,-3.715064420687850255e-01,-1.371256911285395619e-01,7.746814570910088849e-01,2.495905249543011739e-01,-5.164738874323505646e-01,2.919795216419868722e-01,7.606061149986410586e-01,-2.121694176416284161e-01,-3.501153792498436501e-01,6.660810308859353990e-01,4.067786062877879472e-01,-4.982269921405901858e-01,8.062789109572522650e-02,7.741344835481690501e-01,5.244590249259150488e-02,-5.045888034551236911e-01,-1.832390489604174000e-01,2.393690518351558882e-01,-4.101450517591895273e-01,-5.072568733927252937e-01,-3.108743965401329357e-01,-4.101742258308824912e-02,3.410728034672885073e-02,-6.702070153044517031e-01,-7.668149794102382955e-02,4.573503974123473426e-01,-3.448633294484806378e-01,-5.915643308504139330e-01,2.998872774957205833e-01,1.907092200660361614e-01,-6.694649611674373668e-01,-2.418109935892570894e-01,4.810764331428875051e-01,-1.671660112887549676e-01,-6.812933708333441807e-01,2.029031479472344635e-01,3.811667096590199977e-01,-5.462027265173929891e-01,-4.314632266574008335e-01,4.509212163337599222e-01,3.489429114018395475e-03,-7.172483489789821531e-01,-1.969978324315012179e-03,4.529135608937609470e-01,-4.371432192194740218e-01,-5.657226425788558499e-01,4.149784090706717388e-01,2.229939239609350365e-01,-6.746039786478024158e-01,-2.472433751160198201e-01,5.314614372353764216e-01,-2.108675148807107047e-01,-7.066151628393435580e-01,1.898079387799416207e-01,3.656528612928373057e-01,-6.095129041959144178e-01,-4.112304675762655792e-01,5.174002691791353969e-01,4.945594371653888426e-03,-7.553132276546029589e-01,-1.453045766709284200e-03,5.723651080674032610e-01,-2.748515841065522491e-01,-6.506585045216639607e-01,2.886282467896835180e-01,3.730905068743295971e-01,-5.953221156635992717e-01,-3.809788789792071806e-01,-3.900432189928022542e-01,-3.861693224254177381e-01,-3.634671826472766765e-01,-2.984243825953830209e-03,-4.713342829657449773e-01,3.314562644559262278e-02,-7.510570234148944424e-02,-2.379903055366779097e-02,1.706018809224630894e-01,-1.873929167993336475e-02,-7.036532691414915108e-02,1.458682530747824890e-01,4.241949877210952069e-01,2.910370870160757795e-01,3.473606721950735499e-01,4.201212145069588844e-01,3.160466181612602288e-01,4.479159611386225315e-01,1.453506203262312224e-01,2.341774760931529809e-01,2.179412521368798428e-01,-1.190632192537937478e-01,-6.755471674826846185e-02,-5.223789447722250179e-01,-2.568258153888617334e-01,-3.814513673380064973e-01,-1.235312883989116567e-01,-7.826568989619028804e-02,-3.261344309614955250e-01,2.078518088989223800e-01,-3.274953346905092877e-01,-7.032831834285596662e-02,-1.942102895035806992e-02,-3.691654088253025212e-01,1.832930547145722178e-01,2.789185637170554788e-01,2.547913969338827522e-01,5.135663173168401041e-01,4.210099994740539309e-01,5.606962616990798232e-01,4.392286687662838585e-01,5.571028683442403873e-01,1.794369280454897742e-01,6.039356262326299740e-01,2.339212500444667331e-01,2.218168001287204039e-01,2.548923143447961448e-01
3.697055408700999912e-01,4.788356779261235957e-02,1.000000000000000000e+00,-1.185271461130879209e-02,-5.985017167349918621e-01,5.364281350503258272e-01,6.701876656968114299e-01,-4.980173500799598973e-01,-1.990541166551013652e-01,8.272461972151713416e-01,1.609665512992279057e-01,-6.098216273325206549e-01,3.482644534301274075e-01,7.477669662700805464e-01,-3.586601394501470197e-01,-4.205771485010743049e-01,6.902245528956544307e-01,3.720245336094836763e-01,-6.186950412390904708e-01,4.431461488991551151e-02,8.162291109672318301e-01,-9.441860770560099592e-02,-5.142160330382281597e-01,5.418290314391740470e-01,5.882580175867166972e-01,-4.762999763776316620e-01,-1.531020921829428783e-01,8.006152860318894726e-01,1.675899651683601110e-01,-5.518869993183622702e-01,3.088335559142825759e-01,7.481971456062060932e-01,-2.463443799826704472e-01,-3.237175883910691221e-01,7.014300669127083721e-01,3.878118112545546614e-01,-5.035734821208787126e-01,7.252455515350876569e-02,7.675519651486453210e-01,-4.393275092755000860e-02,3.822832257465955674e-01,6.068171981512776592e-01,4.082321931319101704e-01,-1.773375055628706454e-02,-1.809201568676019611e-01,-3.891920521572214686e-01,-6.263620789726619398e-01,-1.248899094309414148e-01,5.018743000723248082e-01,-2.176081314950590317e-01,-6.330054315015060107e-01,2.652862196596984523e-01,4.098986328860440009e-01,-5.624039825751556698e-01,-3.216076767620753007e-01,5.550458178422209565e-01,1.968135613603204381e-02,-7.098919912686570965e-01,9.911565099091866615e-02,5.007300053571898113e-01,-4.529177103325980336e-01,-5.308769403240868323e-01,4.572332137975081978e-01,1.861631561594778161e-01,-6.821431503922672501e-01,-7.676965641642163884e-02,5.185700394512334777e-01,-3.024450839041816219e-01,-6.160677660270168499e-01,3.404484209938533623e-01,3.651118527157645732e-01,-6.095308853110430469e-01,-3.718313071539332548e-01,5.598749957099231622e-01,-1.419267597034121545e-02,-7.148697593479709234e-01,1.291953038816798238e-01,5.294958019795188431e-01,-4.831411671279402520e-01,-5.090563380539242511e-01,4.753068920548051968e-01,1.341646719289408540e-01,-7.305553172214245272e-01,-1.481318752603292543e-01,5.540435337300541052e-01,-2.067387002910721083e-01,-6.988708316478142724e-01,1.846887790201062196e-01,3.848290055587423875e-01,-5.579033807996441885e-01,-4.741779940289967965e-01,4.438861545828597932e-01,2.360172924793232097e-01,-6.231406370049731303e-01,-1.006678440175932665e-01,-4.664911754984265579e-01,-1.593165859141608409e-01,-8.054728848020371867e-02,-2.878310003159894603e-01,-3.635097367314796268e-02,-1.093159154093134716e-01,-1.476781941654412567e-01,-7.195193092638357824e-02,2.177673476408853448e-01,3.318549176564779962e-02,2.200825387906661657e-01,3.499037402183879375e-01,2.926176284644027015e-01,1.652140620474600308e-01,4.012450583442367935e-01,1.963258280801052080e-01,1.643951495697705822e-01,6.521638013349648211e-02,2.386642775318918441e-01,7.590048184712357149e-02,2.764096146205804461e-01,-3.906102840172426260e-01,-5.672223371108106038e-01,-5.278605093795840641e-01,-3.251250987026383932e-01,-5.104461386658696309e-01,-1.729406852689210627e-01,1.048294926389752163e-01,-4.105024911355238393e-01,-5.069077731482055788e-02,-2.275729367010692616e-01,-3.673511745365600767e-01,2.627029709915255640e-01,8.479262123033385126e-03,1.925464054889357846e-01,5.328258402689474149e-01,2.441957354514765199e-01,9.013046177016144356e-02,6.482565516821769958e-02,4.429268405519893870e-01,3.253763136139480316e-01,2.602637265488842444e-01,5.640278373164208103e-01,2.277328846898739878e-01
-6.960653499180103898e-01,-5.768723146208312169e-01,-1.185271461130879209e-02,1.000000000000000000e+00,-7.883646143107344781e-03,-5.346258885754979762e-01,5.538261356697665727e-01,6.808533078756812129e-01,-4.149498111390228505e-01,-1.600887334509842053e-01,8.426028571761199348e-01,1.515160232282118657e-01,-5.499563526679415171e-01,3.875971517841455549e-01,7.068083151513923079e-01,-3.507996004015952463e-01,-3.174519360765168385e-01,7.334548211104362503e-01,3.373511526126244386e-01,-5.569286800119861436e-01,1.144419039759870388e-01,7.963117003784103698e-01,-1.133439050697694905e-01,-4.733207828256885130e-01,5.601620398296207615e-01,5.364735277984654660e-01,-4.907030180978236844e-01,-1.377947173046734086e-01,7.883629763365558318e-01,1.331363543440170216e-01,-5.608110461475983577e-01,2.983042159291966477e-01,7.380354128922151924e-01,-2.941966709480981490e-01,-3.183566890217269241e-01,6.890125635146134853e-01,3.643965590706881863e-01,-5.543851872517004953e-01,9.289299463083651454e-02,7.698735316956851760e-01,4.031918500023504714e-01,-5.266596390188848370e-03,4.625346599880620913e-01,3.093170222928806057e-01,-1.074636009899535005e-01,-6.439318970763774352e-02,-2.962492321363750514e-01,3.708541111189689876e-01,-2.371793135392383511e-01,-6.500133224781436958e-01,7.865606792106333289e-02,2.923915657943101376e-01,-5.407132193985764168e-01,-4.464034747207528686e-01,3.743870973424738291e-01,-2.522218510506434030e-02,-7.058317658298851605e-01,-7.865033971920688816e-02,3.301163480079618573e-01,-4.611080603915404530e-01,-5.561183429359214392e-01,2.580780797122750325e-01,1.157817218304394019e-01,-6.725448807838891874e-01,-2.293089605046469415e-01,4.238889127101449494e-01,-3.324164748560209937e-01,-6.403332948737519015e-01,1.660199877156115222e-01,1.989821273053683504e-01,-6.326768743836079789e-01,-3.992382066840407528e-01,3.388554667658874586e-01,-7.649230247825752893e-02,-7.423080284278843477e-01,-6.740180711246027134e-02,4.102331571884344497e-01,-4.826044092477235758e-01,-6.006263887450485894e-01,3.590959011684419777e-01,3.661541943147268718e-02,-7.491154532630450724e-01,-1.918144989402355560e-01,4.143323765113919310e-01,-3.384622435193330170e-01,-7.486637723789808518e-01,9.552017814436410126e-02,3.220732425721561931e-01,-6.091678918957286193e-01,-5.035472137696234141e-01,3.615643846400885542e-01,1.152869762531292738e-02,7.134185872159096720e-01,3.184909053089877151e-01,6.701380553916843619e-01,3.380691373637447206e-01,6.868784021179549226e-01,3.654348275547975589e-01,4.297513669149078397e-01,4.563152079524369076e-01,1.868441077167317110e-01,3.392788117008342375e-01,3.955793271068350214e-01,2.331329048477148169e-01,4.625198526907257218e-02,4.507394235839138480e-02,-2.309092395132366499e-02,-1.251511348956728664e-01,-3.188915650763855109e-02,-7.584428003261517448e-02,1.015231285036888725e-01,-2.396211667680263058e-01,1.250964072948683170e-01,3.331992713927087874e-02,-4.323969076935381128e-01,1.866887174289132423e-01,-1.632778938899030197e-01,-5.317351427550728871e-02,-1.259544461857214914e-01,-2.566811835414021248e-01,-1.262528429828773946e-01,-4.975699153571467304e-01,-1.316125511843280749e-01,-3.918038651799922722e-01,-5.021614195590599072e-01,-1.360201733163394489e-01,-5.591733439041048914e-01,-5.764275213008601684e-01,-5.471225663517206295e-01,-3.401707806545089530e-01,-1.031679675914518868e-01,-2.476019427925887084e-01,-1.747140032350850414e-01,-7.326365060334989743e-02,2.803074878074917065e-01,-3.073208663334972002e-01,2.816396268433837835e-01,-8.231075890717909349e-02,-1.432496089645687032e-01
-3.607622041861728857e-01,4.158361236598179800e-01,-5.985017167349918621e-01,-7.883646143107344781e-03,1.000000000000000000e+00,-6.085820384298878255e-02,-5.605035948965034764e-01,5.362947690322017458e-01,6.829554048029842228e-01,-4.706674625377922361e-01,-1.260913215242880914e-01,8.384763679475352172e-01,1.313834558577766654e-01,-5.199700867749789124e-01,4.011365538426902022e-01,7.351766232404385315e-01,-2.478602056309618940e-01,-2.570392363759594345e-01,7.286521778486382273e-01,3.820022591689497538e-01,-5.171625954366643185e-01,1.465463374649505490e-01,7.962904196526032763e-01,-1.180834242461800271e-01,-4.389277037118145541e-01,5.981739387924285278e-01,5.495876290462657909e-01,-4.635507058619764975e-01,-1.018295294868593326e-01,8.068672240818903774e-01,1.336736012125360196e-01,-5.831753840650526488e-01,3.471271261974216427e-01,7.096498356051171852e-01,-3.533489228090261336e-01,-3.228542904537081148e-01,7.181017080487830384e-01,3.311851247465453230e-01,-4.754246862022916131e-01,6.052841129145722365e-02,-1.963997930227214805e-01,-2.300104513169625164e-01,-4.005137219517285185e-01,-2.689026394576631840e-01,-2.552100446155108338e-01,2.022590612219084261e-01,3.086073528258557741e-01,-3.116576602342360225e-01,-6.169926016517631728e-01,1.729731712549600342e-01,1.940612887391120756e-01,-5.852285676747579490e-01,-3.842932857417522552e-01,3.115488929468376855e-01,-1.601888143262344966e-01,-6.777866067344342493e-01,-1.999543289480100808e-02,3.212917865128311345e-01,-5.213013347795785180e-01,-4.961163164256400249e-01,3.424535949685257319e-01,4.278304799826538468e-02,-7.001019207197930472e-01,-1.546090330726105910e-01,3.704891243582181803e-01,-3.651176356785192922e-01,-6.299574023047614935e-01,2.413101275663889766e-01,1.539583612099719723e-01,-6.920147380725547581e-01,-3.027764463729977762e-01,4.144224138238565835e-01,-1.538881779655457693e-01,-7.230790091787060447e-01,3.207745821865085056e-02,2.903489769164879220e-01,-5.213254499645898488e-01,-5.352739554594022620e-01,3.269999539073832340e-01,1.800041262915284129e-02,-7.356122082221669967e-01,-8.965000238504135244e-02,4.357659583089432687e-01,-3.438853053224995571e-01,-6.497310348526352808e-01,2.251572580995632733e-01,3.366372327297761369e-01,-5.704350207096980929e-01,-4.204531483923154567e-01,4.603739481339984563e-01,1.887397149071938160e-02,-7.129249722262168687e-01,-9.079005361632490334e-02,3.140040750809779402e-01,1.624829349489555763e-01,5.801600289803071631e-01,1.139928047680092288e-01,3.445853657907443357e-01,4.423680573817868056e-01,3.140151425042900790e-01,3.748194058793106742e-01,3.345740905033926516e-01,2.651796247151768093e-01,1.346761298494410786e-01,4.290863271858563199e-01,1.534967149731313041e-01,5.972896654099704022e-02,1.013986019065096084e-01,1.635826450594037307e-01,7.866446747063512990e-02,6.287629067167245511e-02,-5.477621464772783333e-02,2.462117562931751824e-01,-2.777344574083386863e-01,-4.296887375504652162e-01,-6.121125836112353280e-01,-6.893837208192592214e-02,2.485914939903235282e-02,2.013840227077117462e-01,-6.078193957426532984e-03,-1.347924584247284924e-02,1.076480442150727981e-02,-4.840118613362912048e-01,-1.849314648836246355e-02,-3.208108682020145430e-01,-2.848960016589022204e-01,1.018306770082067214e-01,-3.169324204816194590e-01,-1.315890459075494956e-01,1.202419168150412748e-01,-6.361683283145266876e-02,1.883251998722703657e-01,2.634967376616458301e-01,4.576653218138357904e-01,2.109930280446367656e-02,1.342561026493397647e-01,2.129968002179493947e-01,-2.741457089062986352e-01,-2.409185248353053546e-02
5.845935993008793963e-01,7.325534778402372771e-01,5.364281350503258272e-01,-5.346258885754979762e-01,-6.085820384298878255e-02,1.000000000000000000e+00,-1.367956721303258821e-02,-6.234993938657978907e-01,5.326801272913215257e-01,6.973928668888418336e-01,-4.462162162118619713e-01,-1.799045263462093203e-01,8.402828466766507631e-01,2.113579137828607568e-01,-5.585547268967988588e-01,2.837027257845221584e-01,7.897710673640934154e-01,-2.364012713433659429e-01,-3.750681958182005005e-01,6.782065373229345662e-01,4.567915961381187606e-01,-5.006987838169278948e-01,7.661040009270694839e-02,8.102220583462501624e-01,-1.918127123535943307e-02,-4.328398870402346832e-01,5.360924814869229005e-01,6.351250374863437465e-01,-3.844364372824465304e-01,-1.129899876859564445e-01,7.879965396654593501e-01,2.169761221558852149e-01,-4.849476202478224529e-01,3.388971836062609211e-01,7.180045612382164322e-01,-2.356665419614535906e-01,-2.691410747111380175e-01,6.678825494915693328e-01,4.453515618459211178e-01,-4.904733855079844718e-01,3.968266055181508822e-02,5.018171712459356115e-01,-1.297408781888848839e-01,-4.137273343686199700e-01,-3.201141939065961783e-01,-2.438821223021720996e-01,-2.744361741925050446e-01,-5.909740712596102119e-01,2.571837552268717575e-01,2.924045891481295012e-01,-6.041352876739721767e-01,-3.118769220102364792e-01,5.127999172688164631e-01,-1.156299774058103802e-01,-7.030739617200864044e-01,1.400217548933524736e-01,4.496371501653042557e-01,-5.009945697862674407e-01,-4.737379480786708674e-01,4.835684805964535204e-01,9.724738700531321278e-02,-7.164269707512045393e-01,-7.097566680500906611e-02,5.171370879942106535e-01,-3.425750574087098599e-01,-6.128087750361869146e-01,3.296886872776656485e-01,2.436090338769839880e-01,-6.735757202177047320e-01,-2.428488447592207500e-01,5.831332660596963979e-01,-1.213334844273815383e-01,-7.339784201212072867e-01,1.419023026644319618e-01,4.730420869502679482e-01,-5.349764439595277032e-01,-4.885925551861631799e-01,4.881300930238435254e-01,7.603043562242087217e-02,-7.689099416243344587e-01,-3.272411722569375236e-02,5.413256095192523487e-01,-3.767536124709990886e-01,-6.622084234173798434e-01,3.490694677340157037e-01,3.934826677623364799e-01,-5.939642211109444903e-01,-3.998955487939344078e-01,5.015190376627065572e-01,2.407413131138535015e-02,-7.341139487225342153e-01,-2.802365039943693209e-02,-2.461750329746797417e-01,-6.605493799747602646e-01,-4.064785986155869946e-01,-2.953070844287319363e-01,-5.136464456649075805e-01,-6.120198455479602256e-02,-2.629160886497396987e-01,-9.906137105793634545e-02,5.090226078139269833e-02,-1.348206241217065338e-01,-1.389112306777683936e-01,1.953764261341140729e-01,3.123775506698993065e-01,3.208500648639366348e-01,4.333752695718632864e-01,4.721409372136330940e-01,3.240831617432017309e-01,5.447870175222705447e-01,1.924050869413395093e-01,2.816079944681116332e-01,1.636739655628748347e-01,3.767008521522165893e-02,5.414279000651810864e-02,-2.507490669919882342e-01,-3.780187359068965525e-01,-5.780855316060342641e-01,-3.495018793896974563e-01,-2.036607894399120045e-01,-4.926489266456942073e-01,1.293468243058709111e-01,-1.450141170137930202e-01,-2.189715384506250306e-01,3.452034029764722289e-02,-3.718326047534829537e-01,4.075188764906905597e-03,4.180982925217839319e-01,2.451106171383094501e-01,5.060448086521499578e-01,6.090942765367278744e-01,5.483400407611406235e-01,3.960513644979316017e-01,4.478050471920400066e-01,3.312789879157639339e-01,6.552657264360562950e-01,2.743411155691819481e-01,4.870917071703718126e-01,3.436772774269152286e-01
-1.079273348143087313e-01,-3.938021905115640098e-01,6.701876656968114299e-01,5.538261356697665727e-01,-5.605035948965034764e-01,-1.367956721303258821e-02,1.000000000000000000e+00,-3.376174112141986511e-02,-5.428997380682779594e-01,5.443239778092459069e-01,6.542421205518392791e-01,-4.817098299062514966e-01,-1.512446525891232574e-01,8.314465198044675986e-01,1.214018839728844001e-01,-6.484622547193924502e-01,2.902004126502074621e-01,7.454413124074177333e-01,-3.410397631489218706e-01,-4.035077591166292277e-01,6.951653129307463486e-01,3.993760150655596974e-01,-5.706285168147562370e-01,6.924437287884277481e-02,8.115018977242235421e-01,-9.865877846306589372e-02,-5.222233526408238680e-01,5.156047397512734110e-01,6.134625844610356316e-01,-4.431560130449314627e-01,-1.839701156451646058e-01,7.801198058663736390e-01,2.248048265164266923e-01,-5.392909685680272736e-01,3.179662660534270935e-01,7.384650842304497642e-01,-2.485919263271818558e-01,-3.698379464343641843e-01,6.420258471966637792e-01,4.321765454985239119e-01,5.267293635033368782e-01,4.324935212352521985e-01,6.246645673493189665e-01,2.459056969181813712e-01,-1.204021984685972463e-01,-3.344227094694819935e-01,-6.394030269378335740e-01,2.242723506118362575e-01,3.044608926535090077e-01,-5.767973633521340515e-01,-3.875183867507877022e-01,4.773758177184872498e-01,5.208657136676883570e-03,-6.964161374394948201e-01,6.923263155952857906e-02,4.816508357267925144e-01,-4.206108759176221956e-01,-5.615164602729695309e-01,3.842351824246265646e-01,1.362542477962755405e-01,-7.035164173561615497e-01,-1.796350882389344261e-01,5.139702705064403965e-01,-2.678934688618150872e-01,-6.503342956582019996e-01,2.968142074252739238e-01,2.587660383174158474e-01,-6.371169550548237970e-01,-3.162744492332235646e-01,4.855494433262667608e-01,-9.123788623300690959e-02,-7.154691691022573297e-01,9.640053761794713238e-03,4.631068095324298306e-01,-4.712549812755987277e-01,-5.515957154148187769e-01,4.451865058732082381e-01,1.531014924759843965e-01,-7.481361523260771085e-01,-1.046332977035752676e-01,4.842721169797271075e-01,-3.586739577447072835e-01,-6.790911920110466182e-01,2.479675167195525831e-01,2.858040981222367827e-01,-6.389729028759005836e-01,-4.657800741560410573e-01,4.443420624626407411e-01,-2.919086156987740766e-02,-7.671364807192820878e-01,-8.272025265561400165e-02,4.527317679255831728e-01,6.109594716968467232e-01,-2.655586965684750833e-01,3.223002995270751181e-01,-2.216608861810635545e-01,3.012413391273958130e-01,1.128770303442889616e-01,-1.711467838998192992e-02,1.962423636719711206e-01,-2.590681251397673399e-02,3.618218447597475879e-02,1.349494973671515330e-01,2.502523509221869502e-01,-4.901162997733500559e-02,1.264107832269578680e-01,1.828416092105984714e-01,7.125495697622077906e-02,3.365206328748580888e-02,1.797598643760548176e-01,1.732636026154644460e-01,-2.764958154296751069e-02,6.725057345512557017e-02,2.381498419530830302e-01,-1.168677460822114961e-01,4.299513189710806316e-01,-3.414214709082758481e-01,-3.831935930851320671e-01,-4.450017883775477801e-01,-3.844773437491906809e-01,-3.824844574676499187e-01,-4.230118333499757743e-01,9.105000456698321420e-02,-4.953852066692520650e-01,-2.671862571362927929e-01,-1.735375251428026011e-01,-6.084296266762412309e-01,-1.134820179404026491e-01,-2.989274104633310447e-01,-1.054516130682211783e-01,2.767650534427040787e-01,-4.402850149565683963e-02,-1.103106278941003576e-01,-1.224838041182245152e-01,4.418244621571000286e-01,-1.334762100614125639e-02,2.875760612596556798e-01,3.658119216721218980e-01,6.811248870807530553e-02
-7.817753519549209829e-01,-3.233635532373031474e-01,-4.980173500799598973e-01,6.808533078756812129e-01,5.362947690322017458e-01,-6.234993938657978907e-01,-3.376174112141986511e-02,1.000000000000000000e+00,-4.270320904988079286e-02,-6.081983297604293126e-01,5.742927418812836526e-01,6.402950047986301074e-01,-5.251560483256582090e-01,-1.462265253844917123e-01,8.320859701153262566e-01,1.278012159025121441e-01,-5.877417953764429992e-01,3.531321650675676715e-01,7.392143943253788319e-01,-3.242451574927217028e-01,-3.828041929507509655e-01,7.104315675256295259e-01,3.665235336815177991e-01,-6.090586843455347843e-01,7.599078392932254178e-02,7.970781987632433729e-01,-1.412232549339733911e-01,-5.562583561167958601e-01,5.219318061969879796e-01,5.782180157898134665e-01,-5.060043985125645127e-01,-2.350406252645003136e-01,7.860309340837271508e-01,1.268351549288632141e-01,-6.243783484196405720e-01,2.896238014604288202e-01,7.125858300184794158e-01,-3.479430951918930370e-01,-3.672840056893907357e-01,6.414593519929205900e-01,1.076529611946486775e-01,-3.025025534970802732e-01,7.909818154819824032e-02,1.710996278229323375e-01,-1.021678694104695140e-01,1.571459196655161372e-01,9.344149762292061623e-02,2.393844133640822269e-01,-5.798812023681899630e-01,-3.819932845746806804e-01,3.616637523494936057e-01,-5.631760852776592635e-02,-7.121940315560392198e-01,-4.586652772539180634e-02,3.677474730916012180e-01,-4.500448132175781102e-01,-5.786449109347331365e-01,3.059245485686187815e-01,5.584154690546724170e-02,-7.166342478249460024e-01,-1.659428174360634278e-01,4.176570564196366298e-01,-3.083019318313967583e-01,-6.578830490622205041e-01,1.910121037224748464e-01,2.468089296778107344e-01,-6.680539024437472939e-01,-3.240548701255491215e-01,4.146196608814947115e-01,-1.959378264714883300e-01,-7.474889013905948731e-01,4.119290607115318192e-02,3.643232269350318853e-01,-5.127526123588646012e-01,-5.839239961888010866e-01,3.060038622673528219e-01,1.082385657576539623e-01,-7.551737530239628349e-01,-1.943378486110092229e-01,4.808669660416073910e-01,-3.816157285362201668e-01,-6.700883741191493437e-01,2.690790181728323072e-01,2.661325385738534943e-01,-6.884027948027904298e-01,-4.255354500823009256e-01,4.455344472400319389e-01,-1.878529313274700241e-02,-7.600247461855463849e-01,-2.895093330690709163e-02,4.616411036476675278e-01,-3.998731854357110427e-01,4.340516550463648371e-01,5.822490711121726115e-01,6.139787643290991470e-01,6.294210354637853611e-01,6.330703420382872704e-01,4.484367111313044552e-01,5.998911828517630163e-01,4.866829549291178392e-01,3.290365941521202764e-01,4.426809267248786872e-01,4.423333510191271301e-01,1.514535062245797592e-01,1.708951682913736891e-01,1.588498474608315489e-02,-1.210305954646997001e-01,-1.716045758208092353e-01,-2.254438825961247589e-02,-1.866920313840326751e-01,1.908134891301472083e-02,-2.821747923186382345e-01,1.397438341839503106e-01,-1.734224143644221838e-01,-5.219396064316148554e-01,-1.615138272915476458e-01,-1.538027732023673072e-02,1.763210136722835331e-01,1.649382685266885529e-01,-1.000924272791461206e-01,8.233084755014828671e-02,-3.023522079864411349e-01,-3.004283831698207896e-01,-1.696100711241944614e-01,-4.878030437109407425e-01,-1.289010424356034357e-01,-2.652412597815774764e-01,-6.562746008667459385e-01,-4.851032212234498431e-01,-2.919497922350366426e-01,-2.947110594712896714e-01,-2.247283156920742708e-01,-6.563896453478389181e-02,6.806084850879287607e-02,6.116888077352770209e-02,-3.153213925482496460e-01,1.847372964390501249e-01,-3.657832447173693380e-01,-2.031870215145074043e-01
1.373813453082349534e-01,7.934353573453233333e-01,-1.990541166551013652e-01,-4.149498111390228505e-01,6.829554048029842228e-01,5.326801272913215257e-01,-5.428997380682779594e-01,-4.270320904988079286e-02,1.000000000000000000e+00,-2.507758562097348390e-02,-5.011697001138100127e-01,5.665240605888035574e-01,6.456709799807435202e-01,-3.945339141055094201e-01,-9.661813133969782141e-02,8.122326678693089219e-01,2.609691494623047614e-01,-4.712117394441164842e-01,3.336826779001843546e-01,7.577371396781794610e-01,-2.062727762444844792e-01,-2.871990949371277524e-01,7.031588332647398243e-01,4.033415666255103504e-01,-4.677250644684924352e-01,1.587268102973437289e-01,8.067771628817757001e-01,-2.465714481611291919e-02,-4.264709636552505567e-01,5.667421133294168190e-01,6.115180135252573645e-01,-4.149370870228629160e-01,-1.064940107458659940e-01,7.970691912789800160e-01,1.391574592593099735e-01,-5.097943701446175924e-01,3.691729049307119759e-01,7.105940545085005500e-01,-1.732023686172583510e-01,-3.478213180675608363e-01,-2.113133022960349550e-01,6.640317314323737619e-02,-4.743754502575527887e-01,-4.924381739386778922e-01,-3.512718370799411405e-01,5.910696606116765811e-02,1.648454646782336608e-01,-6.259931723486197308e-01,-3.179902392046185522e-01,4.153376554881014759e-01,-1.670200596926665892e-01,-6.883145857883899987e-01,5.759582190486839393e-02,2.797752417709658546e-01,-5.617258281728831903e-01,-4.698506956008718372e-01,3.510484601457198317e-01,1.784659509478115497e-02,-7.273937610355232231e-01,-6.187989713927915386e-02,4.338266721665299253e-01,-3.818506893410332226e-01,-6.210899608702404873e-01,2.695844601646178451e-01,1.677739139498166943e-01,-6.888783694407878411e-01,-2.752806070809821204e-01,4.397051505477116984e-01,-2.513138102440762300e-01,-7.125273336532412793e-01,1.728099968208003379e-01,3.458852088406236813e-01,-5.571534276406278074e-01,-4.943940427781017832e-01,4.077245917502424488e-01,-2.448955343255478090e-02,-7.473960938576919011e-01,-9.350609829225677017e-02,4.192979851140986036e-01,-4.415669791254761556e-01,-6.137494021134126676e-01,3.428062978190160592e-01,2.036035771827153507e-01,-6.885179753116406065e-01,-2.853474880709638839e-01,5.236408387015578647e-01,-4.778640077540761283e-02,-7.260400544763021546e-01,3.045721192609775543e-02,4.779838491315991367e-01,-4.280930934312152658e-01,-5.948216268333711421e-01,-3.357399397031887167e-01,-1.443573725321376511e-01,-2.080000987697044890e-01,2.626377879424499628e-01,-2.983788859996839848e-01,1.748511160940988962e-01,1.424412147500564718e-01,1.111623304264072742e-01,2.959506153739329126e-01,1.377097650945436347e-01,7.272664141856023667e-02,1.575853957400925043e-01,4.973634379193848654e-01,2.823863621093466447e-01,2.686844903226392467e-01,3.502796796550398661e-01,3.155211454485008504e-01,3.518447543082099394e-01,1.236187622715549245e-01,1.422082929254934180e-01,2.484234513714281833e-01,-2.200351860703379236e-01,-2.416586541230907881e-01,-6.534767338647293755e-01,-2.061777408492207753e-01,-2.745272325271573277e-01,1.155900180073137634e-02,-4.441462835700414613e-02,-2.392525413227378217e-01,1.697083135932157538e-01,-4.376575444226932787e-01,-5.377404163534325182e-02,-1.383553460458861739e-01,-3.891557619499905751e-01,1.865435799296882302e-01,6.513654546309714799e-02,1.202586328289955014e-01,4.119395286504232701e-01,2.827773064012905069e-01,4.739637796322160312e-01,4.495015714665908102e-01,6.097677846800025891e-01,1.382486055639393641e-01,5.005442788014836664e-01,2.654880086512982906e-01,4.543628986109120305e-02,1.868997720399999674e-01
4.809912561049990987e-01,2.868219906927847451e-01,8.272461972151713416e-01,-1.600887334509842053e-01,-4.706674625377922361e-01,6.973928668888418336e-01,5.443239778092459069e-01,-6.081983297604293126e-01,-2.507758562097348390e-02,1.000000000000000000e+00,-4.326860297973302710e-02,-5.710048261897880950e-01,5.735138776599170152e-01,6.688841470644560916e-01,-4.895260495542851920e-01,-2.450088231216048240e-01,8.169707750913478561e-01,2.099425096743529895e-01,-6.236222864291971479e-01,2.624652508119774130e-01,7.951384462540743714e-01,-2.477959934996732672e-01,-3.850983754894954370e-01,6.951163964125852690e-01,4.521310710718987047e-01,-5.237753952630653798e-01,5.613153696221042516e-02,8.385120638219730749e-01,-2.253449189000323889e-03,-4.769397032718722396e-01,5.048688246354543496e-01,6.560557409947663787e-01,-3.605104350334742414e-01,-1.422628964495948334e-01,7.880256897794200022e-01,2.214487270511785455e-01,-4.884738451517732227e-01,2.781059912240898546e-01,7.457646065497123278e-01,-2.028459736200795560e-01,3.165910155633745449e-01,6.408837872488259979e-01,2.698937412060500862e-01,-1.487054635835745597e-01,-2.424773927348069513e-01,-3.899351303671769187e-01,-5.764379007376144726e-01,-2.903484714994287175e-01,4.867667046792800156e-01,-7.178823524886984719e-02,-6.945008976839869286e-01,1.080517735063606238e-01,4.960984683803750794e-01,-4.775658361659748663e-01,-4.826062298211919455e-01,4.866526289838217223e-01,1.683259235725539371e-01,-7.215200578282305877e-01,-7.618400250426066167e-02,5.552513769474156646e-01,-3.201029368181600443e-01,-6.512469703861516468e-01,3.377358932234110211e-01,3.218144760410745486e-01,-6.475407012105984794e-01,-2.631584103342061165e-01,5.248929672777870037e-01,-1.481464158715961321e-01,-7.088797862060612909e-01,1.874544571909395052e-01,4.881539222268247435e-01,-5.123801811599217881e-01,-5.389536332405655550e-01,4.909804140713390774e-01,1.491628143038740140e-01,-7.385579933642112405e-01,-5.998679878281246852e-02,5.814864243939604771e-01,-3.572410001264111901e-01,-6.557077766458164758e-01,3.712869344871602695e-01,2.855995466671080174e-01,-7.106904407085304909e-01,-3.212820125716637776e-01,5.608069997000300067e-01,-3.658493386294449368e-02,-7.586423891324701740e-01,2.804649557010462785e-02,4.825072215595087033e-01,-4.381465756821666391e-01,-6.182318739372549832e-01,3.570283334271519560e-01,1.099782195961802461e-01,-7.065293253009823360e-01,-2.051063311450377347e-01,-4.699622239349424135e-01,-2.907426643725340987e-01,-8.836967602326298299e-02,-3.223795200650210191e-01,-6.480778008986465277e-02,-7.120228227499483808e-02,-1.706072798031189885e-01,-1.185963943464380249e-01,2.321949087552669100e-01,1.188639649023462280e-01,2.632245147964277776e-01,3.962697137171814488e-01,3.762086975544749468e-01,2.172184300643491273e-01,4.828127865029867016e-01,2.207267496467691104e-01,2.345246072762903478e-01,1.097490233056009484e-01,2.169204483829240138e-01,9.551835934816300944e-02,1.429971393694021153e-01,-4.305270197600724602e-01,-6.304218246662259828e-01,-5.293461194751584165e-01,-3.287165313090580354e-01,-5.480963046984241860e-01,-9.877900600896619143e-02,3.766325469649629137e-02,-3.895708934836452642e-01,-1.089140499757355537e-02,-2.990258623497189516e-01,-2.940774080517705169e-01,3.591467759933467119e-01,9.282771067630125883e-02,3.202135926095490692e-01,6.099465722324154404e-01,3.608951231893264833e-01,1.952504237366573803e-01,1.814175111380329497e-01,4.503963841047994854e-01,4.774692592702418636e-01,2.935195430548936946e-01,6.043352640164376677e-01,3.068989045421421369e-01
-5.826657412281529558e-01,-5.713942806699472410e-01,1.609665512992279057e-01,8.426028571761199348e-01,-1.260913215242880914e-01,-4.462162162118619713e-01,6.542421205518392791e-01,5.742927418812836526e-01,-5.011697001138100127e-01,-4.326860297973302710e-02,1.000000000000000000e+00,-2.300556579236726767e-02,-5.540668319584960422e-01,5.608075133123453515e-01,6.472772045241064198e-01,-4.923517584782143297e-01,-2.191877592842671196e-01,8.206174996992333659e-01,1.961742257069798712e-01,-6.010220783310893378e-01,2.612898392391782010e-01,7.790135203019297183e-01,-2.544863259610302131e-01,-4.041893026480626316e-01,6.751566313671248931e-01,4.283493581877470535e-01,-5.641804032965694882e-01,-1.314357019334934417e-03,8.229085961435192997e-01,-7.691961989664274774e-03,-5.405834169975235470e-01,4.434888246528814748e-01,6.806253160939965685e-01,-3.990279389224981044e-01,-2.042047957714926421e-01,7.693149169918125363e-01,2.430800912499736788e-01,-5.801340689860249311e-01,2.228612758548806638e-01,7.604017081033415115e-01,4.675378447358820022e-01,9.157127077380647351e-02,5.430211575906519483e-01,3.562154609070739553e-01,-9.340038049198784442e-02,-1.500005530785039898e-01,-3.931444735340005048e-01,4.039603842923391586e-01,-1.298580045848945763e-01,-7.073075348482695812e-01,-2.751608527274527864e-03,3.880799175110296040e-01,-4.762023609088267828e-01,-5.494757077554334179e-01,3.708240524051770182e-01,1.009538151984555043e-01,-7.213465938629828322e-01,-1.862802192272439150e-01,4.071624099901814953e-01,-3.713376817402863628e-01,-6.552998875934614720e-01,2.078089327598946490e-01,2.408415376935313101e-01,-6.580821328102877121e-01,-3.449957069238575591e-01,4.679062367805055800e-01,-2.222308818640023054e-01,-7.128913435515989994e-01,9.517378957344721502e-02,3.036994669393385804e-01,-5.801429656305571170e-01,-5.096927362746042078e-01,3.299511633472876349e-01,4.380811793094539081e-02,-7.706813597984337738e-01,-1.736610217383895982e-01,4.867788120384572426e-01,-3.821320096778560993e-01,-7.051736624073117188e-01,3.085247673997991713e-01,1.765668374529114903e-01,-7.373027604044776195e-01,-3.132764008944731171e-01,4.416763843999085837e-01,-2.152445465113464740e-01,-7.845527996778195456e-01,-2.396069067208653203e-02,3.895935133739610312e-01,-5.146972187262396359e-01,-6.089310002704367841e-01,3.035029793770450124e-01,1.296726816306395247e-01,7.472726684998557412e-01,2.162879462486496651e-01,6.524994329804102433e-01,2.184777479918764698e-01,6.605989050648514160e-01,3.558090862557654055e-01,3.513123575774118046e-01,4.459296887230912443e-01,1.746163840470307260e-01,2.923593811609389581e-01,3.738306506246640848e-01,2.621544738694105425e-01,7.627377750548202003e-03,5.873069855345215001e-02,1.558805146192001646e-02,-1.117098859375590253e-01,-3.648043934518904741e-02,-6.082128987853235164e-02,1.079760373220313846e-01,-2.234390064929380193e-01,9.908015576673596947e-02,7.623310178779700574e-02,-3.875375358876212983e-01,2.816326920725758520e-01,-2.292926115158293310e-01,-1.116435704053745093e-01,-1.886288652130063137e-01,-3.407447588973012143e-01,-1.790642088419452660e-01,-5.107440871895425616e-01,-7.692113558268688644e-02,-4.485467709219558285e-01,-4.711831698436628191e-01,-1.568594760687829215e-01,-6.148653735417149990e-01,-5.083111542293747842e-01,-5.425401994323916233e-01,-3.195541791616492988e-01,-4.119973081245412866e-02,-2.465115188648847322e-01,-1.751744116044401389e-01,-1.268095116117874399e-01,3.131727335468760254e-01,-2.844136125876159382e-01,2.698485642279996322e-01,-3.959966354539186731e-04,-1.093365205173494337e-01
