1.000000000000000000e+00,4.119059611596251891e-01,3.705401347548630264e-01,1.783266949484625108e-01,2.073496228067584768e-01,1.236565157310047791e-01,2.114082465389331145e-01,1.136984255939613025e-01,6.692821665957342236e-02,1.761703355986683761e-01,3.569629982126508450e-02,5.395866193460958915e-02,-7.512854439422381181e-02,5.130745875950989965e-02,8.373269991052806338e-02,-6.828493602906007820e-02,-7.532385694487295225e-02,7.696020910588048658e-02,3.314715379692093067e-02,6.387639395912821094e-02,4.194558229526181015e-02,8.200019937230325698e-03,1.307166667593338653e-02,-2.364854436356722545e-02,-5.772712779323240645e-02,-6.121486958661714189e-02,2.302793140890541101e-02,5.355737955975446718e-02,6.667712835836576285e-03,2.378841880559319846e-02,7.384663335656119210e-02,2.272180902834336144e-02,7.932656152799482871e-03,3.490403641765841419e-02,6.758621809792796087e-02,1.121820496258528477e-02,1.550838794918932978e-02,-2.065016264949763591e-02,3.530774639275824529e-03,1.978315209734138932e-03,-4.620206889127480808e-03,-2.711792323963808124e-04,-3.884359073287128959e-03,1.660685828026245772e-02,-8.539239696494435594e-04,-1.190754010706708034e-02,9.249680186794966355e-03,1.799928632244439863e-03,2.881653719382455334e-02,2.147138593203626669e-03,-1.008892897232488602e-02,6.195300643192003069e-03,7.560064387938566707e-03,-3.649654470402966585e-03,-9.248149987727926138e-03,-2.687471503549247395e-02,1.098981504891476026e-03,2.614641262416127036e-03,2.505362945582627950e-03,-2.024882737870048119e-02,-9.588790418110707328e-03,-2.105574683216657975e-03,-1.083060670987367156e-02,5.658287414460081398e-03,-8.615673585240130354e-04,2.037200633379437562e-02
4.119059611596251891e-01,1.000000000000000000e+00,3.233173196909305824e-01,1.563828955960681610e-01,1.615031766115157252e-01,8.383232219426328680e-02,1.887639895074457730e-01,1.068246180359024439e-01,6.738892553881789538e-02,1.508610286555080171e-01,2.416015374522417075e-02,4.000389895001077445e-02,-7.162260097790380808e-02,3.776083898389923088e-02,4.317608827864284626e-02,-4.260095581413749638e-02,-5.532089039593462987e-02,4.177242661097152476e-02,1.719068392975717230e-02,2.851126501002126945e-02,2.889224694029532067e-02,1.721696868097722863e-02,9.526055427608762921e-03,1.182530111267083434e-03,-2.555542945984070821e-02,-2.312581558755903016e-02,2.193869445192708073e-02,2.753924155198591434e-02,-4.018901992470886794e-03,1.222035900105299978e-02,4.423695356462005457e-02,-1.037510066336637393e-02,-1.403389618935645469e-02,5.242815606781226628e-02,5.718823514479189074e-02,-2.118575428340004410e-02,9.008696401289609842e-05,-3.083937710990957565e-02,-1.368042615936388914e-02,-6.928262791128212555e-03,-2.108516734859308336e-02,-2.263269613615220485e-02,1.355195734660710576e-02,4.638487302537391138e-03,-1.474048073615169194e-02,-1.290985076691049394e-02,4.445824243030595778e-03,-1.484476647327650990e-04,1.656643675805821378e-02,-8.514786555163616349e-03,-1.226281291602265844e-02,-2.413161209588456438e-03,4.758626063904164145e-04,9.338565157976918066e-03,-2.141544843260698248e-03,-1.412535655520531092e-02,2.679663007604086641e-02,1.565632300246340425e-02,-6.897506450438836700e-03,-1.836167984097987482e-02,-2.416273541494973198e-02,-2.890701873952421144e-03,-6.542233645960513107e-03,1.057207401241622852e-02,-5.635626399610089293e-03,1.805346740468658298e-02
3.705401347548630264e-01,3.233173196909305824e-01,1.000000000000000000e+00,3.164746496382765950e-01,3.660040967241616205e-01,1.677533537082173953e-01,3.083116184902034984e-01,1.406514674736132897e-01,1.333047993820316579e-01,2.826982560669396571e-01,-2.289387027122769674e-03,3.327797541232083850e-02,-1.281230429930382553e-01,2.302244801162762686e-02,7.559027142702272328e-02,-9.982586452596972637e-02,-2.929804018409043129e-02,1.464319683448943865e-01,2.627600510497339961e-02,8.574620420967496437e-02,7.000284064903883330e-02,4.358676782683170575e-02,7.163002272530008020e-03,-3.897256097962552290e-02,-2.941878757563343855e-02,-2.592349631340156932e-02,-5.982638114629297565e-03,1.052023661134453281e-02,7.506879705547382826e-03,5.207336142081283453e-02,8.094521183609076909e-02,7.843937445734124048e-02,5.996588135930196184e-02,2.003054912695595435e-02,5.273817009422311630e-02,5.236505580211706784e-02,2.090998891323145661e-02,-5.048237674604626885e-02,1.512264851851697831e-02,-2.331824896627733568e-02,-1.990753442065583845e-03,7.775942098025005744e-03,1.388357390700108336e-02,2.321467195057835137e-02,1.144094539988498548e-02,-7.016703352097837867e-03,1.962235989282426138e-02,-4.245671954382084661e-04,1.656458940944579433e-02,4.405976486963744318e-03,2.459555975127330867e-03,1.581771043218573730e-03,5.414837531620466000e-03,-2.482189503057506685e-02,-1.170966490982436846e-02,-4.140221295203674184e-02,-7.350947242095545037e-03,-8.085680828467740194e-03,9.168551894858973858e-03,-1.950682271477277227e-02,6.470569743426233568e-03,-1.126931386310058535e-02,6.026381484691377671e-04,1.861141670629170436e-02,2.918287124007765479e-02,1.538379543009619869e-02
1.783266949484625108e-01,1.563828955960681610e-01,3.164746496382765950e-01,1.000000000000000000e+00,4.845276214425818795e-01,3.981207554894330425e-01,5.888147955394369415e-01,3.035436192729522031e-01,1.545923025739557588e-01,4.735833855375991552e-01,1.531122514352906416e-01,1.713732480278392922e-01,-1.717119001664826061e-01,1.590410283641563727e-01,2.347547321432132961e-01,-1.452807159061065556e-01,-1.806686632472929432e-01,1.927115403915776459e-01,1.342814950233435500e-01,2.168561208935800011e-01,9.565368142386303230e-02,9.320423985755240878e-03,-1.000910979615026869e-01,-1.187484706014478447e-01,-1.271547939485774825e-01,-9.919043142388504763e-02,3.884792505483904146e-02,1.090692816541193461e-01,6.948093408789646208e-02,1.280566060373793391e-01,1.548993591268662817e-01,1.290117919700365101e-01,3.675405364542828207e-02,3.615354257677576288e-02,1.565766822892812327e-01,1.514167189499420751e-01,1.295955206666990767e-01,4.293549275249468333e-02,9.941074712129714663e-02,4.563522575559177813e-02,2.687555937499529202e-02,6.752384984835649306e-02,3.472580332463937741e-02,2.723671689715489660e-02,1.440339348974333661e-02,1.291716722912678549e-02,1.729643287970640281e-03,2.570566831030894096e-03,4.768176056971869248e-02,2.710930827645075675e-02,3.178530359029516777e-02,1.556885724585836857e-02,1.032778216123056425e-02,-1.373135178466048344e-02,-1.092052797340683536e-02,-4.157044777144557057e-02,1.637241425383692463e-03,-6.173379037028447905e-04,9.119341991688774060e-03,-5.423866236846358775e-03,1.193672938934714836e-02,-4.387082606626964421e-03,2.295173731923453447e-02,7.180843214495699102e-03,1.090930500586126742e-02,-1.658809815264829235e-02
2.073496228067584768e-01,1.615031766115157252e-01,3.660040967241616205e-01,4.845276214425818795e-01,1.000000000000000000e+00,4.142353033568800802e-01,5.268574801191632240e-01,2.231608861893614182e-01,1.567508960642716720e-01,4.821413458142774222e-01,-9.303976916654521645e-03,5.591339088502195014e-03,-3.018973155674263276e-01,1.972264361588904960e-02,1.186730730351510943e-01,-2.365734045550762221e-01,-9.353211764787519589e-02,2.522755006066211836e-01,4.491334658900047322e-02,1.954548065410688373e-01,1.675824536762535455e-01,8.438069405694754999e-02,2.751819837058995175e-02,-7.715872109298770043e-02,-1.337215519132022856e-01,-6.709732287197738010e-02,-8.680750496470633626e-02,-2.163694320971129570e-02,-2.508775382237083199e-02,5.012861336597037448e-02,8.815395294740885346e-02,1.341306933662915479e-01,1.383238320775689312e-01,2.040731891175653553e-02,5.237466895441556664e-02,1.050775510016968839e-01,7.768474389263844981e-02,3.205560657935388989e-03,6.328834781678434329e-02,1.794787458436362948e-02,1.764881202611740321e-02,6.272780875333289208e-02,3.171110002629601299e-02,2.895673036248537502e-02,2.769615829800434886e-02,1.282485277954499396e-02,1.601471504365849924e-02,2.326718095994300198e-02,3.536422550021761646e-02,3.707466051812875057e-02,3.526860283436286658e-02,2.690576354001981280e-02,2.044623486853345412e-02,1.514080237167399028e-02,1.264181710324226854e-02,-2.704477877706569500e-02,-1.790136095887841575e-02,1.784859409598097205e-02,3.698322861927291760e-02,-4.745623655622093970e-03,1.940319355898847964e-02,-5.346036668153003601e-03,1.688411811883203800e-02,1.127170959199525445e-02,7.898545981975171187e-03,-1.999084880336876244e-02
1.236565157310047791e-01,8.383232219426328680e-02,1.677533537082173953e-01,3.981207554894330425e-01,4.142353033568800802e-01,1.000000000000000000e+00,2.889362337534580050e-01,9.829396922513854162e-02,3.284129826378784194e-03,2.747692451240277833e-01,-2.924425643360418353e-02,9.945131737708511055e-02,-2.105190623512837034e-01,-2.763424674924156235e-02,1.843846369322290346e-01,-1.447444254448291556e-01,-2.824740396803512507e-02,2.596453645538162047e-01,1.674578388153352138e-01,2.288232771662531695e-01,7.630684705009062319e-02,8.689972807574108948e-02,-1.905099614924178966e-02,-9.233200118596421313e-02,-5.389973846010983477e-02,-8.661766181664676267e-02,1.583137560645154346e-02,2.999539410274948761e-02,5.407465631758114066e-02,5.699978978573699145e-02,4.748973104759436625e-02,1.244910678342528165e-01,2.884855846419875913e-02,-4.484129610638060842e-02,9.439325827782882317e-02,7.517176458591277866e-02,1.105892252853007129e-01,-1.747887699780260526e-02,4.415860927313181722e-02,2.804263665712160292e-02,8.125754271901729220e-03,3.390537992760075253e-02,2.429639179881097968e-02,3.665523035266592816e-02,5.281570115277345323e-02,5.387582016181029221e-02,3.511376771417487608e-02,4.508463366954690993e-02,2.439624578613136877e-02,4.125977184420098753e-02,4.465549311865598531e-02,3.175403473133866367e-02,1.991351731395932592e-02,5.654698701139453457e-03,1.366792474219887844e-02,-2.053457346229812033e-02,-1.179432135735553056e-02,2.439023261308776065e-03,2.881001844168301976e-02,-2.738139331635486631e-02,-1.345093349375564747e-02,-1.666756096371376991e-02,-1.385065910707898758e-02,-9.188415513679663166e-03,-1.999778728436875722e-02,-2.379881781827030210e-02
2.114082465389331145e-01,1.887639895074457730e-01,3.083116184902034984e-01,5.888147955394369415e-01,5.268574801191632240e-01,2.889362337534580050e-01,1.000000000000000000e+00,5.047023124637612934e-01,4.112320876608009379e-01,7.367363655446824700e-01,1.410037953031743618e-01,1.835669427732359305e-01,-2.843630557338291398e-01,1.731986167896812645e-01,2.762035399543410485e-01,-2.229911004143149411e-01,-2.690135481750913216e-01,2.411110217328711891e-01,1.189553600850137699e-01,1.917784421750164114e-01,8.635625097778810988e-02,1.948303329600202874e-02,-4.646043619281656906e-02,-8.568335378476792108e-02,-1.919827729532068150e-01,-9.978229141298788907e-02,5.504277608412841416e-02,1.365252057141017050e-01,5.102681998589652518e-02,1.493739077479339650e-01,2.282700979157985255e-01,1.117248773194552819e-01,9.103001087863060725e-02,1.019219775372849079e-01,1.554754814949407538e-01,1.362839837867495241e-01,9.364547101590547928e-02,2.643672536804786075e-02,9.509218186727275146e-02,4.454199777816001543e-02,2.565125807134238656e-02,6.896600001215524856e-02,2.848220361080205931e-02,5.069431646538720242e-03,-3.865645441758401146e-03,-1.403225132109070170e-02,-2.238655736382412151e-02,-2.977621422483506947e-02,8.863366995252693753e-03,9.655415978668358684e-03,-8.097472582619433907e-04,3.618314216138207671e-03,-7.971198153927614230e-03,-1.588678511233389615e-02,-4.437917321546501655e-03,-3.943938203799809278e-02,4.524145850085605457e-03,7.823384890419837756e-03,3.268239272645333433e-03,2.542831403034183022e-02,8.796632249936242251e-03,-9.290516532650231613e-03,1.861469184932042914e-02,-7.773822762853827527e-03,1.947186971539676889e-02,-1.485831705120416874e-02
1.136984255939613025e-01,1.068246180359024439e-01,1.406514674736132897e-01,3.035436192729522031e-01,2.231608861893614182e-01,9.829396922513854162e-02,5.047023124637612934e-01,1.000000000000000000e+00,4.427782292796975661e-01,1.958790878493396892e-01,-6.521291896335786042e-02,-1.547018516917668118e-01,-3.593774602302033938e-01,-2.404999838790681035e-02,-3.512239317924252535e-02,-1.859560775170875091e-01,-1.670435677974130007e-01,3.723097890412941507e-02,-2.329351035845067530e-02,-3.986803782880862790e-02,-4.934235153653013239e-02,-2.310592447251121062e-01,-1.993246927608387509e-01,-1.198034906541765032e-01,-1.092304488716899086e-01,-1.079072106158334987e-01,1.126101400028744343e-01,1.875412720816130308e-01,7.991655086835332267e-02,1.514851631904171603e-01,1.950875792302933787e-01,5.850234330364395552e-02,-5.114304306741425388e-02,1.143358028923906616e-01,1.273008885210395458e-01,3.998273458022678917e-02,1.493600664777562127e-02,4.129511749707914098e-02,3.592398055130073542e-02,2.770121196673594466e-02,8.500226213998337763e-03,1.743582833007063099e-02,-1.945814723677359581e-02,-3.061663838943554788e-02,-6.391047906542005053e-03,7.456590821019080766e-03,-4.378269230560833530e-02,-3.998406036815238540e-02,-1.533598139678179692e-02,-1.168192161849370726e-02,-1.029657713568067449e-02,1.758786641417181551e-02,-3.189749990026137429e-03,1.379414979129598394e-02,2.434876444441976678e-02,-1.854208820216843301e-02,3.156318645289810793e-02,2.572246356448206275e-02,-7.603133438733138127e-03,2.957425201825275574e-02,2.248112813539990262e-02,-2.464332426413517411e-03,1.926722817064595653e-02,-1.414007522596133666e-02,1.490768728294978749e-03,-1.216784682843284442e-02
6.692821665957342236e-02,6.738892553881789538e-02,1.333047993820316579e-01,1.545923025739557588e-01,1.567508960642716720e-01,3.284129826378784194e-03,4.112320876608009379e-01,4.427782292796975661e-01,1.000000000000000000e+00,4.432137053615200495e-01,-2.496722155348243544e-01,3.531205984931476416e-02,-1.495150347151280590e-01,-1.742933757209196022e-01,4.294309359059762105e-02,-1.010125777137570735e-01,1.701487183159597349e-02,1.294566212865272403e-01,2.852602835754219912e-02,9.672218585262730428e-03,-1.558192004428769414e-02,-8.307058672177904460e-03,-1.452020123289512153e-02,4.067149666418384824e-02,-9.179212926781814275e-02,2.716749472922826494e-02,6.675002051746696530e-02,9.866113758270864120e-02,1.875562113151750532e-02,9.087281312483805329e-02,1.566959901868008875e-01,-2.239149857857936771e-02,8.072063519240901819e-02,1.043191304718782131e-01,2.520537056247065810e-02,1.374908564597591282e-02,-3.299994131715867918e-02,1.718833187666608114e-02,4.521095413847097538e-02,-4.434698052372921910e-03,3.319125540668425856e-02,2.898425168369272650e-02,-1.184047874374308251e-02,-2.339819062284803283e-02,-1.850478023029505925e-02,-3.482494495162338777e-02,-5.358988541842523573e-02,-2.112878800481570243e-02,2.252625743149996689e-03,-1.900426440074851758e-02,-1.849825423967879287e-02,2.361885677069623657e-02,-3.080800715746016827e-02,1.100149908419422747e-04,5.043714348073992729e-03,-4.789652201489548282e-03,1.188962295291534459e-02,2.449039819647799016e-02,1.197753400562079525e-02,2.711837518976055808e-02,2.198631044473258606e-02,1.108186762926684438e-03,2.309361433834157887e-02,-4.123585247364206299e-03,2.540054947294351564e-02,-9.124877631721092092e-03
1.761703355986683761e-01,1.508610286555080171e-01,2.826982560669396571e-01,4.735833855375991552e-01,4.821413458142774222e-01,2.747692451240277833e-01,7.367363655446824700e-01,1.958790878493396892e-01,4.432137053615200495e-01,1.000000000000000000e+00,1.016419994335981819e-01,3.077185626971753463e-01,-1.879506367100161612e-01,1.717899887396114322e-01,3.615257477954763599e-01,-1.876287282069976914e-01,-2.171618184282472219e-01,2.995620833011359840e-01,1.583851772555088522e-01,2.558265542685782545e-01,1.298795273310364984e-01,1.461778176606030044e-01,5.519115020593327176e-02,-1.681064663255381689e-02,-1.766732951854187994e-01,-4.794468250404410048e-02,1.074167921706714948e-02,7.194015008401073719e-02,1.310555535003585063e-02,1.107784787022222661e-01,1.968051512774831036e-01,9.433553253752999246e-02,1.538159979008807132e-01,8.009700725199218885e-02,1.224253078232405145e-01,1.371952507505479202e-01,8.519844808812714054e-02,2.772599374051626202e-03,8.630643861200024136e-02,2.418520450175944483e-02,2.749525009954912821e-02,6.815793604219820556e-02,3.244115319590177432e-02,1.517129352570349525e-02,6.091115489469239690e-03,-2.028149695560393581e-02,-1.635372280669342843e-02,-3.748026152654035034e-03,2.581110244402342116e-02,9.569744808423957805e-03,-5.821099823339182357e-04,-5.672842597037304566e-04,-1.122552830630343945e-02,-2.093569432416879372e-02,-1.074539132068712440e-02,-2.726248038062450973e-02,-5.379018039849804179e-03,1.327846115981167960e-03,7.877261554514666808e-03,2.594378963050351580e-02,5.397400818589042151e-03,-8.064034182273558532e-03,1.435636019138564722e-02,-1.127101521855656402e-02,2.538211940095646407e-02,-9.887078830139332808e-03
3.569629982126508450e-02,2.416015374522417075e-02,-2.289387027122769674e-03,1.531122514352906416e-01,-9.303976916654521645e-03,-2.924425643360418353e-02,1.410037953031743618e-01,-6.521291896335786042e-02,-2.496722155348243544e-01,1.016419994335981819e-01,1.000000000000000000e+00,5.139489968934817243e-01,4.905176822355109545e-01,7.302469968427136582e-01,3.526862549576169625e-01,3.026737432517749293e-01,-4.443030341149449836e-01,-2.849488775869905566e-01,1.117956515562857495e-01,2.431029167379563163e-02,-1.807939166953863586e-01,-1.257542262201416239e-01,-9.517934452339819884e-02,6.016590116234818257e-03,-6.647646682287824960e-02,-5.526175041950493610e-02,1.215515731783088499e-01,2.008229008888222367e-01,5.368161645118450093e-02,1.059493484674259578e-01,1.917823000464729255e-01,-7.078351338541515048e-02,-1.414818992210559179e-01,1.392681948990226737e-01,1.848645333722786499e-01,-2.861945287615629344e-02,-2.330506172871333118e-02,-6.919265611443478625e-02,-3.108613948959065842e-02,-3.262929730161781561e-02,-5.533173656414193571e-03,-1.843394975699601951e-02,-9.732307119665058182e-03,-1.905370972257676085e-02,-4.039239081653032276e-02,-1.454742542311739280e-02,-3.286471156303808622e-02,-3.517131920668623013e-02,-2.278753026626955877e-02,-2.242627759920848285e-02,-2.017934632262956968e-02,-7.760730191909752385e-02,-1.987644404887638563e-02,-5.712080804708109111e-02,-5.464324266473299246e-02,-4.420880486653159386e-02,2.466484848716832615e-03,-2.645731819867158316e-02,-1.145290665211049982e-02,8.072274910337677578e-03,8.373013018257711645e-03,1.022277931416100231e-02,-2.487207156733942191e-03,-4.221655008695994818e-03,6.325591380463303423e-03,7.432260541881965943e-03
5.395866193460958915e-02,4.000389895001077445e-02,3.327797541232083850e-02,1.713732480278392922e-01,5.591339088502195014e-03,9.945131737708511055e-02,1.835669427732359305e-01,-1.547018516917668118e-01,3.531205984931476416e-02,3.077185626971753463e-01,5.139489968934817243e-01,1.000000000000000000e+00,4.723496040777158123e-01,3.927879692883038398e-01,6.469800078546597000e-01,3.502201244186116114e-01,-2.009949126679320408e-01,3.607552290574844028e-02,4.808177776136066117e-01,2.658540535085094914e-01,-1.681748147238133206e-01,9.467299367246273523e-02,-1.524738951697475475e-01,-4.319295394758964485e-02,4.116193983614523794e-02,-3.921600115791171182e-02,3.071082301963270478e-01,2.875171811210504025e-01,2.830408795729741911e-01,2.363828011839377574e-01,1.917491552264115051e-01,1.834465329699806399e-02,-1.124883843612940332e-01,-5.631373248107393419e-03,2.391163409362830061e-01,8.390300638958826662e-02,7.749585878351188117e-02,7.636578515926644925e-03,6.714400037936334165e-02,2.099309740923848214e-02,4.443815744804156115e-02,6.348447835137921436e-02,3.560905863155915119e-02,5.634446250797937872e-02,5.102958848284502164e-02,7.492509785922590523e-03,1.006344591925681896e-02,5.644229680576381275e-02,5.675811625585241299e-02,3.983930335289585095e-02,3.626237513554633751e-02,-1.223068060653726384e-02,-4.231238430825041454e-03,-7.887214820755947611e-03,-2.619197673475867280e-02,-1.779624929273547485e-02,9.526647929684882096e-03,-2.613920541697414140e-02,9.354696279525008193e-03,1.991885407462257868e-02,3.051683419973646658e-02,8.391420921586151271e-03,-6.096458506715093408e-03,6.720930853853535579e-03,3.253918808148278073e-03,1.685383870079561544e-02
-7.512854439422381181e-02,-7.162260097790380808e-02,-1.281230429930382553e-01,-1.717119001664826061e-01,-3.018973155674263276e-01,-2.105190623512837034e-01,-2.843630557338291398e-01,-3.593774602302033938e-01,-1.495150347151280590e-01,-1.879506367100161612e-01,4.905176822355109545e-01,4.723496040777158123e-01,1.000000000000000000e+00,4.481446688059017025e-01,2.366444008748544159e-01,6.355953496827877469e-01,-1.102928044075367764e-01,-4.376201527626178978e-01,1.529403391486248154e-01,-1.304146615360425865e-01,-3.227698208365207821e-01,2.299410368924194304e-04,-2.290846866711684915e-02,1.596109482680740099e-01,1.566075846282249662e-01,1.020975573284680915e-01,1.878349646860480449e-01,1.603644586196501798e-01,1.090846359204390992e-01,1.016718727888634849e-01,7.353695272008825556e-02,-1.541490266241006546e-01,-1.848933965180807326e-01,1.334359023858607343e-02,5.873766269779426286e-02,-9.352277886295413956e-02,-1.128206492215514251e-01,-1.026169412547901921e-01,-5.740755610013488497e-02,-9.868318616753420092e-02,-3.328298402474060003e-02,-5.413589653885180625e-02,-5.851798738424828644e-02,-4.578482433081815239e-02,-6.732135181545434444e-02,-6.539077040564862664e-02,-6.020962503666498628e-02,-4.281113092491168476e-02,-2.366360950433365681e-02,-5.182450699759241081e-02,-3.760941198649261213e-02,-8.495884166739990639e-02,-5.604098012880664309e-02,-5.981508592971283844e-02,-6.167894624042478263e-02,-4.383195924161464169e-02,-2.751163840797978162e-03,-2.396478336228228742e-02,-1.802818393675860789e-02,-2.538002150294681528e-02,-3.721662925194123392e-04,1.306670588110248228e-02,-1.526401120712865545e-02,7.426444897541535596e-04,8.473832970223223529e-03,1.071393362110823963e-02
5.130745875950989965e-02,3.776083898389923088e-02,2.302244801162762686e-02,1.590410283641563727e-01,1.972264361588904960e-02,-2.763424674924156235e-02,1.731986167896812645e-01,-2.404999838790681035e-02,-1.742933757209196022e-01,1.717899887396114322e-01,7.302469968427136582e-01,3.927879692883038398e-01,4.481446688059017025e-01,1.000000000000000000e+00,3.546293595044308633e-01,2.398262379797822252e-01,-5.827183184520871029e-01,-2.802976069933152958e-01,7.023197789312494999e-02,3.014415389632973605e-02,-1.573365913677936545e-01,-1.334799054148515240e-01,-7.374205851888233909e-02,1.144919589883810693e-02,-8.959786604204741933e-02,-6.957773713316496578e-02,3.278019936185204430e-02,1.687830049768907492e-01,7.401901066167712595e-03,8.079122351830889115e-02,2.174616421648147557e-01,-7.984223552319658079e-02,-1.156223960007251583e-01,1.829149080567815389e-01,1.908539000581297995e-01,-2.099669639923143136e-02,-2.055444725107776274e-02,-6.651371291635237160e-02,-1.816342988374300069e-02,-2.364327732248975786e-02,-1.289601200869863740e-02,-1.541727053081113318e-02,-1.091356487613138679e-02,-1.578618954132587210e-02,-4.835851033671614146e-02,-2.898960607899095376e-02,-3.713458235602121876e-02,-4.476588328664048849e-02,-1.511611103145882144e-02,-2.820513243550934121e-02,-1.789671345280502771e-02,-7.838880190261922343e-02,-2.672860673477898269e-02,-5.823639874539103534e-02,-6.226079305524736401e-02,-5.212618338107380400e-02,7.463605128427948723e-03,-1.967185779659971767e-02,-5.546431551628509468e-03,-4.077915999861464989e-03,-3.613742186781839861e-04,-1.027448968645085572e-02,-1.392360675806993825e-02,-3.538252454931920671e-03,1.745778820159531869e-02,1.344483135644470619e-02
8.373269991052806338e-02,4.317608827864284626e-02,7.559027142702272328e-02,2.347547321432132961e-01,1.186730730351510943e-01,1.843846369322290346e-01,2.762035399543410485e-01,-3.512239317924252535e-02,4.294309359059762105e-02,3.615257477954763599e-01,3.526862549576169625e-01,6.469800078546597000e-01,2.366444008748544159e-01,3.546293595044308633e-01,1.000000000000000000e+00,5.961106638485204334e-02,-4.132041082228469775e-01,2.994604843491238677e-01,5.187401985982649233e-01,4.313939642196967794e-01,-1.813276823271148600e-02,8.708098187401609735e-02,-1.909658935108632938e-01,-1.609340041555106515e-01,-6.094074627742145089e-02,-1.434180474828092577e-01,1.795779980209155635e-01,2.705905969541190781e-01,2.219000153018344801e-01,2.160188470385070725e-01,2.150815004723418966e-01,1.280052690843214991e-01,-1.692640807018571877e-02,-6.206923319718050253e-03,2.793200516617789231e-01,1.741204010260591351e-01,1.616787274316809075e-01,4.782989874038438838e-02,1.362427941950234145e-01,7.654484571363584511e-02,4.695057584381014115e-02,9.627621695258117840e-02,5.866607326430475777e-02,7.857511460890970190e-02,8.562086310368312303e-02,4.628640947681005730e-02,3.200861520657724557e-02,8.100582018401802920e-02,7.402837672318579587e-02,5.834499032762660575e-02,7.402211363683400269e-02,1.821636614152877254e-02,9.604174512648003953e-03,1.479401092098613221e-03,4.079450955991680006e-03,-1.977713218050065197e-02,-9.402264573348254745e-03,-3.257906636101802478e-02,9.140733380146875628e-03,2.656646031831773683e-02,4.059489793630457338e-02,1.131509164154142003e-02,8.916340703896998010e-03,4.039937618779346727e-03,5.174332422522427005e-03,7.396816445033484524e-03
-6.828493602906007820e-02,-4.260095581413749638e-02,-9.982586452596972637e-02,-1.452807159061065556e-01,-2.365734045550762221e-01,-1.447444254448291556e-01,-2.229911004143149411e-01,-1.859560775170875091e-01,-1.010125777137570735e-01,-1.876287282069976914e-01,3.026737432517749293e-01,3.502201244186116114e-01,6.355953496827877469e-01,2.398262379797822252e-01,5.961106638485204334e-02,1.000000000000000000e+00,2.572803937004418048e-02,-5.369384028258311625e-01,2.003490601026730322e-01,-1.642364045855566612e-01,-3.647125797480404441e-01,3.017899231304749935e-02,-1.514697972932262278e-02,1.590113474058675036e-01,1.851497220004909572e-01,1.325732262730750233e-01,2.329853539824133790e-01,1.355379783302339824e-01,1.498759137745470926e-01,9.546655424118596911e-02,3.930060960972570766e-02,-1.492985626579153846e-01,-1.989031311367642219e-01,-1.067887207837262507e-02,5.976961008879348725e-02,-9.151981974443132439e-02,-1.097997001762853614e-01,-5.978344364299591901e-02,-5.779869277560625157e-02,-9.520532847373143481e-02,-1.141453254363013724e-02,-1.349652036386678709e-02,-2.553778213510820780e-02,-3.039043197520273701e-02,-3.302404666108926801e-02,-3.038648803621443739e-02,-9.911804575449578367e-03,-2.542572388384322854e-02,-9.567565591829663499e-03,-3.380811792797105975e-02,-8.877491155213522098e-03,-4.678227493935752102e-02,-3.739994942136720679e-02,-3.226632918004836148e-02,-2.697726231188063775e-02,-2.524063158903776249e-02,-1.008620862671935278e-02,2.731998081082330325e-03,-1.589754771268729952e-02,-2.178237147436764068e-02,9.758126361682623734e-03,2.049446712312115448e-02,-9.260414558894265735e-03,5.735841170633442475e-03,-9.399856764910591300e-03,9.120611384428651061e-03
-7.532385694487295225e-02,-5.532089039593462987e-02,-2.929804018409043129e-02,-1.806686632472929432e-01,-9.353211764787519589e-02,-2.824740396803512507e-02,-2.690135481750913216e-01,-1.670435677974130007e-01,1.701487183159597349e-02,-2.171618184282472219e-01,-4.443030341149449836e-01,-2.009949126679320408e-01,-1.102928044075367764e-01,-5.827183184520871029e-01,-4.132041082228469775e-01,2.572803937004418048e-02,1.000000000000000000e+00,1.511392734577586550e-01,-2.681757294865969032e-02,-7.205976898727375901e-02,7.032421143770165028e-02,2.160373990987733417e-01,1.193859528291377481e-01,9.859565704716714840e-02,1.564168536796216313e-01,1.156044621934251837e-01,3.942447983272063389e-02,-1.235562385142836700e-01,3.086246078541217061e-02,-2.500206435479607886e-02,-1.513308074800941150e-01,1.968309172604424881e-02,5.367519220907789046e-02,-1.407339540819208812e-01,-1.693423409874648122e-01,-1.068830700775654646e-02,-2.944008279001782483e-02,3.302283420247507234e-02,-9.585638834070972503e-03,-2.610798947554449079e-02,1.055322804739188079e-03,-1.608627668225016266e-02,-9.592869586227544335e-03,5.148968695988115525e-03,1.547682927082213826e-02,6.213463379632167514e-03,2.509578090160673527e-02,2.780571512951885566e-02,1.916879240354822309e-02,5.209824767922890260e-03,-1.330927698721151228e-02,5.257851185826034612e-02,6.336246837587190817e-03,4.574262960570801145e-02,3.225712697389933326e-02,4.935034378358182927e-02,5.776219514318651875e-03,5.060827708971592925e-02,4.259794409567819323e-02,5.041835242187838947e-03,-5.431224890113790088e-03,-1.178444356636252710e-03,-1.274521601695735758e-02,6.416401572384946260e-03,-7.748850307302299761e-03,1.145150319964085076e-02
7.696020910588048658e-02,4.177242661097152476e-02,1.464319683448943865e-01,1.927115403915776459e-01,2.522755006066211836e-01,2.596453645538162047e-01,2.411110217328711891e-01,3.723097890412941507e-02,1.294566212865272403e-01,2.995620833011359840e-01,-2.849488775869905566e-01,3.607552290574844028e-02,-4.376201527626178978e-01,-2.802976069933152958e-01,2.994604843491238677e-01,-5.369384028258311625e-01,1.511392734577586550e-01,1.000000000000000000e+00,2.325227702359229653e-01,4.574660609804251932e-01,3.341734150063526143e-01,2.079735830200522551e-01,-5.931373338574608134e-02,-1.814721442925768535e-01,-6.827545498569996540e-02,-1.005426461182305359e-01,-2.148876451567629034e-02,-7.187694340933914027e-04,7.684347224404200483e-02,4.455615850360032659e-02,1.304822075352750181e-02,1.925314864604689979e-01,1.988312903896446993e-01,-8.273724506308408055e-02,5.152300193016046137e-02,1.844148766025318908e-01,1.992705535915481052e-01,1.046657122172394289e-01,1.445191279652673633e-01,1.276397201976544882e-01,5.963645517837259935e-02,8.690042051949492530e-02,8.054804309735480450e-02,8.239272633310175398e-02,9.600568809387205471e-02,7.097276396408536137e-02,6.450408514083819100e-02,9.638434873533674452e-02,6.313386022595873781e-02,9.193516109924698698e-02,7.551757448776307002e-02,9.812141984044481235e-02,6.187877352746899012e-02,7.228627661831690809e-02,8.287541448676097322e-02,5.881050748419321128e-02,9.203691355817115310e-03,1.763161232449891522e-02,3.857104091855615563e-02,3.724334113100879334e-02,8.473937154021218485e-03,-2.622340152656919832e-02,7.307836367226715896e-04,1.897563021646217919e-03,-6.351590333890432070e-04,6.509282935917999266e-03
3.314715379692093067e-02,1.719068392975717230e-02,2.627600510497339961e-02,1.342814950233435500e-01,4.491334658900047322e-02,1.674578388153352138e-01,1.189553600850137699e-01,-2.329351035845067530e-02,2.852602835754219912e-02,1.583851772555088522e-01,1.117956515562857495e-01,4.808177776136066117e-01,1.529403391486248154e-01,7.023197789312494999e-02,5.187401985982649233e-01,2.003490601026730322e-01,-2.681757294865969032e-02,2.325227702359229653e-01,1.000000000000000000e+00,4.978352711740164915e-01,-8.805012071250098438e-02,3.263374687923061845e-01,-9.160061638456649946e-02,-1.937792579406815568e-02,6.041881798482828109e-02,-5.300454691732795626e-02,2.741871783360384507e-01,2.329429273151440161e-01,2.456898417686735892e-01,1.730032066321689210e-01,1.127477152898576640e-01,3.994866776589621471e-02,-3.119491304367574824e-02,-7.355853804325429568e-02,1.955320410276364385e-01,1.497828723207321466e-01,1.256404995959233273e-01,6.634274784754087828e-02,1.327522193484447777e-01,4.764234629956184269e-02,7.057536911026648929e-02,1.012577669317930307e-01,5.480050185701124121e-02,9.553988079184908000e-02,1.077773509536656127e-01,7.499874371293989428e-02,9.863125858334738372e-02,9.181055028627417569e-02,9.263188058158887406e-02,1.069862567681931775e-01,1.262611398299753607e-01,9.680170740924004535e-02,6.778527916637268336e-02,6.645566539911391957e-02,6.477465653600687767e-02,5.313763928064461212e-02,8.348786494108754964e-04,3.593878926933930656e-02,3.937286871671964728e-02,3.305690859342516608e-02,5.114746590422121486e-02,9.835425084230172386e-04,-4.347482533525168225e-03,2.696242512796571608e-02,-8.237951722690371389e-03,4.719762501695101697e-02
6.387639395912821094e-02,2.851126501002126945e-02,8.574620420967496437e-02,2.168561208935800011e-01,1.954548065410688373e-01,2.288232771662531695e-01,1.917784421750164114e-01,-3.986803782880862790e-02,9.672218585262730428e-03,2.558265542685782545e-01,2.431029167379563163e-02,2.658540535085094914e-01,-1.304146615360425865e-01,3.014415389632973605e-02,4.313939642196967794e-01,-1.642364045855566612e-01,-7.205976898727375901e-02,4.574660609804251932e-01,4.978352711740164915e-01,1.000000000000000000e+00,4.230900388472655926e-01,3.053761821239783791e-01,-1.069143993661719055e-01,-1.236975381141306451e-01,-5.194062608005785286e-02,-1.657901223336344099e-01,4.589540315625224159e-02,1.965980149350724515e-01,1.696073835107493322e-01,1.669952187918775643e-01,1.368258587144620675e-01,1.696553764648963403e-01,1.725106503046022477e-01,-5.980919255451808136e-02,1.806132168580938946e-01,1.896340095700732031e-01,2.494512361077659557e-01,7.219371483254226340e-02,1.550511572125762572e-01,1.368172650505985743e-01,8.345335142552889884e-02,1.434189188128075498e-01,1.103449221916907447e-01,8.881438176397969675e-02,1.198297692603058351e-01,1.063134105510688820e-01,9.056237402938256686e-02,1.117545445051610631e-01,8.725342425723299489e-02,1.133014579910063685e-01,1.112969768829023126e-01,1.042389015464290081e-01,7.814022857113767095e-02,6.147876518256376044e-02,6.340275755691825166e-02,4.272722260795076832e-02,-2.097750802367534181e-02,8.797187178703544733e-03,5.541372617492569541e-02,5.053460684990371266e-02,5.272752806153934574e-02,-1.497472815289827182e-02,-3.688472203826662077e-03,1.214214072514042952e-02,3.520624966838681574e-03,1.748541074673753276e-02
4.194558229526181015e-02,2.889224694029532067e-02,7.000284064903883330e-02,9.565368142386303230e-02,1.675824536762535455e-01,7.630684705009062319e-02,8.635625097778810988e-02,-4.934235153653013239e-02,-1.558192004428769414e-02,1.298795273310364984e-01,-1.807939166953863586e-01,-1.681748147238133206e-01,-3.227698208365207821e-01,-1.573365913677936545e-01,-1.813276823271148600e-02,-3.647125797480404441e-01,7.032421143770165028e-02,3.341734150063526143e-01,-8.805012071250098438e-02,4.230900388472655926e-01,1.000000000000000000e+00,1.833869064766638357e-01,4.088497271614839612e-02,-1.030271865907414208e-01,-6.323159477215209434e-02,-1.511583394133159397e-01,-1.785866614992606405e-01,-2.690022307568343610e-02,2.394755129334396205e-03,2.967466941190840743e-02,-2.014118736474340698e-02,2.062029507076615920e-01,2.745878444463036305e-01,-5.257634781189605283e-02,-7.904192316009927416e-03,1.829131713236178403e-01,1.932065681935021262e-01,1.284793888703817943e-01,1.434128202405824115e-01,1.211941971925806355e-01,4.789265698786057679e-02,7.212616516804927491e-02,1.076004126809863432e-01,5.233659976454409918e-02,7.345985294401113919e-02,7.910076996654344383e-02,4.466470211323043255e-02,7.408293352603818882e-02,2.813409760275554367e-02,6.160225836548369194e-02,7.471445976199769801e-02,6.947741636523414865e-02,8.144077335219453151e-02,5.619775663708351243e-02,5.915503367845413585e-02,2.434402256152884414e-02,8.969164777153036325e-03,1.687918775894580586e-02,1.759478637653008257e-02,3.259516853538847736e-02,1.004944353351489017e-02,-1.129324721945039293e-02,1.103872301050095803e-02,-4.534306919243548568e-03,1.489126959170712292e-02,-1.378758772800991713e-03
8.200019937230325698e-03,1.721696868097722863e-02,4.358676782683170575e-02,9.320423985755240878e-03,8.438069405694754999e-02,8.689972807574108948e-02,1.948303329600202874e-02,-2.310592447251121062e-01,-8.307058672177904460e-03,1.461778176606030044e-01,-1.257542262201416239e-01,9.467299367246273523e-02,2.299410368924194304e-04,-1.334799054148515240e-01,8.708098187401609735e-02,3.017899231304749935e-02,2.160373990987733417e-01,2.079735830200522551e-01,3.263374687923061845e-01,3.053761821239783791e-01,1.833869064766638357e-01,1.000000000000000000e+00,3.000008311988351384e-01,3.175844205715833701e-01,1.861439833622550444e-01,2.053312697134257736e-01,1.568858902001374067e-01,-5.290771958107060025e-02,7.015858927813219126e-02,3.912977866173569796e-02,-4.754946958818593444e-02,-6.105089053294612128e-02,1.059573304438693603e-01,-1.054041632071075069e-01,-7.647035382935246650e-02,2.041180723012500295e-02,-2.293795152822383776e-02,-5.502118811776534300e-03,6.025134235552964852e-03,-2.648130078840725890e-02,-1.133777629681589384e-02,3.479424299808383256e-04,-8.024437553471236440e-03,1.821972133047918690e-02,1.820293713904864649e-02,-7.011348601232036959e-03,4.947787922365318170e-02,1.384985239429709254e-02,5.725625286187082524e-02,2.820634479374227802e-02,3.942111305561502715e-02,5.827003341141802351e-02,2.086305165335894385e-02,2.343229703091372768e-02,2.597935777460479503e-02,4.668882170995084652e-02,-1.973967430976010864e-02,1.682858554195471382e-02,3.155419292259441927e-02,9.001597699298301627e-03,3.335240325570112963e-02,8.383422912013942198e-04,7.442218821957710673e-03,1.431692719397933446e-02,-1.258158373817830182e-02,3.791070094284854780e-02
1.307166667593338653e-02,9.526055427608762921e-03,7.163002272530008020e-03,-1.000910979615026869e-01,2.751819837058995175e-02,-1.905099614924178966e-02,-4.646043619281656906e-02,-1.993246927608387509e-01,-1.452020123289512153e-02,5.519115020593327176e-02,-9.517934452339819884e-02,-1.524738951697475475e-01,-2.290846866711684915e-02,-7.374205851888233909e-02,-1.909658935108632938e-01,-1.514697972932262278e-02,1.193859528291377481e-01,-5.931373338574608134e-02,-9.160061638456649946e-02,-1.069143993661719055e-01,4.088497271614839612e-02,3.000008311988351384e-01,1.000000000000000000e+00,5.706706050722556434e-01,-9.837451977925822100e-02,2.705683437258089019e-01,-7.094180615667794454e-02,-2.124741374101099534e-01,-1.808168669600968004e-01,-2.123441818172306372e-01,-1.423490789602988860e-01,-2.133256110091901192e-01,-1.580511058576606611e-03,2.431137526316517333e-02,-1.943247237434276853e-01,-1.328264976115723639e-01,-1.300438866486907652e-01,-6.994635058791270898e-02,-1.025295705909127497e-01,-1.062176973331756813e-01,9.263063026715787768e-03,-6.160144097430144544e-02,-1.636975817992602361e-02,-6.849966937169930936e-03,-3.954255815691789383e-02,-3.500417114473772934e-02,1.742009811535547362e-02,-4.097894394714719779e-02,-4.362650231514199339e-02,-2.860008427933406761e-02,-3.222722481984771625e-02,-3.391914694303992811e-02,-1.538300594090792270e-02,-1.638992426208255027e-02,-3.134422062031272035e-03,2.091275133884670789e-02,-1.317906652534614649e-02,-9.544871731923346495e-03,-3.506181763720320199e-02,-5.424457485364206008e-03,-2.784066469046704226e-02,1.640053782023647702e-03,-3.231226900659535037e-03,1.947789132103564316e-02,7.520248104931355482e-03,1.233170480813353988e-02
