1.000000000000000000e+00,4.315853285830515973e-01,3.179219911139574695e-01,3.980531525918283298e-01,2.049685078504439872e-01,2.298090116434254038e-01,1.967100733574868587e-01,6.543504292921015209e-02,7.689524387101061287e-02,1.574406635253903508e-01,8.443288528781023317e-02,1.009625042024434177e-01,8.559429802208251559e-02,4.679190312640309907e-02,3.127235758229563595e-02,5.710084063304520646e-02,5.675211858608496945e-02,2.177063546792027370e-03,8.132879963887032493e-02,-1.253980804061414480e-03,-3.901825877911929003e-02,2.538825899088384061e-02,1.560937218576584351e-02,-2.491558052622554892e-02,-2.123843975054285835e-02,-1.681080929803046090e-02,-1.534843893399823710e-02,-2.055473681668354771e-02,2.769860302252228745e-03,-1.282443379564222365e-02,-1.013723085794712708e-02,1.240579526095171407e-02,-2.968236607351987244e-02,-2.240404682167810441e-02,1.611143533920647575e-02,-4.200136160734473795e-02,1.389737095899417664e-02,-2.901723449129184947e-03,-4.874780104696723598e-02,-1.701501973651395327e-02,3.893678990470034185e-02,-4.712187665154720859e-03,-6.848093681303375757e-02,-2.100574652449590900e-03,-1.000136731961736035e-04,-6.446268197928163232e-03,-1.445914035820441979e-02,1.720206165949332566e-02,2.349358474662307031e-02,-1.001138819862884902e-02,5.324634696263872043e-03,3.415725457624906730e-02,5.011030355780295847e-02,3.207963640814622680e-02,4.207726107164393159e-02,3.335672777175596737e-02,1.546023946185811834e-02,3.982659703311716703e-02,9.603732492746244222e-04,1.317456066992265043e-02,-3.435256223588883766e-03,1.639630375292673581e-02,3.694382153821952619e-02,5.670307464439315647e-04,2.603665717471716906e-02,3.201292556743236956e-02,5.852380826713622815e-03,-2.716547163125437869e-02,-3.898151664021579088e-02,-8.923851940980409916e-03,-8.717489046868823199e-03
4.315853285830515973e-01,1.000000000000000000e+00,3.337029162888651701e-01,2.825872163091033284e-01,2.876285617805049988e-01,1.918089066456457048e-01,1.364329189029152567e-01,6.015451479689599285e-02,6.203736024341510724e-02,1.002249053791784694e-01,5.933441846747641163e-02,8.505382592110538598e-02,8.507090300897951485e-02,3.640472715668390674e-02,4.676427064596092725e-02,5.595387742496978067e-02,4.937642463216374705e-02,1.790717350288729970e-02,8.039845203693357645e-02,-1.536736829916115175e-02,-2.968873874996458273e-02,9.155663168351131295e-03,2.790169186337793095e-02,6.205332059506902913e-03,-2.561942541993933453e-02,-4.522718164419300448e-03,-4.391337680314180356e-03,-4.089407119443206479e-02,2.266733325095136517e-03,-1.390920221825197103e-02,-1.185790650637664860e-02,-1.811103927574558847e-02,-7.812703927246703733e-03,-5.092824366521173790e-02,1.441745303808292765e-02,-1.328777351358543038e-02,-1.917381457913901188e-02,7.312799085035628964e-04,-1.144032895588984258e-02,-4.827734937418717495e-03,1.440560801033006003e-02,8.476511367298976765e-03,-2.458447011199775198e-02,1.080243438507991031e-02,-1.231193477891644357e-02,-3.608282954099382382e-03,-2.309017644597844560e-02,2.167301860737284175e-02,3.057616556006970132e-02,-5.276022532374029413e-03,-1.459882760286808009e-02,1.591030911367450826e-02,3.362619998180230857e-02,8.991004135460240604e-03,9.045154259943734634e-03,1.400754963019011038e-03,-1.899122182890925631e-02,2.574835744977108098e-02,1.057359140358623759e-02,2.078370990225498691e-02,1.745687424379721228e-02,1.352607506492226920e-02,1.046288009378325279e-02,-2.012812910378379127e-03,2.546891934889373640e-02,1.666524054673098124e-02,-9.630493958846627484e-03,-1.248934238692659543e-02,-2.471192270645821212e-02,1.133629955549434430e-02,-1.312305816533012627e-02
3.179219911139574695e-01,3.337029162888651701e-01,1.000000000000000000e+00,3.472254872642965284e-01,2.895364433415623662e-01,4.151713171157406790e-01,1.513445964998292870e-01,2.811379907853572141e-02,1.254151544934996032e-01,1.530828816528297665e-01,1.094077900987797253e-01,1.042051193590027430e-01,6.829004406725240617e-02,4.000183167942721746e-02,1.163774496641141118e-02,5.969090477361761737e-02,2.921551733798505301e-02,-1.413035224309978737e-02,6.061370255719115974e-02,2.419670163636509358e-03,-5.740845615524462625e-02,1.473272289497390246e-02,2.674795541747723715e-02,3.259099278003461508e-03,-4.203031478263390130e-02,-1.944570313200031861e-02,-5.544120319204380413e-03,-3.369667400700828569e-02,-1.134200909944062079e-02,-1.852427766160856179e-02,-1.599700502113520287e-02,1.637413092294636927e-02,-1.863434470946684351e-02,-4.311328286100978013e-02,2.584283720863609496e-02,-4.037621445558123995e-02,-2.766337992791840367e-02,-7.846710770315217659e-03,-6.476472584286845080e-02,-3.843635535973823764e-02,1.926250911452804387e-02,1.436673989116206418e-02,-6.846184797411215828e-02,1.357942850487687918e-02,-4.850786830331292598e-03,-6.918272516264826512e-03,-1.868421503172276385e-02,8.886423247785116275e-03,-9.903223111856747016e-03,-3.792583088080731663e-02,7.022759162649273553e-04,1.141696154127556755e-02,1.543284329116773219e-02,3.789507313543722528e-02,4.841434329921587981e-02,3.061963546393027188e-02,1.148100195916735081e-02,5.568047244242484844e-02,5.258904582363040092e-02,7.580717138256752585e-02,3.546121311443783258e-02,6.244419497959973614e-02,3.036261235568089856e-02,6.751589211048027693e-03,2.945562729538749036e-02,2.400935045807206861e-02,-2.745693500962537951e-03,-4.328826039104725215e-02,-3.008245132455257542e-02,-1.089762544468809470e-02,-3.562060743080536218e-02
3.980531525918283298e-01,2.825872163091033284e-01,3.472254872642965284e-01,1.000000000000000000e+00,3.467772726514492532e-01,3.891591201641894648e-01,3.847617671698072006e-01,1.160688321495827596e-01,1.025224409402986092e-01,2.391384825294203265e-01,1.259928965476490859e-01,1.833881801013622082e-01,1.114969238583380096e-01,7.708426725742452412e-02,4.165535161583275997e-02,1.236740411568244685e-01,6.294267246457087295e-02,-8.246398649343549903e-04,1.067673536823726260e-01,-8.586829367087918038e-03,-5.783170508138447269e-02,3.170350883973278855e-02,4.742604593409061736e-02,-3.000400876192360275e-03,-2.039243619884856945e-02,4.491282843576627215e-02,-8.645232725270388108e-03,-4.703235455949893347e-03,4.171194805225877933e-02,-1.402622069958725168e-02,8.208366893180673446e-03,4.320823660544111794e-02,-1.779894850559813127e-02,-6.596276720387048501e-03,5.384447864830495950e-02,-1.666635180161980812e-02,3.085050620776322305e-02,-5.014434767679571726e-03,-4.075774157348634880e-02,-4.835964375846488639e-05,3.276395683177914242e-02,-1.673535327752770363e-02,-6.127699560804952816e-02,-5.586907123090970040e-03,-4.543374043920214017e-02,-2.607370981136634958e-02,-5.390235184256957773e-02,-1.551702900706405583e-02,-3.825821362861709513e-02,-6.097685301175568423e-02,-3.693317328205707184e-02,-1.941087738050041936e-02,-2.302289748683190428e-03,2.299017688856328304e-02,9.325328834311386386e-03,5.991267446664697710e-02,3.434579764825923531e-02,4.385825956375396378e-02,-2.582416384107579649e-03,1.187116044679058929e-02,-2.153900978920805440e-02,3.889080146279469408e-02,2.942875428143534866e-02,-1.639831799030574142e-03,1.663487898262903941e-02,3.326889248786864262e-02,3.325491930789966494e-02,-9.540189959865962022e-03,-3.581138168911642689e-02,8.833448228358667734e-03,1.152389376065193066e-02
2.049685078504439872e-01,2.876285617805049988e-01,2.895364433415623662e-01,3.467772726514492532e-01,1.000000000000000000e+00,3.721208031161605256e-01,2.920397712248927746e-01,1.555692496032256844e-01,1.365708976892938131e-01,2.337683651206804991e-01,1.686521350809686293e-01,2.091757790146147322e-01,1.192191252295256576e-01,1.042036556439310258e-01,7.324682503773302655e-02,8.822903391476277779e-02,7.818807531662053112e-02,1.703889161252541279e-02,4.575259765420524455e-02,-3.862728184269355325e-02,-7.414225087708213591e-02,-2.500988950909106834e-02,-2.658941924521611780e-03,8.735052440697843546e-04,-5.570286990725876325e-02,1.357007795242920478e-02,-2.951544576757449134e-02,-4.731877245001761545e-02,-1.974088197623722132e-02,-6.514555942973773717e-02,-3.383473080823357071e-02,-5.321547816734197717e-02,-5.782121962784131375e-02,-5.791870142628308127e-02,6.526375192041792899e-04,2.761710717872259261e-04,1.795119511835216453e-02,7.222709523516146132e-03,-1.884805397251689040e-03,4.820492373208869197e-02,4.357136423964607513e-02,1.300375664161293465e-02,-1.820285442507490678e-02,3.690481235608984723e-02,-1.723631455229124310e-02,2.793072821748051118e-02,-2.239769132173512547e-02,8.076908447129502525e-03,-1.389144134784266876e-02,-6.288979495725141589e-02,-6.762731261465307342e-02,-8.127155755993535624e-03,-2.134860822838153052e-02,-4.470829348964634048e-03,-5.177215074297410007e-03,3.544502784651671484e-02,-1.506722188299407413e-02,5.878684175973559328e-02,7.542046563054446984e-02,4.422168913566529302e-02,1.543370527862652185e-02,4.773219078405875615e-02,1.568462760150440144e-02,-2.260597172198923997e-03,1.381333859818855390e-02,-6.112899374131555577e-05,2.499795414924984530e-03,-1.326017484059798315e-02,-8.391084982801529438e-03,1.270773563146675167e-02,-5.498825410472064044e-03
2.298090116434254038e-01,1.918089066456457048e-01,4.151713171157406790e-01,3.891591201641894648e-01,3.721208031161605256e-01,1.000000000000000000e+00,2.828747163550699995e-01,6.107369705568595902e-02,2.669838003554577677e-01,2.161122318741091897e-01,1.816365131934670751e-01,1.897197950904394026e-01,8.687509440498532298e-02,6.106907150082208080e-02,7.115206795578226349e-03,7.603259630713236905e-02,3.101187775165077654e-02,4.420979076439146907e-03,5.606936867749388181e-02,-9.404702816543737600e-04,-3.021677222012611810e-02,2.078845296575703230e-02,4.386398675081010223e-02,6.840711160509166389e-02,-2.888748568846376957e-02,3.752348334559923570e-03,1.483024841264815835e-04,-3.803636793560182666e-02,-2.419382469639201616e-02,-9.377680351126191491e-04,-3.089726383994433750e-02,-9.367966382368368011e-03,-3.096117029021026867e-02,-7.455893266668887909e-02,1.285123186998619925e-03,-4.834325060290881743e-02,-3.307184840197107539e-02,-2.863741320827710435e-02,-3.854122882049804827e-02,-3.697727646618567329e-03,9.020366809651262849e-03,-2.884512367093376370e-02,-6.096602239129595563e-02,3.816786293291347942e-02,-1.440324348670515148e-02,-2.762114722207635945e-02,-3.292408648431921492e-02,1.600333220445674526e-02,1.092749849199682773e-02,-4.073598707965785104e-02,9.397137316820000641e-03,1.371536027561214878e-02,-5.428561007126911191e-03,3.569921595824795263e-02,4.252855248615207417e-02,-1.445316570366676724e-03,3.679661349072631347e-03,3.783355833324790474e-02,4.405818112171522305e-02,1.061851544450219398e-01,5.044182073513665820e-02,3.610906065606103721e-02,5.740325121459168706e-02,3.802171571219251783e-02,4.943542498884238856e-02,7.290637664894079016e-03,2.118658446357909314e-02,-5.670955717808712215e-02,-6.513838210799173523e-02,-3.447904160434315385e-02,-6.775646540904237125e-02
1.967100733574868587e-01,1.364329189029152567e-01,1.513445964998292870e-01,3.847617671698072006e-01,2.920397712248927746e-01,2.828747163550699995e-01,1.000000000000000000e+00,1.997059142135384768e-01,1.534017957007034749e-01,2.838993884442511106e-01,1.973721112668020417e-01,2.294344145074506958e-01,1.391578686403273646e-01,1.551154366383606931e-01,9.808509566406442559e-02,1.390961521215137442e-01,1.422142177933088669e-01,6.588463877548889590e-03,1.056832625615379551e-01,7.763641126987477770e-03,-5.385188968601420378e-02,2.275582224656651914e-02,1.474076168897446061e-02,-5.259747241675077206e-02,-8.140135956575283993e-02,-6.275095860625867078e-03,-8.406478831434339993e-02,-5.827932158211651670e-02,7.016528812766034337e-03,-7.326366903739928160e-02,-4.141950881030974363e-02,-1.837196523555484004e-02,-8.422981730085046803e-02,-2.509517583004783337e-02,1.798290315005912285e-02,-2.510906053753422101e-02,-1.009055563385850146e-02,1.512987759668890306e-02,2.627999483629714361e-02,2.363306089355563661e-02,5.557270498167300038e-02,3.287837641009667272e-02,-3.536513904452249363e-02,2.939106437694003274e-02,-2.053751521284540027e-02,3.846181219361597542e-02,-2.655683123360933970e-02,1.547759069680771163e-02,-1.460836459758606959e-02,-4.766001284927608855e-02,-3.616703513189310076e-02,1.866265052270126706e-02,9.771980133496881507e-03,-2.617272186362167366e-02,-4.954241678415395589e-02,3.215954110609078875e-02,-1.503421952053938734e-02,2.644200210251912084e-02,3.602075858326937718e-02,-1.310566457931176473e-02,6.095182465925608195e-03,4.040284481339335293e-02,4.265235761295554234e-02,2.609189170337311917e-02,1.593658449525213461e-02,9.293760484987742543e-03,6.959715895578422185e-02,9.158469845303000151e-03,9.310084855907209411e-03,4.163344274142760822e-03,4.975702184817739487e-02
6.543504292921015209e-02,6.015451479689599285e-02,2.811379907853572141e-02,1.160688321495827596e-01,1.555692496032256844e-01,6.107369705568595902e-02,1.997059142135384768e-01,1.000000000000000000e+00,2.830766328393833908e-01,3.293729849257303610e-01,3.666964707798600065e-01,1.964623913829259827e-01,1.107633041384756684e-01,6.265833288468412865e-02,1.433403653700555946e-02,3.143726152444559913e-02,6.967315615511214533e-02,-1.821119360760700993e-03,3.229901747784299365e-02,5.951148655415041538e-02,-3.084067393095219281e-02,3.341531199057472951e-02,4.773259146347557519e-02,-4.424807956104227086e-02,-6.037383974707637158e-02,2.908450995852347384e-02,-5.131101800123692019e-02,-2.947965411224882579e-02,1.289384103804172912e-03,-2.348037199524675989e-02,-4.612969238432173408e-02,1.639016992673664186e-02,-1.121381435499261593e-02,8.663414439432273045e-03,2.595434362191316111e-02,-3.604816616701313117e-03,-1.524361220484897472e-02,7.791677206718350401e-02,4.691572739132708614e-02,3.019946277214495892e-02,6.602064743613653142e-02,7.308626460900317923e-02,-2.575353261326109380e-02,-2.007407163300072364e-03,-4.817096571176619768e-02,2.843951515666505794e-02,-6.293401178896107680e-03,-1.175721174473258468e-02,-4.595320381168530727e-02,-5.244133194133187431e-02,-1.976721924412927142e-02,-2.610226575132414129e-02,-2.496574649313500899e-02,1.051656113515948843e-02,-3.269499304107485044e-02,2.554825959616141215e-02,3.412678903332397318e-02,2.240213443263062640e-02,-4.659782338017390128e-04,1.559073313894163149e-02,-3.018208154562105477e-02,-1.052099542670927555e-02,1.800122419181911237e-02,3.513195021766742088e-02,-6.609526009873575164e-03,4.569680319867936401e-03,8.048571891248339216e-02,-3.433018219281989080e-04,-2.171087154436954561e-02,-4.157356884039183770e-02,2.379203986312545833e-03
7.689524387101061287e-02,6.203736024341510724e-02,1.254151544934996032e-01,1.025224409402986092e-01,1.365708976892938131e-01,2.669838003554577677e-01,1.534017957007034749e-01,2.830766328393833908e-01,1.000000000000000000e+00,3.492001460662704226e-01,4.700426079886113051e-01,3.146452799943261214e-01,1.085500141833383309e-01,-2.572303123585892564e-03,-9.220189715609932585e-03,-5.604917750316514707e-04,-2.381863395431839392e-02,-3.862717781025244018e-02,-4.173815686310583528e-02,-2.782063203573824708e-02,-4.594644945336676112e-02,2.408742716512214319e-03,4.196915034694631563e-02,2.662367254580741069e-02,-2.272539606930775932e-02,-2.514345874814602130e-02,6.034884023351659056e-03,-1.730235993251958218e-02,-7.477970478014153829e-05,4.113267611574286664e-02,-1.801454315119255592e-02,-4.333095405418474315e-03,-1.708796973824113982e-02,-6.439298790642920822e-02,-2.397329674018009935e-02,-3.523477797586758303e-02,5.358894041760937921e-03,2.439710776830102817e-02,-1.313432673213194186e-02,9.137573982169815492e-03,7.800269817219095125e-02,-4.571342384002791311e-03,-7.571646383843122496e-02,5.988640218329664006e-02,-1.116839377335132263e-02,-7.311369415723356635e-02,7.681555143882064750e-03,-1.068139549396846140e-02,2.766505469327905711e-02,1.177356793636505881e-02,5.933154762964146234e-02,8.254480186369872463e-03,-1.957871675635864447e-03,2.513197113911324124e-02,2.311699663454711701e-02,6.559449429525673024e-03,3.382675574237174049e-02,4.419156219121888468e-02,3.108271447566309659e-02,4.878689796838199533e-02,-1.039060971906814561e-02,-1.264268494848479543e-02,6.768361300228693811e-02,7.822244328831215454e-02,6.183188646007808237e-02,2.417560692664865590e-02,5.645852155826026897e-02,-1.905624716894076601e-02,-1.447565178554070971e-02,-7.605003014262320428e-03,-3.947359022947510843e-02
1.574406635253903508e-01,1.002249053791784694e-01,1.530828816528297665e-01,2.391384825294203265e-01,2.337683651206804991e-01,2.161122318741091897e-01,2.838993884442511106e-01,3.293729849257303610e-01,3.492001460662704226e-01,1.000000000000000000e+00,3.857554212643424796e-01,4.108804349632647068e-01,1.811572372512420814e-01,9.731545169603925127e-02,6.551055399231989207e-02,7.152040655417711557e-02,7.585312673037675202e-02,-1.702733736371676160e-02,5.184873334804472600e-02,-1.736541774754268852e-02,-8.599824480801029902e-02,2.233063174758142394e-02,4.510932480077512602e-02,-7.597456118184633955e-02,-8.326944435729528859e-02,-3.759404664351748832e-02,-5.475244521625256128e-02,-8.983598777002002600e-02,-2.687693560278822322e-02,-4.324932935690652125e-02,-7.343660178530163340e-02,1.134589100150350423e-02,-7.842357192716345460e-02,-6.695547700803899938e-02,5.397932185494788010e-02,-5.024025250898150018e-03,-2.477945869585207808e-02,2.884052015644354705e-02,3.482897149742313764e-02,1.140387606380250871e-02,4.599910240784679111e-02,4.708757498778997491e-02,-4.118604096043727847e-02,3.120015952670173245e-02,-1.566187765325388614e-02,3.380369906338219488e-02,-1.174291791774789012e-03,-2.026117768847925452e-03,-1.192647906450777437e-02,-1.481194678534405486e-02,1.531921985624966516e-02,7.810108891160494858e-03,-2.068836548250438043e-02,2.991779175761863016e-02,-1.176682334228840859e-02,1.841189930744619938e-02,-3.393045791764206631e-03,4.815414502316682499e-02,7.438780118296250965e-02,6.058785563583779510e-02,3.041930820040498681e-02,2.942054272914110605e-02,7.303408888547335831e-02,7.988430748690837635e-02,6.068761744244777212e-02,1.669038170470335883e-02,8.405120464268518721e-02,-2.719225719956202061e-02,-3.408661748423140198e-04,-1.271305559953733212e-02,1.396442938255356564e-02
8.443288528781023317e-02,5.933441846747641163e-02,1.094077900987797253e-01,1.259928965476490859e-01,1.686521350809686293e-01,1.816365131934670751e-01,1.973721112668020417e-01,3.666964707798600065e-01,4.700426079886113051e-01,3.857554212643424796e-01,1.000000000000000000e+00,3.040912614056669461e-01,6.672390410359237134e-02,1.861529331133674608e-02,-3.875794214337658500e-02,1.884036275850613576e-02,-1.538914678858796514e-02,-4.746389883708591190e-02,-1.876818306183261967e-02,-8.026996804847007227e-02,-9.453002520901528094e-02,-3.512655003329822473e-02,3.944798432730142052e-02,-5.456228629953569637e-02,-6.574439664525884297e-02,-2.348155953673756666e-02,-5.033149441520972517e-02,-6.271083412591335615e-02,8.518869868695412573e-03,-2.501585822434578693e-02,-3.551356249724316183e-02,1.784804665509524477e-02,-3.734512491693143393e-02,-2.888006463156360740e-02,2.817912659356157368e-02,-6.602105213352145235e-04,9.251093340479719235e-03,4.392631521623981128e-02,2.566960804144024708e-02,4.126825758497668778e-02,8.670693493999286072e-02,4.399958470858637144e-02,-3.709648077765206886e-02,3.176267883940614434e-02,1.013167544839414271e-02,-3.135766963720091043e-03,1.926924131069713761e-02,2.004428807706776575e-02,3.187176272587217887e-03,1.117566523357929088e-02,1.827545892162220006e-02,2.241381868193917729e-02,5.017911070268126286e-03,2.123925559213314662e-02,1.681749749101776230e-03,3.159059620706441973e-02,3.255194996610214636e-02,-2.970067556211373680e-03,4.359805111138683603e-02,7.497771482193251770e-03,2.222002281683558775e-02,1.206857621095944709e-02,4.908351522455130234e-02,8.781350314773286869e-02,3.215779172823329118e-02,-3.037567274940984260e-02,8.440515051567878957e-02,9.434834334632371741e-03,5.089503602654261299e-02,-3.931272031059656127e-03,8.707991769459074577e-03
1.009625042024434177e-01,8.505382592110538598e-02,1.042051193590027430e-01,1.833881801013622082e-01,2.091757790146147322e-01,1.897197950904394026e-01,2.294344145074506958e-01,1.964623913829259827e-01,3.146452799943261214e-01,4.108804349632647068e-01,3.040912614056669461e-01,1.000000000000000000e+00,3.548742706931079516e-01,2.065790551810499087e-01,1.362822885419801879e-02,3.756248912691353969e-02,1.259037253673449819e-01,-4.889036472721342008e-02,3.722319560248385853e-03,2.343102729767746351e-03,-9.576397906192761489e-02,1.466236431521248350e-02,3.301147737355310946e-02,-4.080518955612316007e-02,-2.292792887219634312e-02,-6.373779695412291543e-04,-1.163884043169825279e-02,-8.334170310927754149e-03,1.118706222742176307e-02,3.963436020967769056e-03,1.625930223336853608e-02,1.407131641926356695e-02,1.128437757594262167e-02,-9.441016045052923189e-03,4.370013095929629193e-02,-4.773809980626810175e-04,1.463888947680734576e-02,3.537421393840005108e-03,-1.364528819632755338e-02,4.050358293985791697e-02,5.057019854365878142e-02,-1.486230260636306000e-03,-2.846797477490226741e-02,2.795872979863945826e-02,-2.343900613261385574e-02,-2.445797149858790209e-02,2.434957967262211913e-03,-3.621093621298348414e-03,5.130752379145978427e-04,1.166091158260290986e-02,-1.615252049174576918e-02,-3.915082178564823802e-03,1.725523076074176113e-03,-1.318367384813810828e-02,-9.132480508751912238e-03,1.045282352043726271e-02,2.168373111029472250e-02,4.435872802785733454e-02,4.613349121247418277e-02,1.115993109328434520e-02,4.293995584128868642e-03,-4.718201753985246626e-03,1.277188044209542732e-02,6.316303615071311439e-02,1.538355937960680236e-02,-6.322623795144417802e-02,4.497841678116193398e-02,-3.629165352816308282e-02,-5.516500765047960275e-02,-4.724032643386698316e-02,-2.733589778727636699e-02
8.559429802208251559e-02,8.507090300897951485e-02,6.829004406725240617e-02,1.114969238583380096e-01,1.192191252295256576e-01,8.687509440498532298e-02,1.391578686403273646e-01,1.107633041384756684e-01,1.085500141833383309e-01,1.811572372512420814e-01,6.672390410359237134e-02,3.548742706931079516e-01,1.000000000000000000e+00,3.294072582501473279e-01,2.041053340307671105e-01,2.150862803645800791e-01,2.749258259376266555e-01,8.568005841387538180e-02,1.284416451138027937e-01,1.213547635132186941e-01,-2.488904965009052644e-02,7.406582613371506807e-02,3.107788553589623665e-02,-4.107196971533264018e-03,2.590041343867008003e-02,2.838920458451249171e-02,3.049552701543403396e-02,4.662751902907922436e-02,3.546533954309982750e-02,4.176792335316802801e-02,4.667366140331714874e-02,-1.219362973663928353e-02,6.367787849192348137e-02,-1.528062519846186754e-02,4.542390480462565883e-02,2.134306741353537637e-02,-3.988641836093531449e-03,-3.252658832205961026e-02,-1.394304279865117048e-02,5.365672037513677384e-02,3.853341146896974850e-02,-1.216319476707115703e-02,-4.347444988102193431e-02,-1.109820120173050408e-02,-3.301876402636139303e-03,2.981376485903196663e-02,-1.612287093963233470e-02,5.637141364644740645e-03,-3.754370194984320286e-02,-2.245056449580309574e-02,-5.490794849110369052e-02,-1.870669310038507172e-02,-3.743642667628656936e-03,-5.041553175538082687e-02,-3.839771788750577942e-03,-1.383312087193705985e-02,-1.519085543641883820e-02,9.257100255869439662e-04,2.625009263637617662e-02,2.493226556683802650e-02,-1.793373947595804790e-02,-3.738845671529621596e-03,-2.692706031364272903e-02,4.244982079072242252e-03,-2.064428075232697599e-02,-5.900869511158492176e-02,-8.323443928564605229e-04,-3.634695720106460859e-02,-9.410442327783123673e-02,-5.320035464843131390e-02,-4.247016203958447339e-02
4.679190312640309907e-02,3.640472715668390674e-02,4.000183167942721746e-02,7.708426725742452412e-02,1.042036556439310258e-01,6.106907150082208080e-02,1.551154366383606931e-01,6.265833288468412865e-02,-2.572303123585892564e-03,9.731545169603925127e-02,1.861529331133674608e-02,2.065790551810499087e-01,3.294072582501473279e-01,1.000000000000000000e+00,4.168341174113940339e-01,3.341055336602271608e-01,6.269957628137676764e-01,2.700266787135018332e-01,2.497770695090436033e-01,2.714941231334040417e-01,9.964625847511897339e-02,9.420963753689760856e-02,1.773264426019627651e-03,-1.760460609299121723e-03,6.443928911702567763e-02,8.916736498747214468e-02,3.702187229633031873e-02,3.896408294974484238e-02,6.678904154200103471e-02,2.210546388206958979e-02,4.838685881567775932e-03,-4.577678853573672463e-02,-8.368862049142000660e-05,-2.572893524854855465e-02,8.895922695097794111e-03,-4.378413587882427904e-02,-5.025996937431176370e-02,-1.686984676548085663e-02,7.924279955314963639e-03,2.577134839566035812e-02,1.131495315773440105e-02,5.310032588532812015e-02,-3.640409110253496616e-02,1.926552187126761087e-02,-6.283349417536078507e-02,2.965263535871231690e-02,-7.446421614756575103e-02,-3.538680618520780724e-02,-4.366110785862352406e-02,-9.167104446333228240e-02,-8.476446769935376546e-02,-4.713177992477068229e-02,-3.342935072925645734e-02,-7.375470109518372785e-02,-5.631156687643069925e-02,-1.603411854709929293e-02,-7.733389629408882193e-02,7.786687984789330847e-04,4.522459292951325205e-02,9.084359802332395151e-03,1.353828688641455641e-02,4.523945822973458181e-02,3.735596590482942458e-02,7.618597175869457061e-02,5.549794712431388444e-02,-1.281640999598524303e-02,8.316072875847860257e-02,2.508677196230090639e-02,6.085947287325194424e-03,-2.511893402442872889e-02,4.890520326715971228e-02
3.127235758229563595e-02,4.676427064596092725e-02,1.163774496641141118e-02,4.165535161583275997e-02,7.324682503773302655e-02,7.115206795578226349e-03,9.808509566406442559e-02,1.433403653700555946e-02,-9.220189715609932585e-03,6.551055399231989207e-02,-3.875794214337658500e-02,1.362822885419801879e-02,2.041053340307671105e-01,4.168341174113940339e-01,1.000000000000000000e+00,3.869615713975313454e-01,4.293043563854470057e-01,4.483958501235428273e-01,2.183120402298908691e-01,2.463310188198837569e-01,1.465679989549483753e-01,1.063802342628485248e-01,-2.353042614491016732e-02,3.658802125575311148e-02,2.212864075843368541e-02,5.372218722075158825e-02,2.321630670139257502e-02,2.820552987121227682e-03,3.830856417932979041e-02,-2.776109569972795652e-03,2.651784507175567948e-02,-3.990813554299257188e-02,-2.361201776586309854e-03,-1.379391138189072982e-02,-4.209359062150044850e-02,-3.379502705100668331e-02,-4.492961007397190676e-02,-8.795535294898222320e-03,1.574034534305747066e-02,2.025181634650879969e-02,1.635769763457808543e-02,2.402395603340942362e-02,-2.456301286714880974e-02,-7.623064068130513743e-04,-6.596932205588273979e-02,8.019751457504119968e-03,-8.962820417216879609e-02,-1.335312140276786151e-02,9.086091266758989163e-03,-7.260320178578005823e-02,-9.558700918763793353e-02,-7.718399162549327563e-02,-8.227005296377284949e-02,-7.697408344343456554e-02,-7.689708550277768451e-02,-5.725056386180104456e-02,-1.146835925064576961e-01,-5.642125655123914063e-02,4.430037318147525549e-02,2.924207033343333845e-02,8.915337545535334529e-02,6.769566059052181672e-02,7.302740022660739183e-02,9.353484994455651957e-02,8.703027574988746184e-02,1.770156441748341539e-02,9.454609299694277658e-02,9.010114619314497919e-02,4.607091496091859917e-02,1.914716162903364396e-02,6.183798945538691166e-02
5.710084063304520646e-02,5.595387742496978067e-02,5.969090477361761737e-02,1.236740411568244685e-01,8.822903391476277779e-02,7.603259630713236905e-02,1.390961521215137442e-01,3.143726152444559913e-02,-5.604917750316514707e-04,7.152040655417711557e-02,1.884036275850613576e-02,3.756248912691353969e-02,2.150862803645800791e-01,3.341055336602271608e-01,3.869615713975313454e-01,1.000000000000000000e+00,3.526936354781435301e-01,3.587340102533942976e-01,3.926187914906085208e-01,1.522577509886212377e-01,1.353131913863352964e-01,1.111543820663681015e-01,4.925771601712480852e-02,8.010416793614398567e-02,6.422957067515679130e-02,8.691915769927113788e-02,5.161628118558871103e-02,1.149534407700557488e-02,4.894233424355565187e-02,4.743017377633411413e-02,3.290167974020483110e-02,5.739446737484032307e-02,1.209753557793641528e-02,-1.487463087792117306e-02,4.472392914845434858e-02,-5.544385153876937866e-02,-1.247923435419662566e-02,-1.557583152457167261e-02,-1.893140282112618436e-02,-4.674617792808899094e-03,-9.655942913749255771e-03,1.008857714657190527e-02,-6.682294345282624448e-02,-4.130674451770464939e-02,-7.549401709653490167e-02,-3.443705966673660246e-02,-1.088666859835343143e-01,6.058904504248344841e-03,-1.153217902857255756e-02,-4.991311092068817512e-02,-6.433812934419071150e-02,-6.883098104769859449e-02,-4.108779947814367173e-02,-4.283320281372197946e-02,-5.937879653238512662e-02,-4.542267200747236722e-02,-8.242443892427445129e-02,-4.018378151971918610e-02,-1.764672293932936786e-02,-1.093165688266470661e-02,1.038941485585426205e-02,2.060271371301867355e-02,3.356187521301937787e-02,3.891088187852789759e-02,5.061470544885609407e-02,8.999121147517430462e-04,4.947413282731394357e-02,6.296820174083815613e-02,1.481228377363889674e-02,3.824358229918619484e-02,3.735585531683655730e-02
5.675211858608496945e-02,4.937642463216374705e-02,2.921551733798505301e-02,6.294267246457087295e-02,7.818807531662053112e-02,3.101187775165077654e-02,1.422142177933088669e-01,6.967315615511214533e-02,-2.381863395431839392e-02,7.585312673037675202e-02,-1.538914678858796514e-02,1.259037253673449819e-01,2.749258259376266555e-01,6.269957628137676764e-01,4.293043563854470057e-01,3.526936354781435301e-01,1.000000000000000000e+00,3.633021459125838071e-01,3.902461491695486395e-01,3.627943652405589137e-01,1.721713447169414268e-01,1.926582344045136563e-01,-1.858609696102566430e-03,-1.641762405192495958e-02,6.717388358322726183e-02,1.270645688828018760e-01,3.835331695325221862e-02,4.001691145563235352e-02,1.075643613650782843e-01,4.620920683999833051e-02,2.351970250693246592e-04,-1.258980589123809973e-02,8.115529736369831012e-04,-1.316989542658838358e-02,1.619862934189871678e-02,-5.880829597845948359e-02,-5.119959666575131518e-02,7.113387432568982031e-03,1.495282910493320530e-02,2.311804572805114047e-02,2.493290861968575078e-02,5.850688776557270293e-02,-6.129084116179297353e-02,-3.097650393472169139e-02,-8.837517301922077906e-02,2.202649497501207171e-02,-7.374457291702148087e-02,-4.206836776415873863e-02,-1.496643539598263746e-02,-9.210926954480563866e-02,-1.041450150167494149e-01,-6.853167879269346507e-02,-2.856547069111438006e-02,-7.941885869943449139e-02,-7.895350804753369089e-02,-4.132048302320952271e-02,-8.078986150399476707e-02,-3.500614805245463868e-02,1.999926794534595889e-02,1.243512622190410220e-02,3.308103273490745067e-02,7.179510421026641387e-02,8.256151664489889963e-02,1.007469080504966169e-01,1.018478626243786156e-01,4.690107943897672826e-02,1.248855311856390676e-01,6.887803557050505010e-02,2.950840237333565361e-02,-1.865580621761816701e-02,8.621298078223646466e-02
2.177063546792027370e-03,1.790717350288729970e-02,-1.413035224309978737e-02,-8.246398649343549903e-04,1.703889161252541279e-02,4.420979076439146907e-03,6.588463877548889590e-03,-1.821119360760700993e-03,-3.862717781025244018e-02,-1.702733736371676160e-02,-4.746389883708591190e-02,-4.889036472721342008e-02,8.568005841387538180e-02,2.700266787135018332e-01,4.483958501235428273e-01,3.587340102533942976e-01,3.633021459125838071e-01,1.000000000000000000e+00,3.918466976134198365e-01,3.201561286961768782e-01,3.902440949087427891e-01,1.722143606225090828e-01,1.649134686307783190e-02,1.410062276994323294e-01,1.419401819897858352e-01,1.733216560947637708e-01,1.231348278379610917e-01,5.000337241721412862e-02,1.016723530769707284e-01,7.338961575674926574e-02,4.039998300949598081e-02,8.977389604508698856e-03,4.425953775698753673e-02,1.927107509710003150e-02,9.278282286581160387e-03,-1.160723572348547903e-03,-4.436281987292773482e-02,-7.804163034691365478e-03,5.161498975705385711e-02,3.943704228640514120e-02,-1.238724843889134212e-03,-5.626725902133794272e-04,-1.756865067688053936e-02,-3.284458990599913031e-02,-1.235366963734823159e-01,-2.935881234077687002e-02,-1.301931782581843555e-01,-4.021135923563110004e-02,4.481468692781911262e-02,-4.174294195802513707e-02,-1.229786807910408925e-01,-9.159086711985589546e-02,-7.267193495675033921e-02,-1.026543265205868416e-01,-9.054659532580801307e-02,-1.081222806629948546e-01,-1.288845743323487614e-01,-1.147530498837239510e-01,-6.023949030077117850e-02,8.919676774801764440e-05,6.440923854893181033e-02,5.644637716295675123e-02,1.185793789383441377e-01,1.370688323987415691e-01,1.395878955445727376e-01,5.828608447487948485e-02,1.467698892112040965e-01,1.493375335568518369e-01,1.027551053872085146e-01,5.285176505377334882e-02,7.937126619589560117e-02
8.132879963887032493e-02,8.039845203693357645e-02,6.061370255719115974e-02,1.067673536823726260e-01,4.575259765420524455e-02,5.606936867749388181e-02,1.056832625615379551e-01,3.229901747784299365e-02,-4.173815686310583528e-02,5.184873334804472600e-02,-1.876818306183261967e-02,3.722319560248385853e-03,1.284416451138027937e-01,2.497770695090436033e-01,2.183120402298908691e-01,3.926187914906085208e-01,3.902461491695486395e-01,3.918466976134198365e-01,1.000000000000000000e+00,2.905806920753249978e-01,2.371028029776322266e-01,3.869069978651761832e-01,1.473119669796484621e-01,5.401454569465381772e-02,1.635470335413649612e-01,1.765542201187184634e-01,1.162205321184318768e-01,9.869633497305133063e-02,1.198028456489350912e-01,1.189547620481997275e-01,2.036720955537410851e-02,1.050051434486369978e-01,3.179372328889714522e-02,1.141066105166765356e-02,1.260872966403299988e-01,4.199921154781280364e-03,-6.318358383048862208e-03,-1.264015705575526061e-02,2.772759998816292770e-03,3.350085751078887841e-02,6.313775462934013809e-03,1.440272321899295320e-02,-7.400452081236653934e-02,-8.062269179875407310e-02,-9.307393330790501851e-02,1.909356586159835587e-03,-7.547291913725173718e-02,-3.048000026251608194e-02,8.533375135878514331e-03,-8.355251763622377687e-05,-5.580500599860935967e-02,-4.659457390035932206e-02,-4.197465333464984322e-02,-7.466327137407942349e-02,-1.061848186318994081e-01,-9.768717888617779732e-02,-8.133022611014266434e-02,-1.043752498841053061e-01,-7.519564429395739213e-02,-2.432878915615778112e-02,5.067765236192663114e-02,6.111087400706680106e-02,1.006332218094428688e-01,7.378283768817607557e-02,1.146379540929140656e-01,7.665035692020233382e-02,1.294832707697733953e-01,7.527603118826621531e-02,1.630169642672191915e-02,1.371379765313818916e-02,4.599618722489429851e-02
-1.253980804061414480e-03,-1.536736829916115175e-02,2.419670163636509358e-03,-8.586829367087918038e-03,-3.862728184269355325e-02,-9.404702816543737600e-04,7.763641126987477770e-03,5.951148655415041538e-02,-2.782063203573824708e-02,-1.736541774754268852e-02,-8.026996804847007227e-02,2.343102729767746351e-03,1.213547635132186941e-01,2.714941231334040417e-01,2.463310188198837569e-01,1.522577509886212377e-01,3.627943652405589137e-01,3.201561286961768782e-01,2.905806920753249978e-01,1.000000000000000000e+00,2.641302101369927269e-01,3.546804825144824203e-01,4.837571936477524231e-02,5.484559083826539422e-03,1.135618199263160183e-01,1.880065047702781378e-01,5.527876320613717143e-02,9.697907460520485690e-02,1.243903137052337626e-01,7.946750536468606685e-02,3.490305135439305401e-02,-3.247389720290375786e-03,5.182845777731939774e-02,2.192256709255644559e-02,-9.899203580453387261e-03,-1.234396161472421129e-02,-7.706445317677858287e-02,-5.131989109730999976e-02,-1.544145260436321533e-02,2.143896029345852480e-02,-7.912431299319592701e-03,-1.927903737012027358e-02,-7.952430011271058308e-02,-2.734442082259151696e-02,-5.681773197482940796e-02,6.523287051968678502e-03,-4.194198505900659235e-02,-5.317964911673025985e-02,-5.101436498809847758e-02,-7.014411190918717898e-02,-5.844755720618247802e-02,-1.144653601214616068e-01,-5.512943512485448533e-02,-1.069224814002962681e-01,-8.391596393860525915e-02,-7.319272155247927292e-02,-8.947113192490387112e-02,-1.019021229027628483e-01,-3.488122018101248722e-02,7.849189241352286586e-03,2.488982044516022812e-02,5.651417906088428839e-02,5.782318859291055851e-02,6.010490684009878182e-02,4.565871385451664155e-02,7.323751380014251189e-02,1.420628219748865662e-01,4.850069129624386827e-02,-1.045667471686041045e-02,-2.787333946149817693e-02,6.923063117879531270e-02
-3.901825877911929003e-02,-2.968873874996458273e-02,-5.740845615524462625e-02,-5.783170508138447269e-02,-7.414225087708213591e-02,-3.021677222012611810e-02,-5.385188968601420378e-02,-3.084067393095219281e-02,-4.594644945336676112e-02,-8.599824480801029902e-02,-9.453002520901528094e-02,-9.576397906192761489e-02,-2.488904965009052644e-02,9.964625847511897339e-02,1.465679989549483753e-01,1.353131913863352964e-01,1.721713447169414268e-01,3.902440949087427891e-01,2.371028029776322266e-01,2.641302101369927269e-01,1.000000000000000000e+00,1.854061226994872802e-01,1.136896856744218191e-02,2.847772741230438220e-01,2.331227586985716027e-01,2.359668031270961697e-01,2.134798573268787969e-01,6.998041860900680589e-02,1.245668402616157688e-01,1.115874128561911843e-01,2.656664608719434134e-02,3.771464516008741358e-02,6.106131731869710727e-02,-2.230449716418277106e-02,1.627220429091623313e-03,-4.435049200356384197e-02,-8.495758910019476917e-02,1.665647233800715034e-03,5.767778629908785343e-02,-1.828336806385534932e-02,-1.820063245871775953e-02,9.960815767885025998e-04,-2.677171147521805600e-02,-3.873089921175185135e-02,-1.436501014825251887e-01,-1.165946882720971661e-01,-1.691337054841779985e-01,-9.912628401584042126e-02,1.184136465071955989e-02,-7.960869375372896239e-02,-1.224143482132145355e-01,-1.058265542516486218e-01,-3.875470891748845209e-02,-9.518941506587251522e-02,-6.707446805115571675e-02,-1.100069120625603719e-01,-9.540921063077964503e-02,-9.253365361182046278e-02,-8.776263811884804644e-02,-4.194345079359405697e-03,-1.604658168889518816e-03,3.871804813487526170e-02,6.501497404534195557e-02,9.540247962704702378e-02,8.289129067450409782e-02,4.730122771329959425e-02,1.368510705361626612e-01,1.775618258276860928e-01,1.598601280971948535e-01,9.540554919805945000e-02,1.185788405770156345e-01
2.538825899088384061e-02,9.155663168351131295e-03,1.473272289497390246e-02,3.170350883973278855e-02,-2.500988950909106834e-02,2.078845296575703230e-02,2.275582224656651914e-02,3.341531199057472951e-02,2.408742716512214319e-03,2.233063174758142394e-02,-3.512655003329822473e-02,1.466236431521248350e-02,7.406582613371506807e-02,9.420963753689760856e-02,1.063802342628485248e-01,1.111543820663681015e-01,1.926582344045136563e-01,1.722143606225090828e-01,3.869069978651761832e-01,3.546804825144824203e-01,1.854061226994872802e-01,1.000000000000000000e+00,1.306690661776696294e-01,-1.556851966976797834e-02,2.081187806356876724e-01,1.202551457812394697e-01,1.057271176384956962e-01,1.350876010107946446e-01,9.040571851046297347e-02,1.359352388359232611e-01,3.881744153835063604e-02,7.993191586586606556e-02,5.915806178760844164e-02,4.390220663227245579e-02,5.387573274390764638e-02,-3.544509398391768734e-03,-4.119948984087263080e-03,-4.387015790085551509e-02,-3.020001295914079634e-02,-3.146093413007820198e-03,9.008974162223843622e-04,-1.149276730639183300e-02,-1.059080994032309680e-01,-5.608804557142774844e-02,-4.501770936435151027e-02,-1.517837800485151954e-02,-9.865962054306388201e-04,-7.391247140107520819e-02,3.150654873965724745e-02,8.916074755687936060e-02,5.678603559677946472e-02,3.343228614745672594e-02,1.544563348785898786e-02,-1.015398421007372882e-02,-1.296719898311021052e-02,-1.034247055989152703e-01,-1.937116924935152265e-02,-1.088141793561473447e-01,-8.339409532500982603e-02,-4.488884994890464386e-02,9.525580256266048818e-02,9.418063804829611418e-02,1.339910501026873590e-01,8.243007367564472720e-02,1.071740620085929047e-01,6.301651010477930803e-02,1.314293674650095500e-01,1.196647877746921315e-02,-9.092542811098480726e-02,-5.631470717260805142e-02,-1.980169726630158153e-02
