1.000000000000000000e+00,1.754612038983642264e-01,-3.531000849238903339e-01,8.147266607924268378e-01,4.372040896145928945e-01,-5.743988634621712830e-01,-7.286759370176751904e-01,-7.304472714053288351e-01,-2.593089284043231801e-01,-3.856013473526037072e-01,-3.583025072128419586e-01,-4.717586761634379733e-01,-2.068314855641269767e-01,-3.556274073690326998e-01,4.717285995504250790e-02,1.163903738551292644e-01,1.220072630026828447e-01,-1.371817706185313457e-01,-3.869523830893532024e-01,-1.115925093245390270e-01,6.046911273549814281e-01,4.991793808663184256e-02,-4.572528422221499023e-01,3.468272264475605327e-01,4.903710716726747409e-01,-2.364975114023759595e-01,-1.653599386870291121e-01,3.899682951388561136e-01,6.010986717660633527e-01,3.346061385533113386e-01,4.394158691410764428e-01,1.499877403897164341e-01,2.297256094474980082e-01,5.993678551994053860e-01,2.177146348053893565e-01,6.093848990907912988e-01,8.115406637035661730e-02,-4.135112838643080768e-01,4.206812054613306429e-01,4.887896753561519203e-01,-3.624687133626979807e-01,-2.978785364865365465e-02,6.656645278991588643e-01,3.864022320239813993e-04,-7.446095677651444478e-02,-4.846285654919916253e-01,-6.450242641976341451e-01,-1.469899330799806329e-02,4.555646773473493449e-01,1.483585389824585432e-01,-3.165216992931029760e-01,-1.911197567783932405e-01,6.341128819700898867e-02,5.768472306778146264e-01,1.279448869571809533e-01,-2.158642752599656545e-01,-3.304278717569412716e-01,9.438027939821613810e-02,-3.671756451930197063e-01,-7.674487559285415872e-02,-2.820858823404084892e-01,-1.444561810648660738e-01,-4.607729999683710803e-02,-4.199106164772622996e-01,1.076046022057290941e-01,2.655810407832511766e-01,-3.120893057883730171e-01,1.804308366145712939e-01,3.609799165527332043e-01,-2.165441734610110483e-02,-2.242411562137243131e-01,1.192871141937557333e-01,2.522736641793026369e-01,-3.029941289532982474e-01,-2.635492727944709346e-01,2.107487834339961119e-01,9.007934864806550757e-02,-1.751312028013826336e-02
1.754612038983642264e-01,1.000000000000000000e+00,4.276146799670142024e-02,-1.049225891899456670e-01,8.509578346395675341e-01,4.069732887499747376e-01,2.485231993648664983e-01,-4.452264756099937326e-01,5.239965861424590310e-01,4.142665735856284615e-01,-6.107646006289265544e-02,2.769609220022898333e-01,3.879051070402325108e-01,1.525176391813285182e-01,4.869101545717861024e-01,1.343493099291679094e-01,4.121204617221899680e-01,4.287224293511576745e-01,-1.090278520384899558e-01,6.892671094217237560e-01,2.229149941791513656e-01,-5.756659567925554999e-01,1.393183053714337760e-01,6.348533562169631494e-01,-2.657289689463060989e-01,-1.685317383203175368e-01,5.748109848115594556e-01,4.115265208657921114e-01,5.834969763058348025e-02,4.694349427339987724e-01,-1.989851333435125047e-01,-4.549097064812201441e-01,-5.889857868105153882e-01,1.123578107774893392e-01,-3.589555604903187369e-01,2.171502293033079622e-01,5.510276491577178470e-01,3.349690367970421523e-01,-1.271801534246720785e-03,3.362645223748882417e-01,5.307124798893461115e-01,1.421161775173564179e-01,2.496660397910972495e-01,4.903757879385434726e-01,6.847206774445461219e-01,1.953961279885746694e-01,-2.051122628016049665e-01,-2.828494134991373921e-01,-2.197011453954329230e-01,-1.587315302016343854e-01,-6.485484530958864902e-01,-4.358539335981350127e-01,-6.209822231720902863e-01,3.189221128281210516e-01,2.542286074820900854e-01,-5.913177802577183062e-01,-2.052370005331913549e-01,4.574843005351343361e-01,1.275349076128333425e-01,5.911433256245627321e-01,-2.390459663245937671e-01,-4.902417230517732705e-01,-4.719418407032641150e-01,-8.858923495830516026e-02,1.264140590725690294e-02,-3.148073999766236031e-01,-2.699595559810062384e-01,6.545803347797635174e-02,-2.266092263249924049e-02,-3.793083355789887423e-01,8.778127348788587747e-02,2.214484781889840548e-01,-2.191187404071910094e-01,-1.862910963217026539e-01,2.173695771374364039e-01,7.528598450194994018e-02,1.958228106920840150e-01,2.624135221092422920e-01
-3.531000849238903339e-01,4.276146799670142024e-02,1.000000000000000000e+00,3.659971466919663408e-02,-3.367581321648598913e-01,-1.390013437440348887e-01,5.177805060809769211e-01,-1.475831354907490567e-02,-4.092590695121624267e-02,1.936742910704196963e-01,3.768815164465711964e-01,-4.934072546509964130e-02,2.483294727119219336e-01,1.551501317398795363e-02,1.387956210639251509e-01,-1.368077120943168856e-01,2.120640182908683780e-01,3.130193117520613244e-01,-2.841535134375198224e-01,3.531084804789701992e-01,-4.440649043035110877e-01,-6.091788160439419730e-01,-8.866648125085319077e-02,-1.992119903056115970e-01,-5.414017079344198846e-01,-4.180583282474045759e-01,7.247006122357191327e-02,7.200649692015478887e-02,9.451708354706158180e-03,2.113333284159019110e-01,-4.727502357156155299e-01,-5.386767396402061259e-01,5.857224458988649629e-02,-2.818943214549864407e-01,3.446820447702239054e-01,3.005711528246022071e-02,-3.596025033029230933e-01,7.191325680940614529e-01,3.739789457472226242e-01,-5.571399661650275892e-01,1.590751815688161153e-01,7.526060051387802874e-01,-2.387584069900980099e-01,-4.215265980029687665e-01,3.234922966431972302e-01,-1.414779748163390860e-01,-5.389307104886870148e-02,-7.648956737946125406e-01,-7.981542805886324699e-01,-8.071201292310838937e-01,-3.508621260364808148e-01,-5.466133494328482278e-01,-5.719364646997582291e-01,-2.455266827905771831e-01,6.210023449112016536e-01,7.540594724408759830e-02,6.288722751287769697e-01,6.615674403614146826e-01,8.317274872032851540e-01,1.522919718934808431e-01,-5.055000534284330715e-01,-2.794670748820647643e-02,-5.919900206499965067e-01,-1.792710739114316276e-01,-6.190887341782718156e-01,-2.578929583268350645e-01,4.013619167208732491e-02,-7.598124397026183585e-01,-2.645458575607876339e-01,-1.983624887336029458e-02,-4.293146762202489364e-01,-3.249688808810825558e-01,-1.580261035862039198e-01,-2.406387628771295972e-01,-2.726072661061622604e-01,-1.540663665416713568e-01,-1.330977313945615470e-01,-5.656481052692874378e-01
8.147266607924268378e-01,-1.049225891899456670e-01,3.659971466919663408e-02,1.000000000000000000e+00,3.681906140502029523e-02,-8.812790108385384347e-01,-7.068055724868704814e-01,-7.048822438602053708e-01,-5.408973699606208774e-01,-5.140761897986446671e-01,-2.297689020976673435e-01,-7.074971659206394925e-01,-2.549645815528326365e-01,-4.602908429512635458e-01,-9.628629680715151962e-02,-8.035466432389231847e-03,6.775964923766689130e-02,-2.060001168794624304e-01,-5.776032267690053290e-01,-2.431604500711793126e-01,4.009915279753253348e-01,-1.295164337478635179e-02,-6.558242502287499054e-01,5.310474712655682133e-02,4.222012399621336010e-01,-4.397997310869697918e-01,-4.013408943631681658e-01,3.468689087734236898e-01,7.133223307612962527e-01,3.342880473671914210e-01,3.936377827805668250e-01,9.553220357034519772e-02,5.442322797256865519e-01,5.263257987647906866e-01,5.719054973710595569e-01,6.476378716341415487e-01,-3.071575866554472900e-01,-2.755103768935850406e-01,6.864697773666539327e-01,1.824383151636721490e-01,-5.701994352519035303e-01,2.743936848668587225e-01,5.851263726775917107e-01,-3.914232026560071076e-01,-1.968586381191928802e-01,-7.396684495161300887e-01,-7.199679165018315619e-01,-2.687795424747343453e-01,2.251176100301942040e-01,-1.728196753803256935e-01,-2.977786394122799996e-01,-3.385439419297163188e-01,-1.636428185134430890e-03,4.050989641710843747e-01,3.733724673304467667e-01,3.909462600273806016e-02,7.450854228543029797e-03,2.729790923452516394e-01,-5.270009091305707244e-02,-2.792326406334920130e-01,-4.994027144363032411e-01,1.365986459505280290e-02,-1.692144363445152733e-01,-5.400966235689331763e-01,-1.970087760430653534e-01,3.024865783775571582e-01,-2.353867304867158228e-01,-2.080211571338086707e-01,3.252897441257018296e-01,1.065213001817187921e-01,-5.403818850890540482e-01,-7.900671685870616634e-02,3.321310813978055054e-01,-4.343722514765332998e-01,-5.377449393166039426e-01,1.785197267726235937e-01,-3.876591366139962858e-02,-4.215413044216929639e-01
4.372040896145928945e-01,8.509578346395675341e-01,-3.367581321648598913e-01,3.681906140502029523e-02,1.000000000000000000e+00,3.253888271060390580e-01,-8.573210906274833509e-02,-5.804053554458435960e-01,4.932992149678541161e-01,2.864671518235252234e-01,-2.617146645089214463e-01,1.930523852550719566e-01,3.051853557016181995e-01,4.337945619552948523e-02,5.086336656773504661e-01,2.691133253641211920e-01,4.539571849034099160e-01,2.930291890276177647e-01,-1.089904313556871313e-01,5.499569083592358298e-01,5.343093254651266610e-01,-3.511578149350742528e-01,4.681497558312045643e-02,7.985836868857870696e-01,3.331158898171333871e-02,-1.214948342134429399e-01,5.472990940592681319e-01,4.944994333464949321e-01,1.875416209404892898e-01,5.006667663402948332e-01,5.060694692618351864e-02,-2.664960155401731590e-01,-5.474752625972222342e-01,3.518598785538639695e-01,-4.147567071570795738e-01,3.585863038631972310e-01,6.919098093968159002e-01,-6.575659575578840857e-03,-2.663394648902605091e-02,6.451124390923107521e-01,3.895661351840313258e-01,-1.215716233450034184e-01,4.718577726559308183e-01,6.162437532268529861e-01,5.543351355444247064e-01,1.362432664884186406e-01,-3.434286107440089331e-01,2.998501838849040348e-03,1.501485312437257358e-01,1.400686467923838163e-01,-5.728451212340055498e-01,-1.867469844095999421e-01,-2.898343285098657907e-01,5.737775951564982879e-01,-9.254795730303537818e-03,-7.185065825297679565e-01,-5.695048511337329478e-01,2.268170441194541365e-01,-2.820366771814040163e-01,5.701906755775593139e-01,-1.418151060931496510e-01,-5.856098940783285300e-01,-2.986901104608092883e-01,-8.940392770876405548e-02,3.422752346011646574e-01,-2.155210984318167711e-01,-4.258130467850360090e-01,3.682354907944861422e-01,1.616911844163057832e-01,-4.594161607754593257e-01,1.685439327762820461e-01,4.355349058345805990e-01,-1.150270563214866731e-01,-2.428918694869524608e-01,2.875658750207788494e-01,2.491107226389979445e-01,3.539075587769334730e-01,4.521878081253831172e-01
-5.743988634621712830e-01,4.069732887499747376e-01,-1.390013437440348887e-01,-8.812790108385384347e-01,3.253888271060390580e-01,1.000000000000000000e+00,6.863098611839062446e-01,4.467220302376570529e-01,7.910344672405565936e-01,6.661159648167399583e-01,1.897149387441523782e-01,8.156985875632115635e-01,3.825443777153508251e-01,5.110958816522173098e-01,3.019598690430846388e-01,1.791568922917889384e-01,1.047291603024111811e-01,4.035772333992093674e-01,6.176305869977257723e-01,4.930660796895678377e-01,-2.437518719547481783e-01,-1.314899979781840866e-01,7.567073444046833464e-01,2.703534000245558788e-01,-4.730759693139031663e-01,4.188215688615233301e-01,6.709064978158032488e-01,-2.141850256976010058e-01,-6.804915976915743014e-01,-1.430571063263442189e-01,-4.155871355969783520e-01,-2.248784998621938258e-01,-7.752454076598731536e-01,-4.315491591418155748e-01,-7.624772783064601711e-01,-5.270998196822641590e-01,6.048048011545401614e-01,3.152361379375822614e-01,-7.224208678620253066e-01,5.981106893304508759e-02,7.720758448892183212e-01,-3.174858850145623745e-01,-4.269097508367695193e-01,6.532481992679235461e-01,4.534045745325233634e-01,7.948829745384795586e-01,5.767551512452826490e-01,2.324599985323212159e-01,-1.867502300490117562e-01,2.391046817657220547e-01,7.481854198457885130e-02,2.786834551123381076e-01,-1.003684966845367621e-01,-1.904361427998121914e-01,-3.841775393092948243e-01,-3.310063823494928115e-01,-2.246301443984743129e-01,-1.955179123996303170e-01,-4.364201888092734960e-02,5.250960370984879555e-01,4.633853868817757737e-01,-2.373298678013386342e-01,4.864606440846371005e-02,5.367412131472926173e-01,3.015904003658560484e-01,-3.852083105877285862e-01,1.198363665343811224e-01,3.438348032787963415e-01,-2.881601899608178807e-01,-2.689949204562454566e-01,6.374043872534699284e-01,2.491670381849415417e-01,-3.792081148552761127e-01,3.334129307500709460e-01,6.450785052161248645e-01,-6.336022017131424933e-02,1.942321662318183539e-01,5.371920148620753510e-01
-7.286759370176751904e-01,2.485231993648664983e-01,5.177805060809769211e-01,-7.068055724868704814e-01,-8.573210906274833509e-02,6.863098611839062446e-01,1.000000000000000000e+00,4.982366975351366079e-01,5.682812828564691721e-01,7.082674324345231698e-01,5.437930894177082086e-01,6.853951354696049547e-01,4.992153401271428592e-01,5.564921703746736892e-01,2.855138475166196232e-01,4.417923545096421462e-02,1.229255804904011984e-01,5.941374518762332357e-01,4.077154559790940325e-01,5.868465245537253239e-01,-6.578719304213479502e-01,-4.776570241415456497e-01,6.327510673367826577e-01,-5.530915590793532288e-02,-8.315041178821943602e-01,1.216693866938317881e-01,5.693802879234970415e-01,-2.447081463803971457e-01,-6.614271906983092419e-01,-8.908445834167530442e-02,-7.609175998913488836e-01,-5.404794823881714505e-01,-5.674548466383451117e-01,-6.845366787298162725e-01,-3.815123561026455556e-01,-5.634215739328779504e-01,1.631349918550512590e-01,7.953451332882187641e-01,-4.247426590095305654e-01,-4.860866059815928675e-01,7.448390916481711921e-01,2.539054118783587444e-01,-6.329638747556961542e-01,1.887760642821534329e-01,5.327011880094383312e-01,6.313041681106835723e-01,5.727213828011431529e-01,-3.351827589834185939e-01,-7.146216989561693378e-01,-3.020744421764134380e-01,-3.527825655889819251e-02,-5.887070908238347527e-02,-4.170704061858707679e-01,-4.535403431799416851e-01,3.364721789983934810e-03,-1.167874770913074206e-01,3.145723208653500858e-01,1.987681932842516042e-01,5.626730794872527586e-01,4.817637639253778969e-01,1.773303829531814868e-01,-1.233342837337841197e-01,-3.138053119829051774e-01,4.242018659563236427e-01,-1.941068230468266653e-01,-5.420056259990984060e-01,2.304393743959306240e-01,-2.050340977285813882e-01,-5.347379388860988847e-01,-2.058441315195470023e-01,3.001181249918563609e-01,-1.068341969002333108e-01,-5.171614961384605191e-01,2.071911149405392394e-01,4.037866461488751058e-01,-2.926139100555436579e-01,3.817278676442611290e-02,8.676622868813775591e-02
-7.304472714053288351e-01,-4.452264756099937326e-01,-1.475831354907490567e-02,-7.048822438602053708e-01,-5.804053554458435960e-01,4.467220302376570529e-01,4.982366975351366079e-01,1.000000000000000000e+00,8.745509008265507644e-02,2.200989333197416742e-01,3.770658754023960557e-01,4.695618114319477510e-01,-2.086771719432032463e-02,4.429922476289850919e-01,-3.171901609144670564e-01,-4.918410939628580641e-02,-4.452609996919406621e-01,1.063026004357517200e-02,6.445570961076332317e-01,-2.234364230852046995e-01,-6.358816374692582984e-01,3.542078880564571430e-01,5.638320489685948456e-01,-5.466897120819984579e-01,-3.009835834878801242e-01,5.209488346458254204e-01,-4.244878283198438851e-02,-6.698313233600733385e-01,-7.105503298920894384e-01,-6.401268553178752763e-01,-3.058856032664790114e-01,1.706393465365926565e-01,-8.745541571734953556e-02,-6.395171713096601263e-01,-2.549170769223217947e-01,-7.604567466728299197e-01,-1.356625435500713739e-01,1.123366899439312699e-01,-6.111200013895831118e-01,-4.768944173145087118e-01,1.939743192160661156e-01,-2.607260352202641074e-01,-7.247658169779522819e-01,-6.323874333750903812e-03,-2.514350984160866331e-01,5.302741791151958095e-01,7.948143497804093238e-01,2.963558350009911635e-01,-1.281509252361941187e-01,2.203434650290264085e-01,6.953273448872824281e-01,4.894543042703425884e-01,2.427527163193824722e-01,-7.042838216644728977e-01,-4.107131855827711453e-01,4.346095351891590131e-01,2.946974407207442193e-01,-4.927913440709506543e-01,1.005522790845889136e-01,-1.746733598897563244e-01,6.380228679991539753e-01,4.022193246453877324e-01,4.352798800302973836e-01,5.772779411569824992e-01,-2.677479283762463497e-02,-8.223218703429857612e-02,5.562833088504972601e-01,8.154627977499208369e-02,-4.108404302954891119e-01,2.571583700549174845e-01,4.692722490627050935e-01,-2.394997656546812570e-01,-2.140121051746835534e-01,5.978722151251503192e-01,2.938325333826020680e-01,-3.658562109358750591e-01,-2.217885398330939062e-01,1.474722973541251481e-01
-2.593089284043231801e-01,5.239965861424590310e-01,-4.092590695121624267e-02,-5.408973699606208774e-01,4.932992149678541161e-01,7.910344672405565936e-01,5.682812828564691721e-01,8.745509008265507644e-02,1.000000000000000000e+00,6.982141937633622453e-01,4.809695181552788718e-02,7.012076169594355646e-01,4.380699032070560772e-01,3.668192293639559454e-01,4.725565350705069334e-01,3.309859386851541352e-01,3.007899557733358931e-01,5.311259771577823141e-01,4.917647574626636819e-01,6.510930968315244982e-01,-3.980821760209814208e-02,-2.801538035823051831e-01,6.550671136521301063e-01,5.360870928320898843e-01,-4.225375905089048811e-01,2.606874565331459004e-01,8.211069049788316532e-01,3.020470153437507591e-02,-4.566659858005724382e-01,1.486962466832366103e-01,-3.475885109219737368e-01,-3.631012786794203806e-01,-8.619654486427703599e-01,-2.034354507389105338e-01,-7.753564898137309536e-01,-2.751837176990936662e-01,7.638929760544727054e-01,3.609386275539418487e-01,-5.691380334479119174e-01,2.532334953480366857e-01,8.106129533192226733e-01,-2.354306625047338508e-01,-1.796990836690731952e-01,7.323383803817644644e-01,7.161360585954928970e-01,6.852507164744636725e-01,2.773407178650355021e-01,9.556739986134754616e-02,-1.726866364080642535e-01,1.628534852274514944e-01,-2.100969884908623353e-01,1.270779657914961336e-01,-1.967945849172367256e-01,5.465669179047754483e-02,-2.779199586633454011e-01,-5.597818431353385193e-01,-3.847921193411183438e-01,-2.656918132650365819e-02,-8.434849285394616092e-02,7.106332003590625224e-01,2.705824287236068826e-01,-4.884921383980323495e-01,-1.504151668252463048e-01,3.383480840296910763e-01,3.807941054914228407e-01,-3.912462672274524267e-01,-1.434910664965043658e-01,3.225759662040506015e-01,-8.731866815912303625e-02,-4.630903435277092806e-01,4.637488632128516364e-01,4.686331185638447638e-01,-3.435041045740024335e-01,2.061959546154785647e-02,6.369489005787249969e-01,1.889467204815158397e-01,4.117742533521519532e-01,4.851455367955092579e-01
-3.856013473526037072e-01,4.142665735856284615e-01,1.936742910704196963e-01,-5.140761897986446671e-01,2.864671518235252234e-01,6.661159648167399583e-01,7.082674324345231698e-01,2.200989333197416742e-01,6.982141937633622453e-01,1.000000000000000000e+00,5.199650173843710643e-01,7.271775740010876232e-01,8.286333851786844562e-01,6.978901585745916902e-01,5.601277198730508777e-01,4.404859809060152065e-01,3.849142074186869267e-01,8.202729325890265599e-01,3.681744675016004886e-01,7.058083634632009717e-01,-3.079836406668342574e-01,-5.020180694793655585e-01,5.897393488493084535e-01,3.336282529649328699e-01,-6.964570360178563568e-01,-2.587994447985965743e-02,8.143382886950487620e-01,4.458446777987506993e-02,-5.100538697880775407e-01,2.543590382030178065e-01,-7.312766643823418455e-01,-7.438702910399241919e-01,-7.676073441187686308e-01,-4.226053992905609569e-01,-5.007055435204115224e-01,-2.948038352237689064e-01,4.426200141199818083e-01,6.474584340848740238e-01,-3.653925144954174309e-01,-1.128071133399034670e-01,7.870142738013927719e-01,1.853555861817720030e-01,-2.997537054543413237e-01,4.025170005725582367e-01,6.459066838879072847e-01,6.409534742226310478e-01,3.215219931694592304e-01,-2.948740836013656330e-01,-5.173690459068861491e-01,-9.176706394849218351e-02,-1.563996523676165484e-01,9.472426412382277394e-02,-3.865479744423878650e-01,-2.148419653612621549e-01,-2.094193397486898423e-01,-4.601409699967899947e-01,-4.677248022824812695e-02,1.578735479141018527e-01,2.817285349444090814e-01,7.477795889411197328e-01,2.240121978100904354e-01,-4.839437710237462498e-01,-4.302888852693175226e-01,6.233416609823599908e-01,3.904852027783060203e-02,-8.342554143733855732e-01,8.494204643667394028e-02,1.112371944281212027e-01,-5.716446014548799415e-01,-5.553983850076977813e-01,4.480652182429732400e-01,1.399199067659164242e-01,-7.352318224164376970e-01,-4.528526114691849500e-03,6.419604253781900915e-01,-2.018108553804255079e-01,2.915905817845879100e-01,3.191879544842032290e-01
-3.583025072128419586e-01,-6.107646006289265544e-02,3.768815164465711964e-01,-2.297689020976673435e-01,-2.617146645089214463e-01,1.897149387441523782e-01,5.437930894177082086e-01,3.770658754023960557e-01,4.809695181552788718e-02,5.199650173843710643e-01,1.000000000000000000e+00,4.865412071366649882e-01,4.138077551702838419e-01,7.201168223465681528e-01,5.510365441967428335e-02,1.549454682628104984e-01,3.246336831565526347e-03,5.563719370568398492e-01,3.171033140834219610e-01,2.620607363343905871e-01,-7.062021365151412988e-01,-3.011171352712970206e-01,4.394167233478743495e-01,-3.524249352971629556e-01,-7.525088252160788693e-01,1.878239499957375797e-02,1.798056530858841984e-01,-4.381449610428931329e-01,-6.046544991722387907e-01,-2.933237544300546507e-01,-8.456014490275033380e-01,-4.602447182649188617e-01,-9.652664309749255100e-02,-8.036437893731641635e-01,6.006696400021660498e-02,-5.061465787948785655e-01,-2.720171373979172746e-01,6.449257666305145964e-01,-1.823627927689936978e-01,-6.897028568984230334e-01,3.822813867626680961e-01,4.003984306923009107e-01,-6.290848781978833903e-01,-2.132906945100751517e-01,9.784787727589080997e-02,2.838604659885456960e-01,5.138693648714274254e-01,-4.352197771973040918e-01,-6.295684427271870387e-01,-2.747824543287323840e-01,1.659757422233326674e-01,-1.056702567464308865e-02,-2.213829562878654178e-01,-5.063646270802819593e-01,3.827967203466029616e-02,1.783484350433192089e-01,5.393893583178331896e-01,1.064078485515139172e-01,5.863711712389855224e-01,1.562490663126370194e-01,2.143008266869926570e-01,2.303979850610417823e-01,-2.360932623459580382e-01,5.596509432874492429e-01,-4.940968796824748988e-01,-5.396278736695575562e-01,6.007741879445898103e-01,-2.003897717430033754e-01,-8.936390175846035122e-01,8.484715465298052484e-02,3.543907800287788845e-01,-5.999777918249247222e-01,-5.560725523270005910e-01,3.819985653290778882e-01,1.144162066465886224e-01,-7.151536749991131980e-01,-3.594534634338241719e-01,-1.692255824748964688e-01
-4.717586761634379733e-01,2.769609220022898333e-01,-4.934072546509964130e-02,-7.074971659206394925e-01,1.930523852550719566e-01,8.156985875632115635e-01,6.853951354696049547e-01,4.695618114319477510e-01,7.012076169594355646e-01,7.271775740010876232e-01,4.865412071366649882e-01,1.000000000000000000e+00,4.591740099651565599e-01,7.367112169326630600e-01,3.458940014306795541e-01,2.999983286549851580e-01,1.569035205346085704e-01,5.606803381669772657e-01,7.389399006976333784e-01,5.261048613374107452e-01,-3.675006836756548045e-01,-1.383958061791208949e-01,8.704685369719608046e-01,2.045084730052180721e-01,-6.104967813951666100e-01,5.040353580612650930e-01,6.958974616704807215e-01,-3.845930267456175167e-01,-8.344085146756672344e-01,-2.660648975716949916e-01,-6.421436196605871949e-01,-3.180728794437653328e-01,-7.809582183801234700e-01,-6.389406705611103687e-01,-7.621531169839039777e-01,-6.372050399774914498e-01,5.545736901055637880e-01,4.242903860654954618e-01,-7.844937154006369484e-01,-7.721577472503983464e-02,8.479092218776861367e-01,-2.549263514557326138e-01,-5.798693421693584815e-01,6.153871191189825840e-01,4.544311904057056206e-01,8.579785413882025091e-01,6.772645627653646194e-01,1.293224452475664754e-01,-2.291614461874260655e-01,2.826012396164322982e-01,1.424655509921757268e-01,3.273437939169971389e-01,-3.283217227870192934e-02,-2.401503665199849202e-01,-4.526821041735221707e-01,-3.163943689612297994e-01,-1.427093916003990548e-01,-2.547985474988365140e-01,2.302995992114099163e-03,5.810775264354877123e-01,5.732330643730098041e-01,-1.803858105129005629e-01,5.842082921416628244e-02,7.009916752654662409e-01,1.939181090520007422e-01,-4.853797133026825361e-01,3.270881648990655033e-01,3.872992246829672358e-01,-5.541390964286883047e-01,-2.337696417426013418e-01,7.894242229102116370e-01,1.067656495591748078e-01,-5.688275588590954168e-01,4.152887227893357069e-01,7.005654111185728450e-01,-2.335822644326142339e-01,1.447043753219685591e-01,4.896488009448273226e-01
-2.068314855641269767e-01,3.879051070402325108e-01,2.483294727119219336e-01,-2.549645815528326365e-01,3.051853557016181995e-01,3.825443777153508251e-01,4.992153401271428592e-01,-2.086771719432032463e-02,4.380699032070560772e-01,8.286333851786844562e-01,4.138077551702838419e-01,4.591740099651565599e-01,1.000000000000000000e+00,6.095789300338002592e-01,6.956482525452905019e-01,5.479347737777150451e-01,5.994284844493944497e-01,8.275070358033753681e-01,4.225856017482650800e-02,6.749128569302266234e-01,-1.400502038526002802e-01,-6.134364398715747013e-01,2.694479359122690099e-01,3.844398610528172444e-01,-5.793572608825094949e-01,-3.395763143917763793e-01,7.198559280288044926e-01,3.100829822530237201e-01,-1.920540609959701661e-01,5.195542140078076576e-01,-6.732480492462142863e-01,-8.809376859647941593e-01,-6.022427248567876479e-01,-2.040294437378600834e-01,-2.393228623003686439e-01,-1.306496093939693841e-04,2.848747286056000916e-01,6.357117643846342814e-01,-3.624837077493876791e-02,-8.762562086216205137e-02,5.970437644320751858e-01,4.260260185037531566e-01,-5.150322345455837086e-02,1.677037349351358786e-01,5.636716232335600152e-01,3.811083479841782529e-01,1.231553494197570008e-02,-4.756631748378770119e-01,-5.098072084764114775e-01,-2.362326750920260843e-01,-2.947517955602264594e-01,2.218801397016844507e-02,-4.195496343272212547e-01,-5.166859166080223220e-02,-1.048706002877092675e-01,-5.530611703779917399e-01,-4.910322100190679662e-02,3.497127357827602978e-01,3.178872725969080215e-01,7.529583303801520300e-01,-2.327594700404505418e-02,-6.379104105099923094e-01,-6.419903151167813959e-01,4.549838324920958410e-01,3.958303608885603651e-04,-9.139987368823200287e-01,-1.158333373180747000e-01,-2.189850133171832025e-02,-5.185510702094184854e-01,-7.150005628548327108e-01,1.783178973865390815e-01,1.536770082804653492e-01,-8.031552552648861809e-01,-3.113760243917741977e-01,5.474243690007576379e-01,-1.483405305816237196e-01,4.194934078596084803e-01,2.084495893372485531e-01
-3.556274073690326998e-01,1.525176391813285182e-01,1.551501317398795363e-02,-4.602908429512635458e-01,4.337945619552948523e-02,5.110958816522173098e-01,5.564921703746736892e-01,4.429922476289850919e-01,3.668192293639559454e-01,6.978901585745916902e-01,7.201168223465681528e-01,7.367112169326630600e-01,6.095789300338002592e-01,1.000000000000000000e+00,1.745647489562137666e-01,4.871390049576614367e-01,7.256777522864654717e-02,6.962608229831149798e-01,6.131674559162924032e-01,3.348303249945029370e-01,-5.215716065426536652e-01,-1.324689892728661555e-01,6.986853020063397146e-01,-7.205204107263969704e-02,-6.545319407471278383e-01,2.773041617906180090e-01,4.732102546820733391e-01,-3.950137134859424415e-01,-7.089739430562008726e-01,-2.072795532123935247e-01,-7.709164049427592591e-01,-4.554506526343797268e-01,-4.867695225280213589e-01,-6.944655010823551633e-01,-3.862452623849411126e-01,-5.746227808903691114e-01,1.723147233310604876e-01,4.881984637359276791e-01,-5.278682179565105104e-01,-3.418731368266675341e-01,6.156520848850104422e-01,4.107844748086341563e-02,-5.282166632093776570e-01,2.164216448493634648e-01,2.459554773664391070e-01,6.376682223827281337e-01,6.016725319669748995e-01,-1.295288855508002768e-01,-3.514617691501823460e-01,1.374056304615039747e-01,2.389763452022591605e-01,2.807928491103043878e-01,-1.499877872487397346e-01,-4.890488695814675935e-01,-3.507454226856763779e-01,-8.247294291817421075e-02,1.734186737799099653e-01,-1.766228935970196867e-01,2.215588124637672962e-01,4.173315280112557257e-01,5.686274538688954605e-01,-3.831082233605089676e-02,-6.356499025377951306e-02,7.962212884215479347e-01,-1.235938533706001097e-01,-6.321246424694358934e-01,5.461877634351590682e-01,2.268967931273770666e-01,-8.105267070966143406e-01,-1.588883295579852917e-01,6.659327198999465125e-01,-2.174721991182801129e-01,-7.574375832440151113e-01,3.741379738609512673e-01,5.791889036409089142e-01,-5.504732753249456101e-01,-1.678602378006706364e-02,2.766549435683137714e-01
4.717285995504250790e-02,4.869101545717861024e-01,1.387956210639251509e-01,-9.628629680715151962e-02,5.086336656773504661e-01,3.019598690430846388e-01,2.855138475166196232e-01,-3.171901609144670564e-01,4.725565350705069334e-01,5.601277198730508777e-01,5.510365441967428335e-02,3.458940014306795541e-01,6.956482525452905019e-01,1.745647489562137666e-01,1.000000000000000000e+00,4.309867682260911104e-01,8.140129547980904379e-01,6.182371861174240646e-01,-9.734553455984913672e-02,7.725177327801134863e-01,2.154762114027826136e-01,-6.272903757090388943e-01,1.464717953425225261e-01,6.981983923456098751e-01,-3.397597424253606668e-01,-3.002637894799871088e-01,7.478760895688315591e-01,5.121983937497252004e-01,3.005134920870831602e-02,6.036983040614246621e-01,-4.003301601952589106e-01,-6.950981161484152127e-01,-6.379162516736435196e-01,8.333585788476861878e-02,-3.384688064102825411e-01,2.099776254324350333e-01,5.153163787668305629e-01,4.485801500179600887e-01,1.183317304156386238e-02,2.446844762577842780e-01,5.782765980312511989e-01,2.722410706472027653e-01,1.490040884381302333e-01,3.636505275314888541e-01,6.308548436334431297e-01,2.850772848492785227e-01,-2.128535120767023336e-01,-3.164853072295677472e-01,-2.356443122999569428e-01,-1.385247447649346209e-01,-5.431441711129396666e-01,-6.376719748020434619e-02,-2.564711407650304142e-01,4.919561588098765870e-01,-7.455953613186377948e-02,-8.385633554385611976e-01,-3.969421828312227896e-01,3.987984286460762307e-01,2.600527109458777852e-02,8.330996107115260507e-01,-2.401768007926754211e-01,-8.096262891744990808e-01,-6.068053182551833569e-01,6.102215740732148258e-02,2.877595493715008335e-01,-6.253895955091786085e-01,-5.131404420200904593e-01,8.667822505389778664e-02,-1.285166988523865905e-01,-7.814462149485122966e-01,8.467091401636994696e-02,4.366805729006461578e-01,-5.575937505762792457e-01,-4.673184595304028521e-01,4.950811865120243738e-01,1.867563490735815179e-01,5.840976754126602222e-01,3.084790678059406988e-01
1.163903738551292644e-01,1.343493099291679094e-01,-1.368077120943168856e-01,-8.035466432389231847e-03,2.691133253641211920e-01,1.791568922917889384e-01,4.417923545096421462e-02,-4.918410939628580641e-02,3.309859386851541352e-01,4.404859809060152065e-01,1.549454682628104984e-01,2.999983286549851580e-01,5.479347737777150451e-01,4.871390049576614367e-01,4.309867682260911104e-01,1.000000000000000000e+00,5.570412821037967754e-01,6.176152280802458261e-01,3.077830447766645161e-01,2.909985446619903215e-01,7.008185869745772734e-02,-6.200208314201012538e-02,3.355535417368328277e-01,3.277258898587774860e-01,-2.038547659282348712e-01,5.763670110893751031e-02,4.738913468167517684e-01,6.261606137924009829e-02,-1.155021119396083401e-01,2.974486263801570662e-01,-2.966374161790661379e-01,-4.052156940270769114e-01,-4.137037102420385581e-01,-4.424914930322723650e-02,-3.200023243952296870e-01,-1.427247417339629933e-02,3.520653744007490316e-01,1.509201473385384795e-01,-1.839764501103280658e-01,1.935861764979819877e-01,3.626630352514167988e-01,1.634120947831995590e-04,3.468679287099520059e-02,2.329348919903483639e-01,2.650708242807132131e-01,3.010397134838094790e-01,-4.168347630747987892e-02,1.104333904005882182e-02,2.676382127740279532e-02,2.176598803146751748e-01,-4.772778230514253175e-04,3.900073485761059722e-01,1.158217306538506242e-01,6.954462041931409877e-02,-4.773101987474598906e-01,-4.821118467359064019e-01,-3.266780776053935242e-01,-1.228329312775409965e-01,-1.861693382082471038e-01,5.632180863747616728e-01,2.793175666417880842e-01,-5.457100809421413512e-01,-1.638686400511509822e-01,4.014171588695347737e-01,3.168022139391437064e-01,-4.810038705377375212e-01,-1.005619252943490000e-01,2.797217099102968785e-01,-2.998728936770615472e-01,-5.546722320953159091e-01,3.310570475252875844e-01,3.618730857421852409e-01,-5.687982841945505852e-01,-2.546011068456691118e-01,5.905696721303783647e-01,9.715748510037056085e-02,5.208957065329155034e-01,3.359062714828176532e-01
1.220072630026828447e-01,4.121204617221899680e-01,2.120640182908683780e-01,6.775964923766689130e-02,4.539571849034099160e-01,1.047291603024111811e-01,1.229255804904011984e-01,-4.452609996919406621e-01,3.007899557733358931e-01,3.849142074186869267e-01,3.246336831565526347e-03,1.569035205346085704e-01,5.994284844493944497e-01,7.256777522864654717e-02,8.140129547980904379e-01,5.570412821037967754e-01,1.000000000000000000e+00,5.464919240990331328e-01,-2.306112088865514553e-01,6.872870314314696305e-01,2.969724604438397919e-01,-5.962155039369591014e-01,-5.057734132919182966e-03,6.516962706228613955e-01,-2.575010609674104889e-01,-3.429497226112862007e-01,5.834161221072646786e-01,5.083688062801171581e-01,1.820762111914280557e-01,6.573885340956894252e-01,-2.913861365907923218e-01,-6.582227110187706121e-01,-4.632203949480391270e-01,1.855074406700059353e-01,-1.701072183171775665e-01,3.302167177581846191e-01,3.789739472005445031e-01,3.726419985946475277e-01,1.819343830189869560e-01,2.539467220677312231e-01,4.120784145596930736e-01,3.501439546455318852e-01,2.529623798755430419e-01,2.106920771669046899e-01,5.480372095998216064e-01,8.802552298032065292e-02,-3.726585863339947347e-01,-3.263989870343140809e-01,-1.980064699948384521e-01,-1.895199900638482871e-01,-5.499022102290747060e-01,-6.249751224719218151e-02,-1.521811763086552693e-01,5.156682594955389609e-01,-4.160637124505324469e-02,-8.197356582152042215e-01,-3.961751992304745618e-01,4.138797961520969682e-01,1.673540599337227514e-02,7.697539248266989098e-01,-3.371244566952909527e-01,-8.312511501698395255e-01,-6.052019080186701316e-01,-4.516069943618890997e-02,2.773384806045380291e-01,-5.368160821627128154e-01,-5.661380980959803688e-01,2.232171221076580808e-02,-8.825509766329943384e-02,-7.884489410836273970e-01,-5.599379080810712450e-02,4.604835913342916753e-01,-4.409414094269632489e-01,-6.321794373051501381e-01,3.433441310414798719e-01,3.170538296572704695e-01,6.181359951373982531e-01,2.062964834039880402e-01
-1.371817706185313457e-01,4.287224293511576745e-01,3.130193117520613244e-01,-2.060001168794624304e-01,2.930291890276177647e-01,4.035772333992093674e-01,5.941374518762332357e-01,1.063026004357517200e-02,5.311259771577823141e-01,8.202729325890265599e-01,5.563719370568398492e-01,5.606803381669772657e-01,8.275070358033753681e-01,6.962608229831149798e-01,6.182371861174240646e-01,6.176152280802458261e-01,5.464919240990331328e-01,1.000000000000000000e+00,2.355489322149703357e-01,7.528113346775608949e-01,-3.166382317280567182e-01,-6.375312418961522898e-01,4.708051955390897825e-01,3.195655856338788792e-01,-7.540030561564811107e-01,-1.741967863932744331e-01,7.607757598032616198e-01,1.200361693672711977e-01,-3.204527744260591282e-01,3.707811460975661277e-01,-7.883100655467748519e-01,-8.455314185140656580e-01,-6.238323218759265210e-01,-3.743207443179164540e-01,-3.071403464622097235e-01,-1.503219371941978411e-01,3.060196194960474458e-01,7.463413798316211878e-01,-1.496086089305345423e-01,-1.930555269698619458e-01,7.189115297332762111e-01,4.172750022803621839e-01,-2.072819608686215787e-01,2.020936816974364392e-01,6.389159998000468743e-01,4.452332257924369596e-01,1.315497746946350799e-01,-5.043331681928926447e-01,-5.535151394341201181e-01,-2.375561394202237719e-01,-3.019765721238102940e-01,-4.374110037457003969e-02,-4.518664112768092656e-01,-1.104534121487358300e-01,-7.433728925531196685e-02,-4.964280139289257709e-01,5.789284744474462036e-02,3.300627609037052879e-01,3.882583239395120400e-01,7.686056370245004654e-01,6.461717954288281884e-02,-5.128166591089349247e-01,-6.002909999562355825e-01,4.276304168877690381e-01,-9.272958965902246276e-02,-7.992805626460511847e-01,2.795668754761771249e-02,-4.672407473339429407e-02,-5.980793192342072073e-01,-5.665262121357904634e-01,2.748485383449577601e-01,4.311750519530192782e-02,-7.957585567279071848e-01,-1.741701097406475329e-01,5.287989885546006130e-01,-2.391191349013394307e-01,3.151870854358078122e-01,1.484259961848614362e-01
-3.869523830893532024e-01,-1.090278520384899558e-01,-2.841535134375198224e-01,-5.776032267690053290e-01,-1.089904313556871313e-01,6.176305869977257723e-01,4.077154559790940325e-01,6.445570961076332317e-01,4.917647574626636819e-01,3.681744675016004886e-01,3.171033140834219610e-01,7.389399006976333784e-01,4.225856017482650800e-02,6.131674559162924032e-01,-9.734553455984913672e-02,3.077830447766645161e-01,-2.306112088865514553e-01,2.355489322149703357e-01,1.000000000000000000e+00,1.559955918500493914e-02,-4.450523368615852959e-01,4.014129511101369174e-01,9.163242649158249709e-01,-1.464489314281223753e-01,-3.383199247317401626e-01,8.296463610026330038e-01,3.207178297709889492e-01,-7.315189021866973507e-01,-8.518327348053785775e-01,-6.082371781557514012e-01,-3.306814198664527749e-01,1.594232053155841267e-01,-4.727871808054122660e-01,-6.162712028304868639e-01,-7.077544375704603041e-01,-7.963139773613867600e-01,3.747689558873320004e-01,6.127248897376350728e-02,-9.141030510958165767e-01,-1.031775378298897955e-01,5.394586703077052237e-01,-5.667639057001125913e-01,-6.435659775119195736e-01,4.874463251753765602e-01,7.134676569632567023e-02,7.655157303655587553e-01,7.727377446970087327e-01,4.761345061275823465e-01,9.726528661738507997e-02,5.855042880314693665e-01,5.829735174309687018e-01,6.143461153784001150e-01,3.399122049647546606e-01,-4.562060905319119120e-01,-6.555644061554319890e-01,7.186961871055755346e-02,-1.116626515107739109e-01,-6.848048701042808162e-01,-2.447734835295163891e-01,1.581160400540243260e-01,8.726360282666099089e-01,1.670259533482768566e-01,5.376803515179910953e-01,6.838426194337864361e-01,2.753151106322255237e-01,-7.152868234253705049e-02,5.057222442945110696e-01,4.870367800637542266e-01,-3.503440666080513965e-01,9.772286395550487670e-02,7.971027951475567752e-01,9.509587848508795072e-02,-2.858119584882525821e-01,5.695905873084130544e-01,5.931302330047263371e-01,-1.453817293463130211e-01,7.178647275923411009e-02,4.291738173399604617e-01
-1.115925093245390270e-01,6.892671094217237560e-01,3.531084804789701992e-01,-2.431604500711793126e-01,5.499569083592358298e-01,4.930660796895678377e-01,5.868465245537253239e-01,-2.234364230852046995e-01,6.510930968315244982e-01,7.058083634632009717e-01,2.620607363343905871e-01,5.261048613374107452e-01,6.749128569302266234e-01,3.348303249945029370e-01,7.725177327801134863e-01,2.909985446619903215e-01,6.872870314314696305e-01,7.528113346775608949e-01,1.559955918500493914e-02,1.000000000000000000e+00,-3.755647607718229364e-02,-8.326361554146068933e-01,3.563765625733227860e-01,6.413573942466308520e-01,-6.482123759803531948e-01,-2.312469563610352330e-01,8.523755361105915807e-01,3.490466703752764244e-01,-1.798370624815578134e-01,4.932767749803352308e-01,-5.884792244713198395e-01,-7.822468703369380716e-01,-7.548766893974427905e-01,-1.565641897026485152e-01,-4.235506842026314223e-01,3.842523769653708593e-02,5.450604619769661152e-01,7.065232457377469411e-01,-9.049461738497666108e-02,7.500314230060249610e-02,7.974387007324059695e-01,3.520413944278099616e-01,-2.359745900748367806e-02,4.368123652811551905e-01,8.709755012489096559e-01,3.838494065850628356e-01,-4.099989535571739452e-02,-4.682936022448200286e-01,-5.169747191396161234e-01,-3.074504084798278525e-01,-6.347222849818205948e-01,-3.029842634288881786e-01,-5.404564231448856226e-01,2.735419661686923076e-01,1.388364857819710807e-01,-7.437957052030985672e-01,-1.612784854432890713e-01,5.121686247654585467e-01,2.964688831964911730e-01,8.749307103793426688e-01,-2.241454367954592297e-01,-6.639202849760476033e-01,-6.680596649870538251e-01,1.026220792921149344e-01,3.839681608963811665e-02,-6.229039666141745757e-01,-2.836340162473490190e-01,-3.227512570168402511e-02,-2.810579178895099561e-01,-6.053951777951297464e-01,1.581130482212857458e-01,2.491389060673822042e-01,-5.106527049118078088e-01,-2.661783101679169872e-01,4.118583777484269293e-01,3.829839316852063497e-02,3.553422833436185591e-01,2.149150827965708443e-01
