1.000000000000000000e+00,3.076238886468680156e-01,2.600501163978120034e-01,1.821561777796747439e-01,2.100772294474206048e-01,1.107839191396114281e-01,1.240836499951495364e-01,1.678755459503975256e-01,1.189956594075663038e-01,8.309938786370874020e-02,1.550555459249221002e-01,1.839841406105088284e-01,6.079789585606069219e-02,-2.033148395919246593e-02,-2.279984417206550040e-02,-7.569555196997075630e-02,-1.445312145923174744e-02,-3.045407322823531771e-02,-2.248264202974796511e-02,-4.234993343218627915e-02,-5.007514542193414880e-02,-7.315736664677027767e-02,-1.523593460490893503e-01,-1.730210176603729222e-01,-1.204303032931349909e-01,-1.070174005274986684e-01,3.906865980631698404e-02,2.973239851512301732e-02,-1.381307408794747171e-01,-6.113680025067955159e-02,-3.955278914500563042e-02,-5.894879016791328315e-03,-3.518221036635629101e-02,-3.193352826729313476e-02,-7.899371849541755863e-02,-5.510796667843777252e-02,2.440577726852110121e-02,-2.220088567415770542e-02,-1.080650043891158707e-01,-4.204149286512844780e-02,-8.609183243984538936e-02,-6.714711095714863409e-02,1.933180142565688389e-02,-1.131907606580981850e-02,-7.353082406660768622e-02,-1.080471300390309537e-02,-5.671778143311623568e-03,-5.070211224204922151e-02,-7.781914631925398312e-03,2.507886042775327173e-02,-2.628321518721465390e-03,-4.236156860182660813e-03,-2.786035513940095590e-02,2.791125257415548715e-03,4.057814647436219779e-02,-2.705895280300759861e-02,-4.287441451360635147e-02,3.651435610306762863e-02,4.504151683645635923e-02,4.992174619609902712e-03,4.188393310137864672e-02,2.466251045017649191e-02,-3.052002159288027400e-02,1.044199377947921392e-02,8.203938427671682299e-02,6.825225288697459036e-02,9.105859433528783187e-02,8.942634294563074626e-02,3.107046528081296513e-02,3.582842495880591421e-02,3.793615735000643169e-02,3.091147120886367922e-02,5.595304916989458921e-03,1.517061540535255028e-02,4.247798126187865174e-04,-3.668983005723642360e-02,-1.328856481028672758e-02,3.105544067019593707e-02,-1.925234508480494489e-02,1.744579558961805235e-02,2.000938105992628932e-02,1.483697131363100746e-02,5.982701855645960326e-03,2.855151731291061235e-04,2.172592435775193807e-03,7.849160130984718722e-03,-1.607051652531264231e-03,-2.555055727587888376e-02,9.567931022270919706e-04,-1.099369169690196484e-02,-2.799212819892114498e-02,1.036881035047646296e-02,2.996806198233554000e-02,6.452442641479068722e-03,1.615853375872361442e-02,1.212054729437769297e-02,6.635860164129680702e-03,2.695214185127992393e-03,-3.656957021267261826e-02,-2.770180378748119537e-02,-5.165198782401383970e-02,-7.954163819046913830e-02,-7.183933078013145235e-02,-1.011255739251908439e-02,2.468959337231748166e-02,-1.417212761278230501e-03,4.330821485519543990e-02,2.242713868660541066e-02,2.031538037628488266e-02,-6.232285696746937831e-02,-1.861123698274173149e-02,-6.605662303049147921e-02,-2.701462329180831859e-02,-8.545619099107455707e-02,-3.708605172257412042e-02,-5.902992367646692912e-02,-3.923300099391891643e-02,-5.752057866902842570e-02,-3.749079135320247669e-02,-2.556497051975135243e-02,4.483481451304806992e-02,-1.735266880656964258e-02,-3.175026861210566292e-02,-2.256883942763446629e-02,-2.386304853279658245e-02,-1.576801162945972237e-02,-1.962970074566244838e-02,5.846629215738711506e-03,-8.146426435997491597e-03,-6.420806274013711457e-02,-6.522972714764887180e-03,-1.907375084634575779e-02,2.635986062471605898e-02,-1.310191659163932772e-02,3.196098380156545821e-02,-1.276359925315110298e-02,1.608254719396889215e-02,3.206109662258196154e-03,4.265743658988293413e-03
3.076238886468680156e-01,1.000000000000000000e+00,1.062637444032981937e-01,-2.358248812405328021e-01,2.773215446849167654e-01,3.483584300323836480e-01,3.506056144417821901e-03,-2.989634456616428390e-02,2.343430501969931967e-01,1.524371890677024555e-01,2.412174760010360117e-02,8.483797072594337352e-02,1.197233743623085933e-01,-1.035944239530405681e-02,-2.904051601281282258e-02,-3.217734219159505693e-02,-7.812842056319968531e-02,-1.099025477213835394e-01,-1.348070593686020481e-02,3.455665253224935590e-02,-3.285176186321280001e-02,-1.266541331217238275e-01,-2.273416234303304514e-02,-6.272581355094408728e-02,5.308643744527731523e-02,-3.688862838544937350e-02,2.956249076179309071e-02,8.748608942899825658e-02,-1.834598457654704889e-02,-6.318220227054348326e-02,-1.867868643766328399e-02,-1.780330675862059481e-02,6.859722354497663210e-02,3.867882643528827713e-02,1.373120552901181462e-03,1.491694655754840625e-03,3.829357116823341872e-02,3.435045332701982396e-02,7.457556354066269093e-03,3.943780606144111495e-02,-1.427161357002628382e-02,-6.280677033843079515e-03,1.591664353050554689e-02,1.763753612222189113e-02,1.059975841240176641e-04,6.972507703346895666e-03,1.663894035059707921e-03,-2.122177206406745259e-02,1.501958101830958188e-02,2.698764833267795760e-02,-1.331744642046752032e-02,2.375050495776036968e-02,3.149319042284003806e-02,-1.489472666210297364e-02,1.754728957704072834e-02,-1.180916825750185847e-02,-1.502339418744865797e-02,6.150709776264767087e-02,3.368443336300297464e-02,-2.244497533214686452e-02,1.239006569122869800e-02,2.521417375352014503e-02,3.112783744121983259e-03,-3.724734009339944127e-03,1.530363425564487505e-02,3.179427417577217890e-02,1.404584382182757010e-02,1.022606270692509589e-02,3.820188139334105420e-02,-6.192759362410516465e-03,3.988720455428953517e-03,-3.178856311114737487e-02,-5.099604353887722541e-02,-2.993892342501149745e-02,-2.719750799267652702e-02,-6.424362842339631507e-02,-3.115857929909606611e-02,-2.777417714409729024e-02,-4.923931645544118475e-03,-1.785826382583867097e-02,-1.092816898211468671e-02,-3.202775442414505791e-02,-3.211543771766101844e-04,-1.049770663184140806e-02,2.047271717945308572e-02,7.104080414693028644e-03,7.825226340878099415e-03,-5.855469517221208869e-03,1.989590096260327248e-02,-2.971159928003580530e-02,7.080604080504875227e-03,2.674722350618249922e-02,4.037736185763383251e-02,2.514963441760141236e-02,-4.146846850186431538e-02,3.728488778538122800e-02,4.024904161902891769e-02,6.212105163436012871e-03,5.250545188045271927e-02,1.307937825003581411e-02,1.071888313011878750e-02,-2.295846605021241785e-02,-4.049850900251501795e-02,-3.075087347222672796e-02,-3.171668941360316490e-02,-3.059150228303692334e-02,-1.982144387708793809e-02,-2.135466392662719801e-02,-2.672927566549134978e-02,1.029043003177834703e-02,4.336175328756784980e-04,-2.280985788657340432e-02,4.718743419805224160e-02,-6.779426005461919313e-02,-6.862087604169582467e-02,-9.213969673646150993e-02,-3.924530202279156825e-03,-2.466495447373663261e-02,-1.412605558305434980e-02,-8.643053867529627496e-03,6.691892834061460849e-02,-1.053065016278173678e-02,-3.440189929185922396e-02,-7.791924344529753237e-03,-7.928533175735812122e-02,1.898441436135887665e-03,4.351082736860935156e-03,-1.028759073592044708e-02,5.866978528507463958e-02,1.311966413115329792e-02,4.009104406864169579e-02,6.671387215440051366e-02,5.586203020113426204e-02,2.760145555711660328e-02,4.016390952572242851e-02,2.566520781451746974e-02,1.719563524952328823e-02,2.426564208498261006e-04,9.505045315850042462e-03
2.600501163978120034e-01,1.062637444032981937e-01,1.000000000000000000e+00,8.176616564078018068e-02,-2.649814547467345127e-01,2.400081615113039690e-01,2.698648578299253642e-01,-2.886403463276789733e-02,-1.146546697274163779e-02,2.575317400290912384e-01,1.527012294358003341e-01,-8.956066226649838161e-03,4.181834382604472655e-02,4.406783781136107414e-02,3.834941077752217903e-02,7.792940603336874321e-03,2.641632294171305378e-02,-8.283001657335694462e-03,5.623791466924277227e-02,-5.475267824871715705e-02,-7.515805482373960622e-02,2.982705414141749098e-03,4.843108476331503044e-04,-9.270428762353434549e-02,-2.346700165818018866e-02,4.078156440848081793e-02,1.127882242446501260e-01,-6.858297097243044524e-03,-6.590902843930634969e-02,4.119720858699882360e-02,-5.347507205253423934e-02,1.418377560022414385e-02,4.004706614964852196e-02,-1.684154806654747025e-02,-1.704814756881386020e-02,1.894214302038832801e-02,1.192176166559083192e-02,-6.225215990055574938e-02,-6.556006202871345057e-02,2.571401088352155348e-02,-3.500709919948725990e-03,-3.779446090002133718e-02,-1.534842049234370204e-02,1.257387292711766068e-03,2.557289154209773513e-02,-1.452020970703175873e-02,-5.402285618324082633e-02,-1.130013069863920055e-02,1.321171751898881155e-02,7.602767626014223824e-03,-2.344363342827804255e-03,5.401418081049175028e-03,-2.147075915847521110e-02,-8.806475318284634132e-03,6.430858006424171325e-02,1.193736459998503453e-02,-4.496649687122652311e-02,7.254350083521058680e-03,3.046813108471142090e-02,-2.889870926179551394e-02,-3.931683680914787454e-02,-2.177736372260422383e-07,-5.770456966146806851e-03,1.279727421904076380e-03,1.890192531943145696e-02,3.218879087787655108e-02,3.703994079596398953e-02,4.624468966234436540e-02,9.027164147921765830e-03,1.123859616918544170e-02,3.614890926914168801e-02,3.325057436370109504e-02,1.725081421841366536e-02,1.855188434493441202e-02,-1.207524278173916811e-02,-2.830905322760767645e-02,-2.912223506262025252e-02,2.697534329335132472e-02,3.250099763667087943e-02,2.442874720823221338e-02,-2.193076539440231426e-02,-2.159060630875254960e-02,1.733523861838266039e-02,-1.435276445594587183e-02,-2.584983033712118933e-02,-2.807762914556394609e-02,2.121700498849026558e-03,-5.209772835963663584e-02,-1.175856765405584349e-02,-2.498294602664734992e-02,-6.968021431797810639e-02,-6.582136334539821776e-02,-2.508714263102221342e-02,-3.893638468042181361e-02,-3.170147619301324354e-02,-1.197276307121225569e-02,7.489889755605050325e-03,1.043718287465576419e-02,2.411140562652922328e-02,-4.293933368905929193e-02,-3.507597367425952656e-02,-2.294694180399948352e-02,-1.860744689720384565e-02,-1.838807429533196452e-02,1.036193398408203703e-03,-4.625418644924743361e-02,-4.110803629224427796e-02,-6.414389767113416567e-03,-4.189708189664684279e-02,-1.395470553505100478e-02,-9.808525771790444284e-03,-4.656670194604420332e-02,-4.005280017970652695e-02,-2.455036981453168066e-02,-5.349567224076337731e-03,-3.620490594334219159e-02,-2.780243451917940520e-02,-3.133748803446227693e-02,-3.516017276410202813e-02,-7.201323976840044716e-02,1.242645757330613707e-02,-6.945425078362874038e-02,-4.254941168100807858e-02,-1.623639604707718953e-02,-4.054614984944976928e-03,1.789556007778108151e-02,6.020818020849873740e-03,-1.891577692511131961e-03,-1.616855928333788689e-02,-3.795915960331570221e-02,-1.849649863983357165e-02,-5.217986300479906386e-02,-6.744772902169680895e-02,-2.931311362978680779e-02,-2.175401534446752896e-02,-4.422587352093233087e-02,-4.002551709825166032e-02,-2.046222343617428926e-02,-8.226817015155631074e-02
1.821561777796747439e-01,-2.358248812405328021e-01,8.176616564078018068e-02,1.000000000000000000e+00,6.857331003379658896e-02,-2.188691433342875858e-01,1.683214560947224048e-01,2.603889890703300902e-01,-3.959476952343013445e-02,3.945819474005964750e-02,2.709850065468867308e-01,1.510993617206908002e-01,-3.194252935796267068e-02,-4.594459712203333157e-02,1.673308364576471877e-02,1.306397942475569056e-02,5.543184642648258525e-02,8.479839307556212569e-02,1.709284915016129336e-02,-1.814425552082948520e-02,1.841402008557318712e-02,5.079716966826680613e-02,-8.392709065547696023e-02,-1.549574108672363906e-02,-1.053093145495499483e-01,-2.837005677178824903e-02,-3.863848643042757519e-02,-7.292555325173330494e-02,-5.495546869252597444e-02,-1.057165747024061027e-02,1.524255443333825781e-02,-1.788680692459467675e-02,-1.143095271425639686e-01,-4.826819040962108151e-04,-7.346507588284406642e-02,-4.024035533492890948e-02,2.360546453906009479e-02,-1.835852512322995109e-02,-3.650451162998449850e-02,-3.720907020511213248e-02,-4.777135953841512434e-02,-3.464466840582676455e-02,3.776494557529255086e-02,9.786924463918761710e-03,-2.842459350242639363e-02,-1.883376894189360551e-02,-1.304032911095522225e-02,-3.134488973718144861e-02,-5.288925538713603117e-03,1.216736769361333528e-02,3.288050954549063404e-02,-3.435826345526134945e-02,-7.173132716434162115e-02,2.441377714382379424e-02,4.474655659942913810e-02,-4.494763453412740223e-02,-5.233720222257829844e-04,1.332972329574781852e-02,-3.061452240327188282e-02,1.095578011713641518e-02,5.593310477614289733e-02,-8.927200566934492560e-04,-2.442192155218587610e-02,1.248939700218019110e-02,7.773709603359155174e-02,2.382847636691689044e-02,4.343384468198262238e-02,3.119988903076517661e-02,1.382556098784635049e-03,2.673138395279017060e-02,-9.212685510551090959e-03,5.166676397235514702e-03,3.294799504420266572e-03,-7.229092149966275839e-03,1.468778440703124091e-02,-3.005424891407969257e-02,-1.251261380101163258e-02,1.252664366095748542e-02,2.303638972866230931e-03,1.752741195678086256e-02,4.845268877794434159e-03,-1.188095920069407764e-02,-1.326208372635422940e-02,5.537611930810882807e-03,1.115819827764579419e-03,2.727017152908844423e-03,-6.106126766944176484e-03,-5.567751089263742181e-02,1.513536807706050355e-02,3.757532149167856078e-02,-1.930257360928328697e-02,-2.330474043801123232e-03,-2.422889745440019726e-02,-1.354755963322402945e-02,4.699072489016284382e-02,-8.601561025192428628e-03,1.174142706164722251e-02,2.332356928341903710e-02,3.704794141978036501e-03,1.248912638390789476e-02,1.302218351139278890e-02,7.000585892977496776e-03,1.283902723556015237e-02,3.176373751051567162e-02,5.860283306968194078e-02,3.846291772191880870e-02,4.689155705147165371e-02,3.572402508859248010e-02,2.744947566495419336e-02,-4.175705960045651005e-02,-1.138055834819178685e-02,4.315654384735144282e-03,-6.328644770261568353e-02,-5.104742883137359903e-03,1.252917184445424305e-02,-1.097784544355917373e-02,-5.882543647963769246e-02,-4.545949229774366024e-02,-2.066611212804163322e-02,-1.357200031126741882e-02,-5.991206346418315176e-02,-3.837447586429401647e-02,5.663907662644083844e-03,-4.427552928495832874e-02,1.242319409738700496e-02,-9.769184821956601941e-03,5.630572797594018963e-03,-9.973358263704285714e-03,-4.608689094200835168e-02,-7.508364999195583922e-02,-5.978830951079493021e-04,-3.549479254898053882e-02,-4.711275404342659540e-02,-4.854297354015849227e-03,-2.929195607894331983e-03,2.866273357641840533e-02,2.209752466491319428e-02,2.442196259056795410e-02,2.334675238864888577e-02
2.100772294474206048e-01,2.773215446849167654e-01,-2.649814547467345127e-01,6.857331003379658896e-02,1.000000000000000000e+00,1.403976071679708948e-01,-2.142165079808875938e-01,1.964039510045981762e-01,3.116101601080469297e-01,-1.022726044660573763e-01,-3.063456799557619931e-02,2.646273907337315379e-01,1.269412319645235876e-01,-1.533677647249010248e-02,-1.621412517526756025e-02,-3.234069697406835846e-03,-2.615545060240436967e-02,-1.466134216419529186e-02,-8.616251215176294609e-02,-9.875355520162621900e-03,-1.457135374377291695e-02,-5.746638655965355391e-02,-6.999485329674549894e-02,-1.497882110835098944e-02,-1.467676741610827659e-02,-7.605907392924179944e-02,-4.825134989155796528e-02,8.422914196093171657e-02,2.538429789702990533e-03,-8.456330087367759651e-02,2.728348407729905278e-02,-3.280557783974662883e-02,-3.537406861929374979e-02,2.940870021726106533e-03,-8.572026517529646172e-02,-7.850766286781902387e-03,6.340074615123101991e-03,-2.239203075293453096e-02,-3.865661644099689653e-02,-5.781169352340578133e-02,-8.777254940891801582e-02,-3.474553016093427649e-02,3.497672714567852392e-02,-1.558323884838076941e-02,-1.028813020648548099e-01,-8.551501820414933452e-03,-1.485952585397087335e-02,-6.799623476981911385e-02,-4.245042254688840416e-03,-4.078747354187692818e-03,-4.908906565748422102e-02,-4.600995461097345113e-02,-2.960032296722867051e-02,-1.775620977068931294e-03,-1.971241846105510273e-02,-1.051736758597532906e-01,-1.237571377282402005e-02,3.521496119655574686e-02,-3.802362965050982285e-02,-5.031208340410789348e-02,5.100475049192824267e-02,-4.212725889652210905e-03,-3.524091543708003649e-02,-2.010032550653170769e-02,4.099308069590659742e-02,2.218537197048999973e-02,9.864692925148268315e-03,-2.318346014454360920e-02,1.617388931389713083e-02,-3.562904768801137753e-03,-4.427879762993263552e-02,-6.205748005166034087e-02,-6.074804140738143676e-02,-5.403655678970558512e-02,-3.451303345450038723e-02,-5.686509854506533596e-02,-1.996287346923933045e-02,-4.115966383496381248e-02,-3.123385890845596646e-02,-3.363620656387545510e-02,-5.213678387557737354e-02,-1.974059760444958622e-02,8.498075560488031754e-03,1.123974355370472439e-02,2.364600527363188223e-02,4.304653860110973368e-02,3.774157449941221987e-02,-4.299732388016104176e-03,4.951965729913345056e-03,3.545262164300563151e-02,6.667879730735036536e-02,5.649583238677238772e-02,4.091033673332490628e-02,6.441534389208249112e-02,6.109997583716327701e-02,4.154543352067137374e-02,5.244850548880698737e-02,-2.553651734346080657e-02,1.217302547634183628e-02,3.315212829904884417e-02,8.982372873388011839e-03,-1.819556264661190831e-02,-2.645926963268560583e-02,3.093833561657364367e-02,-1.620440336053743241e-02,1.708304312122242014e-02,2.774120686598836524e-02,1.043780577275734388e-02,3.807344588928931323e-02,2.416914675110482663e-02,9.624990326191332560e-03,-3.159675974651800917e-02,4.533864528557830786e-02,-1.268251285972788259e-02,-4.003650789349306321e-02,-3.060378421153565204e-02,-5.256841615720076431e-03,-2.450370944171107943e-02,2.632076087258833005e-02,1.283289025247504565e-03,1.267821377276558137e-02,-1.268551118038454412e-02,3.687515937660642423e-02,2.547228561080978199e-02,-1.578116790195430511e-02,-1.465249771558584276e-02,6.388438244256359685e-03,-2.840646855692580824e-02,2.676402060056988150e-02,-4.393404030480529271e-02,5.794408351413210187e-03,3.571607277168877687e-02,3.361725859628699603e-02,4.525213636930306565e-02,4.537961083127249606e-02,1.419726116289939111e-02,6.743002625337524494e-03,6.723962353640795461e-03,4.624540929199692091e-02
1.107839191396114281e-01,3.483584300323836480e-01,2.400081615113039690e-01,-2.188691433342875858e-01,1.403976071679708948e-01,1.000000000000000000e+00,2.004019428412908144e-01,-1.908172636906809438e-01,3.188681642625272872e-01,3.966375566899760785e-01,1.711663416156650186e-02,1.209093137737712598e-01,2.518188566285818331e-01,1.188296252512275469e-01,1.119509039396470312e-01,8.700619514472196503e-02,4.507800069283373484e-02,-3.696585664465251719e-02,4.260554475881685177e-02,2.496406767529074991e-02,-7.220432738712305454e-02,-7.877511706160121585e-02,4.407092081280040291e-02,-2.639142892904692596e-03,7.459201809806050021e-02,2.238775963096935676e-02,1.064047467309717221e-01,1.049997961021200826e-01,-6.073861406610693743e-03,2.594891488254880835e-02,-3.401744275058395106e-02,5.484484809695820001e-02,6.152511499295164332e-02,-1.587115684472133192e-02,-9.613911973138820552e-03,1.042290465857592316e-02,-3.903713580612090672e-02,-2.252269248040991365e-02,-1.624202252208358996e-02,3.801921825093164398e-02,1.989214875155954909e-02,-4.006758181531885031e-03,1.710691498334765024e-03,5.258135939020983779e-02,4.471378833095245031e-02,1.270097561877675703e-02,1.248871935954770640e-02,-1.012498288594529915e-03,2.356609749132581796e-02,5.433726500859872854e-02,-3.299191417886426780e-02,-2.148188079363579821e-04,-3.973040430184028582e-02,-3.673427758368508211e-02,-2.370186625354503245e-03,-5.617793801480922694e-02,-6.484906853227401236e-02,1.438534970422202831e-02,-1.896250944543896588e-02,-8.237171490897965409e-02,-2.362379436938901248e-02,-4.317302681006818937e-02,-2.384020227845825082e-02,-2.039750076470748727e-02,-3.502249734584850227e-02,-2.373057498681376606e-03,-2.998891805464106927e-03,-1.244783220197993260e-03,3.230180090492553151e-03,-1.171413816816644325e-02,-3.113857188827820130e-02,-4.386735124130510671e-02,-2.841189736764856283e-02,-2.601745633299631932e-02,-4.868995268733203319e-02,-5.129250125958157575e-02,-6.677319012725295433e-02,-6.176090371442617688e-02,-2.756208819059778950e-02,-1.963762660810649402e-02,-4.913627767738595886e-02,-7.330779753651084363e-02,-3.933630937812806344e-02,-2.840323762263284937e-02,-1.788981570665451560e-03,-6.164850688466203682e-02,-2.115649844283372383e-02,-2.973208433826613969e-02,-7.209643405986102330e-04,-1.932988174047222188e-02,-7.437243175775046927e-03,-2.200260265361275724e-02,-1.528573839216671934e-02,-1.012669900387118752e-02,-4.606869583253278555e-02,1.992770308531147463e-02,1.921904375792455114e-02,-2.620983392929335590e-02,4.210722513958199686e-02,2.166135327349166459e-02,-7.130324586384869864e-03,-4.278660043457861717e-02,-3.235377691111076398e-02,-1.140722633573474157e-02,-5.517040977979451727e-02,-6.860602238637179828e-02,-3.020032660145837919e-02,-5.458247093678840998e-03,-3.948901274090114988e-02,1.424268029482065982e-02,4.078396043065059262e-02,-4.848923161975855073e-02,4.097107080547781471e-02,2.825881753409871956e-03,-2.060881306828435747e-02,-5.048935717862896438e-02,-1.875137341851586953e-02,-3.632555714722430357e-02,-1.772684457813149608e-02,-7.443127661213905233e-02,3.669937168432153840e-02,-1.535572994831051544e-02,2.473204931879379007e-04,-8.184722587217981016e-03,-5.326483082559189952e-02,-7.003153121754691207e-03,2.221515581740938702e-02,-2.395946696708503923e-02,7.036551894774994813e-03,3.930762768759813591e-03,1.856867881165418302e-02,2.367491593374431401e-03,1.520726262956784147e-02,3.317632838938388423e-02,1.451597324073700644e-02,6.019573682838383344e-03,-1.280556572705788751e-02,2.233003147958701612e-02,5.889723514673947911e-03
1.240836499951495364e-01,3.506056144417821901e-03,2.698648578299253642e-01,1.683214560947224048e-01,-2.142165079808875938e-01,2.004019428412908144e-01,1.000000000000000000e+00,1.357938731725400472e-01,-1.119447457295292270e-01,3.067669760343159080e-01,3.174640762879469835e-01,3.157680019570092284e-02,3.627453527943986372e-02,6.525103615143112989e-02,9.614882071655056484e-02,5.569264706945693116e-02,1.146449989352810589e-01,6.742936098744090057e-02,1.084434548061618819e-01,-4.796244527030543020e-02,-4.601910571768801778e-02,4.361458139841437737e-02,-5.888797804016066700e-03,-2.525994549874608849e-02,-5.971873274503316370e-02,7.049532140573712240e-03,9.934587888809492950e-02,-5.678924000762717444e-02,-1.158646004626887882e-01,4.199777365493042453e-02,-2.429075438928118141e-02,1.010841945948881687e-01,-2.685911252272086061e-02,-4.175802777649573888e-02,3.726309650812884185e-04,8.738838064178768711e-03,-7.188252339262713418e-03,-5.954208910346486111e-02,-1.573543300378101722e-02,-2.848727741562613516e-03,2.234023411607638943e-03,1.219894241229099903e-02,-2.458697848457163174e-03,3.210513957377496286e-02,1.609506841549743564e-02,1.708645375148412290e-02,-1.527840789718310811e-02,-3.162017888510494645e-02,3.169353661995912008e-02,2.813803405494296264e-02,1.915829963325482027e-02,-3.703104358326766987e-02,-4.645713284584359476e-02,1.947941070173794462e-02,1.162812709452414744e-02,3.185094595457346744e-02,9.230538414735098632e-03,-2.575850253720876528e-03,-1.076783964905400105e-02,1.663593157133400145e-03,-9.736062431224811256e-03,-3.829510250503577462e-02,-8.794112395166484367e-03,-5.304901385188951803e-03,7.981590121680346567e-03,-9.698033656497532173e-05,4.683681981284321116e-02,5.456772486763421248e-02,-1.528174275839714984e-02,1.441890834942306798e-02,3.093372517946159361e-02,1.844143943960296558e-02,2.243090143260718927e-02,1.112443970393476277e-02,1.310496171936146453e-02,6.658522009581616802e-03,-6.242908894272003462e-02,-8.864254299476539284e-03,1.133836124368616666e-02,-1.065179318284434047e-03,5.124781375860312403e-04,-9.478859692585769187e-03,-2.493275102825806555e-02,-2.248576680022444998e-02,7.270553851620674933e-04,-3.416535315768358394e-02,-2.100234395011671071e-02,-5.094785881301534813e-02,-3.886418586302274603e-02,-3.470753118676279947e-02,-1.132630906280487626e-01,-6.223090257055404612e-02,-6.711014192569135506e-02,-5.115178514070967131e-02,-7.568903924062178601e-02,-4.275546869333712169e-02,7.652825974115778744e-03,1.568254206059864139e-02,-8.647372409894644660e-03,-2.304111881309036866e-02,-2.775794979635717169e-02,-1.944037622489057718e-02,-1.569610011081332482e-02,-1.909340543439742854e-02,5.867788949815375306e-03,-1.742292306305431512e-02,-2.332301592256805223e-02,9.249523620257181500e-03,-2.603355135137673179e-02,-3.411438859542058333e-02,-4.327918346884665479e-02,-3.184256985990469024e-02,-4.916298054457574757e-02,-1.592367199183681789e-02,1.206456203176898764e-02,3.864663371066531187e-03,-2.342798751812218486e-02,-6.054944055773901594e-03,-1.469945428355576636e-02,-4.596420924238805994e-02,2.395666517689657923e-02,-2.358919715786623669e-02,-1.624527573904052322e-02,-3.560284230991806343e-03,-1.700578574783681574e-02,-1.729814328479642449e-02,-9.576678561508341486e-03,1.110090957417060988e-03,-4.071775553518347524e-02,-1.620705421792760156e-02,-2.967545212572885241e-02,-1.617959681556901952e-02,2.455220350806524600e-03,-9.484406990601355197e-03,2.608933499379173862e-02,-2.302982475468456566e-02,1.028544986140396064e-02,1.718928019676125782e-02,-2.222767408263354519e-02
1.678755459503975256e-01,-2.989634456616428390e-02,-2.886403463276789733e-02,2.603889890703300902e-01,1.964039510045981762e-01,-1.908172636906809438e-01,1.357938731725400472e-01,1.000000000000000000e+00,1.653382088930614446e-01,-7.333467401334760327e-02,2.583209049971726401e-01,2.537649112151359465e-01,-2.685136881111966148e-02,-2.796586924271560193e-02,-1.899706404140500890e-02,-5.637748206842742305e-02,9.622960482068437099e-03,5.570167089413635003e-02,-3.568330762106456527e-02,-7.873428952737686337e-02,-3.087405427602244595e-02,-1.175389151335209898e-04,-7.668005796769405968e-02,-9.479621705812107252e-03,-6.566609831385743223e-02,-6.294800148528970074e-02,-7.725902569241202555e-02,-3.448429517814595446e-02,-2.016851392987961331e-02,-7.469408230256402437e-02,1.146773718648180784e-02,3.542751054040081671e-02,-7.136566234174153422e-02,-9.849108650289279537e-03,-5.383899701453047359e-02,-5.277741212612359345e-02,1.787730957703003928e-02,-3.701460334554251136e-02,-2.611522509946831785e-02,-5.843428591272503692e-02,-6.966175149518724630e-02,-2.057466923124713284e-02,3.742179309857350533e-02,-3.805673914861264218e-02,-5.383269514829595870e-02,4.851400659397243909e-03,-9.491566899768027338e-05,-4.552172106563464465e-02,9.624009594074887583e-03,-8.783253874660442795e-04,-1.644629617482575024e-02,-7.307466871649902218e-02,-1.388000634232644005e-02,5.261774930720729965e-02,-2.499597257158773025e-02,-6.118725171027843829e-02,7.291984344054917855e-02,3.512140717799132339e-02,-7.340463637904620642e-02,4.807422704430983768e-02,1.144382115661465582e-01,9.726027144003782793e-03,-2.742522735858131389e-02,5.709378095994019353e-02,9.439630789284410295e-02,8.957428858162741481e-02,1.057868569552793125e-01,6.077962333797968381e-02,1.854032979631358227e-02,2.708685025856379797e-02,3.709862325991505200e-02,1.617648531386910865e-02,-6.449845986733525674e-03,3.231399841749124646e-02,4.007436216438307885e-02,-1.376531903450681042e-02,1.730276401460099575e-02,-4.732940125718947122e-03,2.140148878425675305e-02,-3.943493160367610856e-03,-2.822787908961203740e-02,1.345386822199488462e-03,1.403748787620940318e-02,3.371052826767768906e-02,1.350832865176579238e-02,-2.302548057988100180e-02,2.926110746920330269e-02,4.416967247018031839e-03,1.506909952638722967e-02,2.290190194231233461e-02,2.730848383499414125e-02,-6.231045826224732020e-03,-2.199150138966109863e-02,2.152043708643288158e-02,2.680290500037382437e-02,1.383868988687420205e-02,2.896506312068656067e-02,-5.093169349741732271e-02,-5.177264612870669663e-02,-2.463556738609485458e-02,-1.439604801845006596e-02,-2.538257369357013044e-02,-2.976886802530810325e-02,3.813622243500864456e-02,7.789942138917850534e-02,9.168091923613333472e-02,9.148529529928847714e-02,8.812217033899363838e-02,6.495860363270629378e-02,-5.351123332455172410e-02,-1.961284738813140471e-02,-2.293864088364101685e-03,-1.213362038869400528e-02,-4.074942443618042448e-02,-2.703886244855884316e-02,-1.520734690837194196e-02,-4.279832446481132008e-02,-1.701609890105179948e-02,-4.263041567896438261e-02,-6.880998677106191577e-03,-3.876125319532430780e-02,-3.456481008955038930e-02,-1.324786807227904852e-02,-1.350387061118520950e-02,1.323124417741874774e-02,-1.280514773494061467e-02,1.334302923097372730e-02,-2.628313414363348671e-02,-1.074767700203169661e-02,-3.664488138365927516e-02,4.523248536577824386e-02,4.748525302990226626e-02,5.433499647281701816e-02,5.193740720287270962e-02,4.469751584237559305e-02,6.434393705913658834e-02,5.148590225118603730e-02,4.307686128532274908e-03,3.682537382644015481e-03
1.189956594075663038e-01,2.343430501969931967e-01,-1.146546697274163779e-02,-3.959476952343013445e-02,3.116101601080469297e-01,3.188681642625272872e-01,-1.119447457295292270e-01,1.653382088930614446e-01,1.000000000000000000e+00,2.014714331917964174e-01,2.372636364017966307e-02,3.066282265786736683e-01,2.756237220361220097e-01,9.398797937557828996e-02,7.279018559077303496e-02,3.378196093407518502e-02,-3.557802015431999615e-02,-2.577708795471416944e-02,-3.998216115103246648e-02,2.101440979790102428e-02,-3.411994633552442591e-02,-6.454482179675406772e-02,-7.244619586597928103e-03,-8.246436371143998781e-04,4.049265231449343527e-02,-4.716693511498927516e-03,-7.015525066700641424e-03,6.762931442044373131e-02,4.179756180476631305e-02,-6.492150646363564759e-02,-1.774375420154200578e-02,-1.528725130396796708e-02,3.124160716516547961e-02,5.342501753568849876e-02,-1.466987694635450007e-02,-1.476514760429278698e-02,-3.186220003596803435e-02,-2.243463297372708803e-02,-2.742456620095381353e-02,-3.489717123005631888e-02,-6.080577913589949035e-02,-4.212055283387274029e-02,2.584047391738130122e-03,-1.104754589415322258e-02,-3.460309445366512027e-02,-7.652800370293717097e-03,-1.474521469569782528e-02,-3.855622511967014138e-02,-8.618225551017296218e-03,1.932360013778918612e-02,-4.133081105685358636e-02,-3.708276716198786321e-02,3.747293589489529737e-03,-9.428533891250201471e-03,-3.484393851346763438e-02,-8.591028241287855527e-02,-9.023773666825008963e-03,5.197797288815793337e-02,-4.633668686495986261e-02,-4.909520802456456001e-02,4.836403151845986709e-02,-2.690815113190860031e-02,-5.627298157176439247e-02,1.574636328017350179e-02,4.945810852220346859e-02,4.552087754367116490e-02,3.982182662699639691e-02,2.931006056260950995e-02,2.984787218560066083e-02,-9.347304779457265081e-03,-3.269456051255573842e-02,-5.455939275338522743e-02,-5.155252404331384791e-02,1.259292496525347277e-02,-2.903467530374442135e-02,-3.688325062727151188e-02,-3.635259848224021983e-02,-6.449725153291359370e-02,-1.041453691739483919e-02,-2.950894111473278958e-02,-5.788219082452288056e-02,-4.734591569018122004e-02,-1.393508186456726868e-02,-2.132208448100840828e-02,-4.049749555094374343e-02,-7.234125627214584020e-02,2.172189899063677390e-02,4.303969802562770952e-03,6.759211905879681376e-03,-4.285128983661783131e-03,3.754372461884798035e-02,-7.731734589881734260e-03,-5.510448585751982764e-03,2.834265943218798513e-03,-4.728919731271528405e-03,5.261388426156227149e-02,4.783810443417284286e-02,-7.577119948850147280e-02,4.811587428189286961e-03,5.489820830153709086e-03,-1.488976187021443312e-02,-5.611718799016262443e-02,-6.322095263057457559e-02,2.099007261847812139e-02,2.466257821088796431e-02,2.719415504262027647e-02,6.335280879100017859e-02,6.411883255424953576e-02,3.754414727180222650e-02,-1.355482470415816411e-02,1.962466537033805136e-02,-3.602645353776769144e-02,5.390268868109800160e-02,-1.492735920950868413e-02,-2.121310165960186775e-02,-5.139684229280509775e-02,1.257776961081072745e-02,-2.838816321519161204e-02,-2.266951148223025556e-03,1.250610888234054800e-02,1.123585230103508158e-02,2.614676888981267745e-03,4.285277938592924746e-02,6.484589132083933005e-02,2.601859685412455034e-02,5.914240028224401063e-02,1.183237397231035326e-01,7.224666668400106344e-03,7.694760619853151240e-02,6.373275900179334146e-03,4.966770524916736679e-02,3.684728481754916130e-02,3.100107791801979401e-02,7.327913842318836690e-02,6.798013595422289918e-03,9.210238798029449225e-02,4.365695830863938753e-02,5.104072720602472607e-02,5.192280930836072617e-02
8.309938786370874020e-02,1.524371890677024555e-01,2.575317400290912384e-01,3.945819474005964750e-02,-1.022726044660573763e-01,3.966375566899760785e-01,3.067669760343159080e-01,-7.333467401334760327e-02,2.014714331917964174e-01,1.000000000000000000e+00,2.784114719200055377e-01,8.596328337703915135e-02,2.769284506314939054e-01,1.617021705940798748e-01,1.987478330405662852e-01,1.257331590416673472e-01,1.066031228650599072e-01,2.766147181639751207e-02,1.175375350260685348e-01,6.098768933956182081e-02,-1.056951908606804796e-02,1.013178832670332853e-03,6.534509330829912921e-02,1.794130427351715157e-02,5.750114445803203300e-02,5.036192751732480877e-02,1.145847974347725118e-01,4.187595599623500364e-02,6.365543780511539497e-03,5.679005940027416488e-02,-4.914941391508177021e-02,8.784505256309203813e-02,7.987500366755641290e-02,6.856941192226886396e-03,2.784599851671303375e-02,3.528672267912050242e-02,-1.232101419134039094e-03,1.092673509027446317e-02,1.320560124325885140e-02,5.408857681583188748e-02,4.880415151442625554e-02,5.148038314114609937e-03,2.617210826067787460e-02,3.371030287670713499e-02,4.239942956601808199e-02,-3.411240351734760173e-02,-3.418986466694971804e-02,-1.298030948552050638e-02,-1.852287936203243779e-02,2.159847618694947513e-02,9.198663339791007115e-03,2.445414663728824947e-02,-5.308532781865596406e-02,-7.386052552173465180e-02,-1.049873375109827700e-02,-4.510610278148216232e-03,-6.497114897800550237e-02,-1.682207754482471784e-02,1.173148591488800156e-03,-4.036580579960864085e-02,-4.042140582524096637e-02,-7.295915295827495872e-02,-3.841226531692699953e-02,-4.257409830930707073e-02,-3.805111536167261194e-02,-2.062518425212391676e-02,-4.681305090813117631e-02,-9.157450131413316999e-03,-3.386905277507819279e-02,-3.640640182176121085e-03,1.590775355840952712e-02,-4.935845091155238035e-02,-4.151149138718635695e-02,6.893096666045776290e-03,-3.335815751897428655e-02,-4.598343709675616758e-02,-9.342840136256452821e-02,-4.198753489641213199e-02,-1.042167843190120596e-02,-6.051785541128020494e-03,-1.046618059028077939e-02,-3.189168518101798133e-02,-3.238296407166808832e-02,-5.962887943993296080e-02,-1.965493410464129106e-02,-6.067007307229436985e-02,-2.556096386637999110e-02,-4.769115045640291706e-02,2.772621914237050067e-02,-2.032044085066426337e-02,-7.404598428922841424e-02,-4.363451547708051270e-02,-4.629349410415556365e-02,-6.526648755706382365e-02,-5.039524398748766731e-02,-1.667674226810009902e-02,4.908459404294146337e-03,-2.038614446339515399e-02,3.095642583736636991e-02,-3.135801676498517487e-03,-2.114945022125553145e-02,-4.982560835734457100e-02,5.523449936453010342e-03,1.243712938081656914e-02,-1.147469089789205157e-02,-5.053722552800837819e-02,6.927976833809182042e-03,6.311529700210467830e-02,-5.755732248007949803e-02,-3.869541946953453104e-02,1.397063134996141300e-02,-2.497703721680660446e-02,-4.478108491700273121e-03,-5.251582046009078270e-02,-2.671742369816083179e-02,-5.886616938207624855e-02,-1.531314486475161309e-02,-3.187734056682399453e-02,-6.199926150083776011e-02,-1.638488209241659860e-02,1.723335234305817948e-02,-1.272114618204968350e-02,-2.891786005156631381e-02,-1.413079356422036921e-02,-2.288582349905609464e-02,1.760841135234863380e-02,4.952208570115083225e-02,1.366960221240212745e-03,1.295905182334552638e-02,-9.639632713158688762e-03,7.992093644233012883e-03,-1.568304187118099713e-02,-2.355477652506876921e-02,2.059773706592605419e-02,-4.027673741093241999e-02,1.641344326614341959e-02,-4.790228550389192402e-02,1.876751399014767521e-02,-1.995738159529726261e-02
1.550555459249221002e-01,2.412174760010360117e-02,1.527012294358003341e-01,2.709850065468867308e-01,-3.063456799557619931e-02,1.711663416156650186e-02,3.174640762879469835e-01,2.583209049971726401e-01,2.372636364017966307e-02,2.784114719200055377e-01,1.000000000000000000e+00,2.374382817217954578e-01,1.301081982432517603e-01,1.009786799729038426e-01,1.580644805354535221e-01,5.080923904905317035e-02,1.788017786998654934e-01,1.069935410780988166e-01,8.221147569618003637e-02,-6.803682962460728956e-02,3.601387619673235285e-02,1.009300683175826524e-01,-9.041649147170982559e-03,3.330513532869062467e-03,-4.455650621601024708e-02,3.100498751674172701e-02,3.668712001438213799e-02,-7.115190412382339791e-02,-3.693799448492068871e-02,1.443369850982576495e-02,1.051356823186510615e-02,9.047712967935790662e-02,-4.008135971030613726e-02,-7.583551007149707049e-03,1.235915857000421426e-02,-5.709231625790287803e-04,4.459254236936583543e-02,-1.940687468034877489e-02,4.391798763577751952e-03,1.579046854826535520e-02,-3.986201669929395792e-03,2.182686444177754940e-04,7.211335933485273075e-02,3.376768733703457842e-02,3.351588335020496117e-03,2.100702497952208064e-02,-1.218981060915250766e-03,-1.359294500515060601e-02,5.304158825974781416e-02,9.197853895234098243e-02,6.165347284573131220e-02,8.296677285250844344e-03,1.095247371001200481e-02,3.530924274097099747e-02,2.931557224178880580e-02,7.301563321067405798e-03,-2.470842007635318163e-03,7.450959913550125879e-02,3.379882398630465468e-02,-4.881937784097618686e-03,2.287740022986197927e-02,2.786970117124999962e-03,-5.658335946485901907e-02,1.704031570651748720e-02,6.706290768562959970e-02,6.223707475347658308e-02,5.719736465866034208e-02,3.317886447911704006e-02,-7.950335218366895093e-03,2.730075328313738905e-02,6.768432455998786568e-02,-7.209037178201056079e-03,5.738304239431120390e-03,7.277173490731823902e-02,4.681894918781043247e-02,3.735784153259346513e-02,7.224505209987176074e-03,4.595880966891194297e-02,5.873360808440470510e-02,6.468861801529417199e-02,3.207562730824362052e-02,3.192716745758968078e-02,2.975662614148522761e-02,5.660510897314750128e-02,6.574977516236249486e-02,5.610701369844552089e-02,-2.139374114637951005e-02,-3.835548973897549146e-02,2.472575396109349607e-02,4.626678101212849253e-02,-6.371964099823348993e-02,-9.985552398709114305e-03,-2.225996094083927332e-02,-2.858639589108239593e-02,-2.376394618583776291e-02,-3.812708237838610681e-02,-1.645196390613449383e-02,6.114050356242744719e-03,4.385837414498302937e-03,-3.527549939741561613e-02,-2.497352519834205795e-02,-1.976754876079640788e-02,4.683409988561473489e-03,1.977604875707035872e-02,5.041744774178470723e-02,3.407836314553990692e-02,6.412431408298929769e-02,4.544830295412385923e-02,1.518981440005318963e-02,-5.206738853736141842e-02,9.499099114130965527e-03,1.162478860639866440e-02,5.059995022990768088e-02,-7.424783499987035185e-02,-2.052090921871521992e-02,6.490241351526348720e-03,1.152215780443372438e-02,1.984641886828037924e-02,1.005535551943149931e-03,2.063701466616202351e-02,-9.469151093717745674e-03,2.083402297367999839e-02,1.052435548095348797e-02,2.367468327748148242e-03,2.230636266941966525e-02,4.871522563383204329e-02,6.919670933370246357e-02,2.335266213199369348e-02,5.746497481374288757e-02,-2.667172695264310653e-02,-5.637674783627236522e-03,-2.897384082679376957e-02,1.615571775930756820e-02,3.614367355094003781e-02,2.247798705341157947e-03,3.656206951685477685e-02,1.600962907878579868e-03,5.117525781070439428e-02,1.756425953361705206e-02
