1.000000000000000000e+00,2.554367303320005389e-01,-6.994474001941104746e-02,-9.513467977384446050e-02,-3.184841407410008568e-02,-1.238425549036936413e-01,-4.272753440352682758e-02,1.516480306474348588e-02,4.584439048629210083e-03,-7.086753509114792314e-03,-5.666750761327427749e-02,-1.941368126945678188e-02,-1.673943384858329669e-03,-3.389569510525158869e-02,-7.369302510817004465e-03,-1.231787786237452387e-02,-1.733054857086915521e-02,-4.319581578616811003e-03,-2.089048115450358942e-02,1.719419634774801281e-02,-3.360876550852356839e-03,-1.760362453205063793e-02,-4.379621694207414678e-02,-2.681889888038952244e-02,-3.022432868834811631e-02,-2.217891752158104857e-02,-7.547546767157763993e-03,-2.708231349615723357e-02,1.446789957309554606e-02,-8.522087666151948945e-03,-2.083479847460852769e-02,-2.188353086335769956e-02,-1.178339576943560757e-02,4.076539788948162907e-02,9.866621406432773619e-03,-3.354091002745440697e-02,-5.327563902367607462e-02,-2.095308711994359196e-02,-4.208062015983622672e-02,-3.493839432701562053e-02,2.184497428109372086e-02,-2.655618374245402244e-02,-1.223960666752326766e-02,-4.310345178574077549e-03,-9.173688554362076364e-03,3.928947721659448167e-02,4.580000391570435668e-03,-2.591369397919991713e-02,1.738367261459395491e-02,1.095140529283939075e-02,-1.563557592238458763e-02,1.378126834243569715e-02,1.769054187938964157e-02,1.599087645194872259e-02,2.587269472267622605e-02,2.436929833253422863e-03,-2.860254658220435630e-03,7.597357467349761216e-03,1.222511646016748339e-02,7.107301701345289033e-03,1.091241707255653261e-02,-3.908343835031647014e-03,-2.149045012075673569e-02,8.358879785602396986e-03,-2.416124653212122809e-03,-3.108022162783519084e-03,1.261661371013584991e-02,-1.345465537790974456e-02,6.679405962365565080e-03,6.183574948804040385e-03,-3.172204409338358344e-02,2.356250246408061674e-02,5.091907189520920342e-03,-2.441772509542816660e-02,9.773644455316620946e-03,-1.653922289034631676e-02,-1.092677279274928588e-02,1.396077572675338482e-02,-3.655218111823477917e-02,-2.568805208682982053e-02,-1.382829934414917666e-02,-2.806099704665788661e-02,-3.327271356449096329e-02,-4.765920640424425869e-02,-2.945930467983496129e-02,-2.798018564599270494e-02,-2.774294320325804836e-02,4.991072653974022548e-03,2.925505583790157394e-03,-5.153833956504654153e-03,2.574746671292722083e-03,-2.052983981670827504e-03,9.151556072226037578e-03,2.422166217381793371e-02,1.988175261265712895e-02,2.208041184993491182e-02,3.157848894968841996e-02,2.082705850372736089e-02,1.209119076305510514e-02
2.554367303320005389e-01,1.000000000000000000e+00,3.708035883657593845e-01,3.457578917285343278e-01,8.579188830524499265e-02,2.863057649849378161e-01,7.195779414684527753e-02,5.458033224886293250e-02,1.031837191785098806e-01,2.956807441143045889e-02,5.370336941184226248e-02,7.517355459305127829e-02,4.913275933088027264e-02,5.520721492119447932e-02,2.036171484626077624e-02,2.347283030887743066e-02,2.714490354214315823e-02,2.668007701806467818e-02,3.032977025714156394e-02,9.662669726629685707e-03,-1.809214623042175538e-03,-1.604698260580747493e-02,6.382659530220863471e-03,1.987377920958531205e-02,-4.671159665497377940e-03,4.451465339355539785e-02,6.989299182623201490e-02,3.720001562575363241e-02,6.606907733955396864e-03,1.067383101200228453e-02,-1.267574310405015017e-02,1.019076269254938494e-03,-7.353207690679579127e-03,3.369920385914676464e-02,9.738960865724906324e-03,-1.043597129030655532e-02,7.845950918219094699e-04,8.596116208633432579e-03,-1.122491815188684117e-03,1.327282262210051876e-02,1.789386922727351920e-02,2.252460941743816489e-02,-2.941162796424950606e-04,3.021231950467619110e-02,-2.987185597813223677e-03,3.439959214774372664e-02,2.787254556677407416e-02,1.933547647709675521e-02,4.705579314420406910e-03,1.137753460090478591e-02,2.445853197179997940e-02,-5.660459526889617503e-03,6.979512576447868821e-03,2.106678127118963642e-02,-1.347401330002088483e-02,-1.833719145651738908e-02,-9.232722605972992769e-03,1.485851793875107201e-03,-3.145914487284562615e-03,1.771252893542174999e-03,7.122227756066099556e-04,-4.992155259675907369e-03,1.216285019686616856e-02,-1.266412247026913081e-02,9.331858799534490864e-04,-1.334628858272531374e-02,-9.454935018892772144e-03,-3.206196538112900812e-02,-4.414631897669479832e-02,-4.380365502978819658e-02,-5.753443661498021389e-02,-2.120845620227719552e-02,-4.143573482687153142e-02,-3.380781283395827702e-02,-1.823249531275435847e-02,-3.775277524892437647e-02,-4.443044794334258946e-02,-3.066412529862371644e-02,-3.156198601315030050e-02,4.435631549190420519e-02,-1.034277081422561168e-02,4.928488096537587265e-02,4.835990717327285499e-02,4.051429707494134252e-02,7.264463131865632473e-02,5.435040988279012802e-02,4.658229890012945823e-02,-1.026142825073872791e-02,1.219447219352790684e-02,4.108205047463523579e-02,1.380435503493911142e-02,-3.145185691257232005e-03,3.197605723109350762e-02,6.497521170725910344e-02,2.769716470181718057e-02,1.193476200215595230e-02,3.526714291551540786e-02,2.132035911773992598e-02,5.178928241067906266e-03
-6.994474001941104746e-02,3.708035883657593845e-01,1.000000000000000000e+00,7.937430006197850885e-01,9.749191942715824954e-02,5.617608315519497797e-01,1.172646570770614349e-01,3.035220458768228199e-02,1.067957927096290505e-01,-1.192954491698292735e-02,1.342118537789538553e-02,1.923036020348079661e-02,-6.460741593745720872e-03,-2.944680178160228451e-02,-2.255652496182807432e-03,1.158495462697376431e-02,-3.548747468490985602e-02,3.373476603996304612e-02,2.269551839196056603e-02,2.155147095827905299e-02,1.042907980154374886e-02,4.200272018222388562e-03,4.000235439851632102e-02,3.934175190770772962e-02,2.440395998074199047e-02,8.303904796032353375e-02,6.133698597793976054e-02,3.108003639796695985e-02,-4.624574044901438169e-02,-4.013128420542603353e-02,7.932171180387172227e-03,-1.967047380862354394e-02,-2.298020650592196013e-02,8.823791392328814501e-03,-5.769879012808076801e-02,-7.747236075696926384e-03,3.636360889903317295e-02,4.152299689676642452e-02,4.363841241529715226e-02,4.895725756228371667e-02,1.398304622306675328e-02,6.164154775645091372e-02,5.009231884542623275e-02,2.522570130638688429e-02,1.860753677625591462e-02,1.734622431807588544e-02,7.047202196045903276e-03,3.286170249043011277e-02,-5.391138067260984462e-02,-1.701592210706886002e-02,5.648266556833445029e-02,-3.870992833358528895e-02,-3.816598750309424526e-02,1.151663657469015681e-02,-5.944210286342663241e-02,-1.697604312540505062e-02,1.117473992308529521e-02,3.460616265540787401e-03,2.116809874509677572e-02,3.488503329780456158e-02,1.174769069240999900e-02,1.822870853161410662e-02,2.413575059787718274e-02,-2.931406221649864377e-02,-2.065157780684615668e-02,-8.072483238074933121e-03,-2.006145476109512729e-02,-5.975054258999059481e-02,-6.022911915775815833e-02,-4.817572292627410324e-02,-6.934597516498365588e-02,-6.335521787065771793e-02,-4.202214396937548752e-02,-3.050567331044166247e-02,-5.676037181188605535e-02,-2.722820144000271878e-02,-4.231619974395969819e-02,-4.876285810753069883e-02,-4.664314463936334795e-03,8.095502320323884338e-02,-3.772517387610924144e-02,4.858225402755731587e-02,6.611087569697703115e-02,6.292293073763947919e-02,8.185766166938618360e-02,5.466543477826835140e-02,6.771422236844094888e-02,-1.487997072761727824e-02,3.283543531733698617e-02,5.627825459076343101e-02,8.539128740175752283e-03,3.200936368344668020e-02,4.258081578309933640e-02,6.244674525403305643e-02,1.821687046537259422e-02,-6.693734241106285773e-04,1.862607854644912631e-02,2.287939683058388962e-02,-1.716827794504552016e-02
-9.513467977384446050e-02,3.457578917285343278e-01,7.937430006197850885e-01,1.000000000000000000e+00,5.723318587932904600e-02,6.449818371261120120e-01,1.280695650860721735e-01,2.257797897919107052e-02,9.777869748138517947e-02,-4.586227524283249639e-03,2.157390313058070094e-02,3.310487303460252217e-02,4.472146359180471584e-03,-2.267327505066914911e-02,2.596603356630261625e-03,1.646422400281918191e-02,-1.693603343509723566e-02,4.866550745944955153e-02,3.884439943752734936e-02,2.930812811955191624e-02,1.483399304485985733e-02,1.243084176531847156e-02,4.422767535506096082e-02,5.190571713701176704e-02,2.462519217228506530e-02,8.107291043180622769e-02,6.414966555336536203e-02,3.602660795356511098e-02,-3.252861621809645387e-02,-2.881016620354477642e-02,7.237354486953083421e-03,-7.635768840444203190e-03,-1.613379853451646709e-02,1.371951719061838965e-02,-5.069256517468366530e-02,-6.530794192286559427e-03,3.157241511486189034e-02,3.880005007139136763e-02,2.181747832558955658e-02,4.885558938253434236e-02,2.022873545731280337e-02,6.523104738312515694e-02,5.508284736566421147e-02,3.010927787984252896e-02,2.916408958644246124e-02,3.246493420945795183e-02,2.576690465852103651e-02,3.930550920644195617e-02,-4.878137703157202354e-02,-1.386072158951158310e-02,6.308210514884808606e-02,-3.237173715091174603e-02,-3.504488195608828488e-02,8.979930236721800699e-03,-6.818591644852166345e-02,-1.670742253934371854e-02,1.149184088262332828e-02,7.142136668993132910e-03,1.671877374701024460e-02,3.357213078983836002e-02,1.066242164469633456e-02,6.147298242403885851e-03,2.870885116577179957e-02,-3.686056158753277245e-02,-1.755634957057660567e-02,-1.105932772364934778e-02,-3.035579212179489658e-02,-5.389202017444911369e-02,-6.661612875683449453e-02,-4.928950682436180480e-02,-7.918906023338023736e-02,-5.986735596963058820e-02,-5.228903921730276155e-02,-3.110097025104976640e-02,-5.026201272148234089e-02,-4.016522959427234335e-02,-3.781600529757235540e-02,-5.070770776932435886e-02,-2.334759649213456745e-02,8.977277540830223834e-02,-4.152844004430103486e-02,5.691347354920914259e-02,8.265109360843235498e-02,6.542860305703540602e-02,9.695831398166805670e-02,7.290258622654903486e-02,7.460897154992526814e-02,-1.837190827017544034e-02,3.287611747195919726e-02,6.222569979382685385e-02,2.331267267982625388e-03,3.628125457756023464e-02,5.575655253117848403e-02,6.730013378627158760e-02,2.986754995874869520e-02,-2.496681415968502425e-03,2.802971583600995589e-02,2.685821589512045818e-02,-1.659527102940863350e-02
-3.184841407410008568e-02,8.579188830524499265e-02,9.749191942715824954e-02,5.723318587932904600e-02,1.000000000000000000e+00,2.283207110297912068e-01,5.615750608662297555e-02,1.540144405010129003e-01,1.734834774089624720e-01,7.548396345608933411e-02,3.883294309621124901e-02,6.018381036007598023e-02,1.547179357032667625e-03,3.824083848986342682e-02,7.283942352770703121e-03,-3.196124964490768688e-02,-3.997791447479164678e-02,1.925363857482306068e-02,-8.565080296231864648e-03,1.423329425109277728e-02,-6.306485577579845625e-03,-1.047276731220758532e-02,5.548786650563309816e-03,-1.617104488743922180e-02,-6.234165496849478939e-03,2.086928268390423474e-02,9.780826841153328691e-03,1.711783918866589121e-02,-3.896843437426524004e-02,3.943020034485545527e-02,2.211572368906685945e-02,1.253937842756809411e-02,-2.729402038688654927e-02,3.534366245553553776e-02,6.477394058860566628e-03,-9.248063619809863967e-03,-1.916923103390932815e-03,-3.457776284548700219e-03,1.876145967324676506e-02,-1.375636519778399708e-02,-5.040780866529841892e-02,-2.075149795400700950e-02,-2.679318519357621817e-02,-1.040050216559436531e-02,-4.356316485429473362e-02,2.718045792505534991e-02,4.365907135230708610e-04,4.156524039840767820e-02,5.390105640678730624e-03,1.799346604028739804e-02,5.144055868446092278e-02,-3.529534471567456928e-03,-6.610743844237329872e-03,1.256737454167358888e-02,-5.443920889910244115e-02,-2.656034411891174118e-02,-3.049333855751835964e-02,-7.462575473093730795e-03,-1.540944024346116437e-02,-6.477061101332399172e-03,7.695985839147492617e-03,-1.357191813888388235e-02,3.547780208127326862e-02,-2.580114238595277582e-02,-1.265777156866455290e-02,2.686314906584538753e-02,-2.680713296535097018e-02,-3.715916723553078921e-02,7.439252184167812441e-03,-2.631925087478771338e-02,-3.385296134531161349e-02,-2.415219131332499436e-02,-2.493303276888774248e-02,-8.685270528048559882e-03,-3.009196590819343889e-02,-3.930851709312836728e-02,-7.414299373774296299e-03,-8.935846191208825576e-03,-1.117192417420653089e-02,1.936812428061186406e-02,3.240156313258191201e-02,4.165226648899292977e-02,4.357085499847467708e-02,3.249680204549874885e-02,5.669794011967925484e-02,2.113301397718816629e-02,2.786544384932828147e-02,1.373937805009263838e-02,5.696926771416301744e-02,6.584677470334295013e-02,3.507909938248380405e-02,4.312322388786218874e-02,4.592204499158708542e-02,5.120228939109511962e-02,2.231057662976774700e-02,2.484596994151535773e-02,5.631871123677827107e-02,7.181687123072969317e-03,-2.051600418215407048e-02
-1.238425549036936413e-01,2.863057649849378161e-01,5.617608315519497797e-01,6.449818371261120120e-01,2.283207110297912068e-01,1.000000000000000000e+00,3.129872255304749773e-01,1.343228089757765586e-01,1.904632127641557870e-01,3.191040791289098677e-02,8.317423895857553595e-02,1.072730881050777407e-01,2.331246405893706158e-02,4.893344563617553489e-02,4.068902738219926790e-02,5.017169307562763941e-02,3.251717102810038756e-02,4.655555314623534974e-02,5.971460869895440365e-02,1.730754367649134373e-02,-1.518757389348165086e-02,-1.536946627376111971e-02,3.972946751949200245e-02,4.779532674132151715e-02,8.673489505306202635e-03,7.030993867388764251e-02,4.990708322351584958e-02,1.387140520973326012e-02,-5.785532537284614196e-02,-1.962091587465120829e-03,-6.516641164585078305e-03,2.029218894143294816e-02,-1.677606031429998423e-02,-1.142392311789269853e-03,-5.564944402011715724e-02,8.108877247990167042e-03,3.828723739714682411e-02,6.166341529150045492e-02,5.114939326003002662e-02,3.277862717625720096e-02,-7.264874008985186017e-03,6.647062736243794512e-02,6.921788003234106978e-02,5.375594105340886220e-02,3.838451401695496673e-02,6.184580168657930616e-02,3.889775591350108641e-02,6.312925804415465969e-02,-3.609861003335691071e-02,1.370901160193564380e-02,7.692212904493064829e-02,-2.826483184602030657e-02,-1.567974444297966577e-02,2.534888636002428572e-02,-6.246244701002217486e-02,-3.690737890474389549e-02,4.808206404735921626e-03,-2.662617486264918457e-03,1.376270535792377923e-02,4.081350277114176306e-02,3.888200592377483947e-03,-3.220257376506633403e-03,1.445065010433083455e-02,-3.120013921777292989e-02,-2.296174906177923802e-02,-3.791138152052050958e-02,-3.363882775127351177e-02,-7.897537978237323397e-02,-8.939010645760733786e-02,-6.695727147438607085e-02,-9.980109094955960658e-02,-8.382522968620932657e-02,-7.768402035685799401e-02,-6.352175299721282697e-02,-7.480061026407298919e-02,-7.646552624720093227e-02,-6.381643492311755983e-02,-8.214182770191376382e-02,-4.655590028222629517e-02,7.462674932521227988e-02,-3.922867909553316018e-02,8.216363033265226823e-02,7.301716261241711359e-02,7.073449821926484915e-02,9.945706346534355369e-02,5.491886421445261318e-02,4.858297947359056096e-02,-4.161132484640365364e-02,1.568341574862156321e-02,5.088491117564734184e-02,-2.878196303769536292e-04,6.983650875651934743e-03,5.152889788302870977e-02,5.391606193588717455e-02,9.811040245547202401e-03,-1.393703717312176626e-02,2.619097115905930431e-02,4.252799607579661745e-03,-3.600642082471636196e-02
-4.272753440352682758e-02,7.195779414684527753e-02,1.172646570770614349e-01,1.280695650860721735e-01,5.615750608662297555e-02,3.129872255304749773e-01,1.000000000000000000e+00,2.382550431930839652e-01,6.419123107721009733e-03,-8.317697088531995908e-02,-3.726673311567286345e-02,3.709785988666119277e-02,-1.410529871288712829e-02,-9.002410526622134325e-04,4.281007461574319432e-03,3.344052658862765870e-02,-1.383305098110524951e-03,-2.250970621221682830e-02,3.075792914246130993e-02,8.111365327224520638e-03,-1.960387259131658733e-02,-7.135193717522128609e-02,-4.610132576551011219e-02,-2.071355390454609341e-02,-4.948351128899712570e-02,7.812789245153228118e-03,-2.557169957905832541e-02,-5.360588376539994482e-02,-8.169272119852376279e-02,-1.890048381682217504e-02,-1.781360691105943195e-02,4.833612525153748439e-04,-1.223963809313489103e-02,-1.340749452291504357e-02,-7.443987659638198751e-02,-8.076637748354093330e-03,2.072903438478196012e-02,6.455646326817755798e-02,4.923945387153596392e-02,2.148426391177610945e-02,1.554657485950635895e-02,1.600340302015689289e-02,5.397653710344661737e-02,4.385426490964683399e-02,2.485787521617162030e-02,5.024725255890070963e-02,-1.972118304385828743e-03,-1.399781896739380957e-02,-8.026737736891531583e-02,-2.765537302105140066e-02,-1.803536459694638589e-03,-7.219474174711899839e-02,-2.093625802418894871e-02,-5.397692104499545590e-02,-4.266805473331716780e-02,-6.501585729565949323e-02,2.278580441561155884e-02,-3.727528638852278114e-02,1.003431425829622720e-02,7.386653095059292351e-02,4.172585840365766741e-02,4.931720100642181248e-02,2.812955087057730785e-02,3.265300202012506869e-02,-2.006954250022254665e-02,1.291648846751097986e-02,2.091120178957589504e-02,-3.958378936542869542e-02,-6.314386631097568259e-02,-1.464060081792223182e-02,-4.783197598414500040e-02,-4.337486226318802013e-02,-3.425336288612933905e-02,-5.540769063597946603e-02,-5.775191727042824213e-02,-2.132267846542109518e-02,-4.858725678560224526e-02,-4.553807119167450901e-02,-3.763124341996810368e-02,2.468972536059857795e-03,-3.389247456727151331e-02,-6.898720185638146894e-03,2.986328490084266818e-02,-8.705166341179614367e-03,2.459810295468726950e-03,1.769733939570916972e-02,3.416857361729758180e-02,1.987622229563125453e-02,5.256170724004845946e-02,1.962692688484376537e-03,-2.462895395151995515e-02,4.631616364576634365e-03,-1.275248306301957762e-02,-4.400296822342980585e-02,-3.924820452836811496e-02,-3.128968648923086127e-02,-3.002981034535727109e-02,-2.896556140311973629e-02,-5.667769650096708689e-02
1.516480306474348588e-02,5.458033224886293250e-02,3.035220458768228199e-02,2.257797897919107052e-02,1.540144405010129003e-01,1.343228089757765586e-01,2.382550431930839652e-01,1.000000000000000000e+00,2.434838429566833495e-01,1.099097069992142905e-01,2.446731453752358232e-01,2.267571793335383112e-01,2.076248368752563744e-01,2.190301524214189610e-01,1.312952136000342107e-01,4.782021937893823904e-02,7.162067101777003231e-02,6.870414474048815168e-02,9.406524124695990474e-02,6.575683642967879161e-02,-1.288784486231153888e-02,7.327599652508978885e-03,1.968074803510856674e-02,4.565102703087353664e-02,3.052573639598014921e-02,8.186585427276317495e-02,7.174980017390079901e-02,5.287650553528116387e-02,-2.938251136672552152e-02,-1.153753532650439971e-02,-2.255899952580336671e-03,3.061541482872981446e-02,-2.331446363549081677e-02,-1.707027683981164959e-02,-7.630662868599623339e-02,-6.998028026621670034e-03,3.549041734590654973e-02,7.415086346797693413e-03,-1.568091848824279891e-02,3.668568576505531337e-02,-6.711140622378236609e-03,6.181466450636352583e-02,7.708272161306184422e-02,1.790364524437243476e-02,4.949768866161142339e-02,3.797541294662780398e-02,2.591667272162816518e-02,5.349405855767358497e-02,-9.988876332754156526e-03,3.692008710209820910e-02,7.384056339051105200e-02,-3.103921672308397259e-02,2.506653059978090209e-02,3.022682442168341671e-02,-9.352201677099883370e-02,-5.950159668034457616e-02,1.901673582935984805e-02,3.604673944893226810e-05,1.180689731354412969e-03,2.722008716686776658e-02,-9.224814396324054755e-03,1.866589092849623918e-02,1.354604991974966283e-02,2.941366420281029889e-02,2.135107378516073670e-02,3.371930844832177285e-03,-9.601307741975066354e-03,-1.573404410786548302e-02,-1.657612584720448857e-03,-2.310455179435501327e-02,-5.725232806641238070e-02,-3.598402175483205595e-02,-4.592596973609454347e-02,-6.100107781442180854e-02,-4.792845861430928417e-02,-8.539543820179941458e-02,-5.040806761320445334e-02,-7.847928085052238711e-02,-9.214330601788545821e-03,6.756016710445844620e-02,-1.759714215478009117e-02,3.837560732069021652e-02,5.274070726708218054e-02,3.578743066296184022e-02,6.508994629709999313e-02,2.746782052626956308e-02,5.800074240712594503e-02,5.633916113979949708e-03,1.825295280549010801e-02,6.155738106350178845e-02,1.466904733003355533e-02,-3.667707568919336553e-02,1.269740745008404725e-02,3.910950942709574135e-02,-3.003153456514033592e-02,8.784601808726564404e-03,1.389063712549974509e-02,-1.148426860385333252e-02,-2.184865415437247174e-02
4.584439048629210083e-03,1.031837191785098806e-01,1.067957927096290505e-01,9.777869748138517947e-02,1.734834774089624720e-01,1.904632127641557870e-01,6.419123107721009733e-03,2.434838429566833495e-01,1.000000000000000000e+00,3.074726493621763868e-01,9.207737851398384299e-02,2.299105726538216432e-01,1.406851958161627336e-01,1.624235409310799683e-01,1.373221452762473371e-01,8.302713611347227810e-03,-1.833014916621178046e-03,7.186591090887871347e-02,9.293143299689582415e-02,7.473885084422572656e-03,-3.284417816347697666e-02,-1.887426907703902701e-03,4.375477437054794971e-02,3.941888255255671103e-02,6.346877247989474169e-02,1.122525697092712112e-02,1.041196622135148464e-01,7.665149102524469737e-02,5.476048753301472269e-03,1.187073811657012555e-02,-1.986210101600504804e-02,-2.845320515695119127e-03,1.139771488163639386e-02,2.083464597853188979e-02,2.102019283820017945e-02,3.224870900391441086e-02,3.034506257242156058e-02,-1.821921382312145093e-02,-1.221710745191657496e-03,2.245363950004775760e-02,1.661800398786150712e-02,7.360142870050050135e-02,-7.546016333773852315e-03,-3.305198879015940061e-02,-3.239223225948343471e-02,-1.097139973634975868e-02,4.346506297672764023e-03,2.864115877751449019e-02,-8.079387484955177084e-03,3.030237992939808708e-02,4.372708504916118788e-02,-1.754712642690857763e-02,2.372252523750219971e-02,-2.017541587265302486e-02,-3.266156651750644346e-02,-1.435158620915436174e-02,3.097685167972264245e-02,9.804936314800732564e-03,4.966766593584200778e-02,4.500408419083629791e-02,1.954739366823481789e-02,3.567218125871819689e-02,4.500831317382102820e-02,-2.597890802224127674e-04,2.823478594867280880e-02,3.313374851163134599e-02,3.997997239208515158e-02,1.686183205087673359e-02,4.011710316387672934e-03,-1.513429579516241755e-02,-4.058288440712035788e-02,-6.214608776520155406e-03,-4.208990073326819570e-02,-5.038049467642584378e-02,2.386474357613897236e-03,-3.385015847420806689e-02,-1.854564244726679065e-02,3.143250963038871776e-02,-3.776283719206762618e-02,1.655465673555017031e-02,-2.329671536152991967e-02,3.208858855032391266e-02,2.687822912910912618e-02,-9.144715944740909944e-03,5.404510420493070788e-02,3.960182527967878036e-02,3.738259670311579880e-02,5.415600844739457652e-03,4.992758156219902904e-02,5.381782464888001244e-02,1.133809277323412530e-02,-8.386866109660402052e-03,3.633908363212476345e-02,8.446923858880432678e-02,5.156365912326987822e-02,3.730265223414726272e-02,6.846317183480110646e-02,6.963745599524172325e-02,1.819710246366496031e-02
-7.086753509114792314e-03,2.956807441143045889e-02,-1.192954491698292735e-02,-4.586227524283249639e-03,7.548396345608933411e-02,3.191040791289098677e-02,-8.317697088531995908e-02,1.099097069992142905e-01,3.074726493621763868e-01,1.000000000000000000e+00,2.996201862818624884e-01,3.717497078996585547e-01,2.809441915503489984e-01,2.544131062835432444e-01,2.000216694105174664e-01,-1.495735012722740863e-02,4.409319518504568186e-02,6.633230246167305666e-02,8.869957125381568164e-02,-1.934080390369304070e-02,6.345339515233654540e-03,4.205604726903269114e-02,8.405601872853531165e-02,5.731751475316148453e-02,8.737003301707205183e-02,2.020423879326565392e-02,1.024447403390046085e-01,1.259824876834236551e-01,5.466716236026243625e-02,3.591875963581991210e-02,-1.758525594758889726e-02,-2.396580063097900407e-02,3.701162719661897638e-02,-1.148884090043158709e-02,6.828202030494026804e-03,6.942755406474913904e-02,5.115728276787528950e-02,-5.492964241973909145e-02,-1.049773768269642200e-02,2.905719802788169284e-02,-2.826893406585651719e-02,8.949988770386922698e-02,-5.814298352088675785e-03,-5.396656273229385320e-02,-1.224718213652937690e-02,-3.011427448627470096e-02,-1.570135274860663330e-02,4.158271260582060286e-02,2.042195644842147856e-02,-1.492308151424606537e-02,5.682909828056490614e-02,1.235204439495861742e-02,-2.407137631296119018e-02,4.402542366912662319e-02,1.647628131307422557e-03,6.136317157878772022e-02,7.157763337756710420e-02,8.280044244558662503e-02,8.175075157556295491e-02,5.933053202003588968e-03,1.968905425319261975e-03,1.855564531412326121e-02,-1.709444741855016287e-03,-2.625380922806544795e-02,4.982261234206983302e-02,1.876744768790831325e-02,2.220644026507456043e-02,-1.716929227301560931e-02,-4.077142261302112158e-02,-3.783764841041075550e-02,-3.958961989070802767e-02,-2.904904961308740763e-02,-4.687569470056211079e-02,-2.614021679941893467e-02,-1.753452504688287478e-02,-2.131779612608326532e-02,-3.937725833081281990e-02,-3.134060358297750121e-02,3.708001766745606075e-03,3.229234907086998493e-03,-1.581104131187278591e-02,1.731522957396240334e-02,3.131265237843024879e-02,3.552069915220806146e-02,6.028731373366737895e-02,4.461503534718355007e-02,4.694016815959441841e-02,4.804493683909859258e-03,1.858240393849667008e-02,8.302265352115204000e-02,3.380897754464839977e-02,2.358846017797831297e-03,1.025465896981989644e-01,6.557119547731891929e-02,1.787122850875461078e-02,-1.348689258233938190e-02,4.633102626688719028e-02,-2.262178789956604142e-03,-6.028424814327419841e-03
-5.666750761327427749e-02,5.370336941184226248e-02,1.342118537789538553e-02,2.157390313058070094e-02,3.883294309621124901e-02,8.317423895857553595e-02,-3.726673311567286345e-02,2.446731453752358232e-01,9.207737851398384299e-02,2.996201862818624884e-01,1.000000000000000000e+00,4.439259234056581738e-01,3.745500159897132142e-01,6.297127545775663693e-01,2.165270881737453301e-01,2.878196171811299789e-02,2.374863630582541851e-01,1.708470952441921709e-01,1.555439320669740888e-01,5.255386205755461365e-02,4.912738270467115198e-02,6.963978278174105807e-02,2.725324614470222770e-02,8.883439727343156456e-02,8.340609955347398630e-02,1.220306918594095402e-01,9.615231171257472564e-02,6.666253803849435389e-02,8.530397126506786276e-02,1.779563603014909859e-02,3.482545510109810727e-02,6.838541734447220466e-02,4.872492773206182209e-02,-3.465882889722087662e-02,-7.551590278659485195e-04,4.103511693804273719e-02,7.078580029486222780e-02,9.220835018179629168e-04,-1.984776686367636239e-02,6.067010121172963094e-02,-4.322524443485050577e-02,9.275450631874486429e-02,6.331267885681023111e-02,-3.477212121018940366e-02,3.101642317901953314e-02,4.062587107655259155e-02,4.098822050999388622e-02,6.488384908165417686e-02,8.736081745262364029e-02,-2.092087858340913042e-02,7.315680064647599179e-02,8.719140790127132001e-02,-1.122905164046229115e-02,6.719951801918015721e-02,9.983336633103270102e-03,1.729428763383761974e-02,6.589048697245260267e-02,3.395390008536781218e-02,2.514133207847614460e-02,-3.638085250809907495e-02,-3.278391976698384613e-02,5.449099998537108684e-03,-6.365883364433739394e-03,-2.532984895215327145e-02,1.480962967227370496e-02,-1.259111312696777583e-02,-1.496904850788471908e-02,-6.803833681729197502e-02,-5.452505408987049634e-02,-8.297341919173774338e-02,-5.651231261779166709e-02,-4.743863706767422611e-02,-7.309700586530175348e-02,-5.830202876892614378e-02,-2.231233433550419351e-02,-4.319451487866479700e-02,-4.819660180220005502e-02,-8.239883921937352085e-02,1.063013209935660154e-02,3.709326465682977192e-02,5.362626423168062768e-03,7.309450925184693415e-02,9.539039957843424566e-02,1.129206744533940432e-01,8.435475558294024123e-02,7.047276053484423375e-02,9.270041767209886985e-02,-5.032191563348858976e-02,-3.285496760690365808e-02,2.515384373853860392e-02,-1.090819263543869877e-02,-2.405596189386615888e-02,6.715662783166186089e-02,7.972843828150584511e-02,1.687015321437748336e-02,7.759674684468277454e-03,5.502736060172355725e-02,-2.165850061795450074e-02,-1.621054960553685448e-02
-1.941368126945678188e-02,7.517355459305127829e-02,1.923036020348079661e-02,3.310487303460252217e-02,6.018381036007598023e-02,1.072730881050777407e-01,3.709785988666119277e-02,2.267571793335383112e-01,2.299105726538216432e-01,3.717497078996585547e-01,4.439259234056581738e-01,1.000000000000000000e+00,4.205678734606442259e-01,4.856315458729311696e-01,4.250780910138877156e-01,2.112940410567942517e-01,2.555969172513785082e-01,2.004624144192219126e-01,2.151344793371963993e-01,6.532018227426428236e-02,2.313724811558341352e-02,4.274976457769427696e-02,3.654584335419587549e-02,4.165776502809263870e-02,5.395429318267568053e-02,6.804563272235890359e-02,1.079639141143408920e-01,9.252278701341840050e-02,5.325727424060802684e-02,-8.995274300432913941e-03,-3.085686277228804827e-03,-1.305273825482195296e-02,-1.164715399436834671e-02,-1.125703054695415505e-02,-4.805777517787382380e-02,2.031335815033590009e-02,7.822604301648654335e-02,4.254532892010771776e-03,-4.550406922084183903e-02,8.239629557235406132e-02,-8.791880575819458268e-03,9.346458565308031485e-02,8.588172210593540690e-02,-2.448386151393673951e-02,5.843386103080297489e-02,5.255660507257624292e-02,7.109982891299138075e-02,1.030236597093085738e-02,1.498682368553204414e-02,-4.385970576645093627e-02,1.195423851081818187e-02,3.908079841372236705e-03,-4.098371736707896035e-02,4.271531020665082085e-02,-1.693554620276026615e-02,4.850023307243352816e-02,9.829460421639391043e-02,8.152071545545677700e-02,1.085115406553040368e-01,1.133957557526134134e-02,1.938577923953477625e-02,7.831544062768796416e-03,1.107795290042276615e-03,1.305590305125365475e-02,4.008242341117968649e-02,-1.408039949691265724e-02,1.050373870794126321e-02,-4.557047150151906367e-02,-2.309577567152177810e-02,-1.158064763788114876e-01,-7.906388673577947890e-02,-5.204353609006927284e-02,-1.135472695094935092e-01,-6.645268028308969066e-02,-4.069325000320200142e-02,-7.020946255938968761e-02,-7.103217466596482843e-02,-5.835083211279634696e-02,-3.576029958264007047e-02,3.766394172310608829e-02,-2.983025041806830827e-02,9.552049661759644261e-02,5.409713250183054850e-02,3.221283909126623074e-02,1.028734128907028283e-01,7.509010997060121262e-02,6.720210040387573913e-02,-2.357947507821990876e-02,1.971813136337686317e-02,8.124701916534753099e-02,-1.661613814698975969e-02,-5.583686285670874357e-04,7.164257726754107158e-02,8.269071341038471135e-02,3.328905100830948510e-02,2.509838112160180448e-02,3.854427430939882243e-02,-1.259572309110327387e-02,-1.853069841681847726e-02
-1.673943384858329669e-03,4.913275933088027264e-02,-6.460741593745720872e-03,4.472146359180471584e-03,1.547179357032667625e-03,2.331246405893706158e-02,-1.410529871288712829e-02,2.076248368752563744e-01,1.406851958161627336e-01,2.809441915503489984e-01,3.745500159897132142e-01,4.205678734606442259e-01,1.000000000000000000e+00,3.950702460277735195e-01,3.222940975028418809e-01,1.561319988794825087e-01,1.650578937328885942e-01,1.475253674999711107e-01,1.286632178325031461e-01,2.702094895459635979e-02,4.283285988116555115e-02,7.401411496869010620e-02,5.098504832471137393e-02,2.848621887858421992e-02,5.276571324668014040e-02,7.931538966813429792e-02,6.575357012496638176e-02,6.343011704934423123e-02,6.173964668521465110e-02,1.956334642992867395e-03,1.090568467635313551e-02,-6.707098833192615475e-03,2.733278744331242571e-02,2.165091618080879944e-03,-1.665105235368631240e-02,3.911747770759797099e-02,7.307109893525821909e-02,-2.379173730180222240e-02,-4.404184047257808654e-02,3.946189880946122941e-02,1.696519462740825671e-02,5.860768182680330118e-02,4.073558120773509289e-02,-4.003978263873735760e-02,6.463704946828752358e-03,1.175203075437240147e-02,3.933141954211916147e-02,5.705526180365865646e-02,1.707339733266124635e-02,-2.850635887955135436e-02,4.973985077094431745e-02,2.080809834940757896e-03,-3.080805057958639279e-02,6.748563966804034357e-03,-4.365234530137350466e-02,-2.353944990821517716e-02,4.160000919189437568e-02,6.626045021888240030e-03,3.271085386302643311e-02,1.214668232803801061e-02,7.566252899406227320e-03,5.939426983863531351e-02,4.164089387089679045e-02,3.887511281354747578e-02,3.312794217886755321e-02,7.208015163417992588e-02,2.002238498566008898e-02,-5.746050852558056560e-02,1.279802144241015422e-03,-1.038673122511210717e-01,-2.561740517469102141e-02,-4.426619487335092980e-03,-9.376747437172293365e-02,-2.295248107110093791e-02,3.374451569083135316e-02,-2.480695749353995991e-02,3.107523580924516447e-03,4.193683733672119718e-04,-3.752241882578863374e-02,5.966643790114524795e-03,-5.325727936558728726e-03,4.986664153270296135e-02,8.376642580241214220e-02,2.314848466526416015e-02,7.011832868126836871e-02,7.589364256346500803e-02,6.095076468293654515e-02,-1.832800014127599145e-02,4.182179646214671115e-02,4.380740184956448402e-02,-2.650401767201382430e-02,-2.899815947320623886e-03,4.258752315595116383e-02,7.585368270657751044e-02,1.988783418869354350e-02,1.976156349632548007e-02,4.413430400428291350e-02,7.484814894019433361e-03,-5.717688986339300450e-03
-3.389569510525158869e-02,5.520721492119447932e-02,-2.944680178160228451e-02,-2.267327505066914911e-02,3.824083848986342682e-02,4.893344563617553489e-02,-9.002410526622134325e-04,2.190301524214189610e-01,1.624235409310799683e-01,2.544131062835432444e-01,6.297127545775663693e-01,4.856315458729311696e-01,3.950702460277735195e-01,1.000000000000000000e+00,2.927933350293535075e-01,4.064859089397891700e-02,3.483051346169401818e-01,1.940480992424003515e-01,1.693640623384397859e-01,7.423335955917023665e-02,2.257717524663103298e-02,6.013365829619900932e-02,3.558982642531246382e-02,9.432604723660192869e-02,7.600951167190425628e-02,1.038104555433639609e-01,9.087726332283647956e-02,3.808629734674028738e-02,6.848773216705851541e-02,-1.043229349292037166e-02,2.117975131121021051e-02,4.245792086333847332e-02,2.720306324713372623e-02,1.992595026461603091e-03,-2.478711775883110646e-02,2.888508173613463237e-02,7.422948734026980910e-02,-7.599457767439616197e-04,-4.942431658305009717e-02,6.041025705856723632e-02,-2.548502118471207556e-02,8.419388362689629590e-02,7.480390260386574064e-02,-2.624205797330085924e-02,6.888705276084201856e-02,6.677149044318600457e-02,7.155084916122092520e-02,4.416010395288589435e-02,6.850425032784973611e-02,-3.754357848893993127e-02,5.056408593331657847e-02,5.947772473081269079e-02,-2.611298100331573696e-02,4.603394459611607342e-02,-1.226522842332608380e-02,1.981723285558504438e-02,6.324462241196972256e-02,6.713638592020913787e-02,3.025859943116486137e-02,-1.142090662026730950e-02,-1.689669382122491181e-02,-1.714236178212439829e-02,-3.782679176128294729e-04,-1.193684722736619575e-02,1.367823799873296546e-02,-1.887881432785740513e-02,-3.168716231956655513e-03,-6.530652935328233599e-02,-3.085651927006953510e-02,-9.789722577207642107e-02,-9.246498252374631133e-02,-6.421424933012875869e-02,-1.079182416788140725e-01,-8.124149670184517558e-02,-2.958299764099122514e-02,-6.731872426976705237e-02,-6.550700170254207533e-02,-8.863745813038202692e-02,-2.688600164029145145e-02,4.310160039104656698e-02,2.131283725511147129e-03,9.170021084912848008e-02,1.037734733449455909e-01,1.134263316650021142e-01,1.097122254917009820e-01,1.023120673879382853e-01,1.119286925183975434e-01,-2.743343048081368224e-02,-6.208886446708495981e-03,3.453956207063408473e-02,-8.915836260282316433e-03,-7.354966248641178067e-03,6.986490732496228317e-02,8.711585911185654174e-02,4.281145919367436437e-02,3.316760039573615759e-02,7.613693937862489602e-02,-1.119266332745496272e-02,-2.228869327271945644e-02
-7.369302510817004465e-03,2.036171484626077624e-02,-2.255652496182807432e-03,2.596603356630261625e-03,7.283942352770703121e-03,4.068902738219926790e-02,4.281007461574319432e-03,1.312952136000342107e-01,1.373221452762473371e-01,2.000216694105174664e-01,2.165270881737453301e-01,4.250780910138877156e-01,3.222940975028418809e-01,2.927933350293535075e-01,1.000000000000000000e+00,2.903436509204823657e-01,2.428647988305205341e-01,4.168229316986878930e-01,3.567028362593614998e-01,2.652557162394980073e-01,7.854969574158901513e-02,1.318464166103778812e-01,9.070786997042436239e-02,4.268919314440970669e-02,1.144323869313822184e-01,6.689002316083836330e-02,1.149605324488234548e-01,1.290994326784572765e-01,8.629966514781164943e-02,-3.633401686208792775e-04,-3.201627493456115497e-02,2.223191495654391892e-02,-1.474515035985277979e-02,-2.030109276363617488e-02,-3.714293401403916117e-02,2.179620192152596087e-02,4.529111855552972465e-02,-1.801986683085366261e-02,-2.782558699085072723e-02,2.634769938695937647e-02,-2.578326612593557707e-02,6.028430167672131634e-02,1.161427955046919445e-02,-9.627850434686399672e-02,-4.200257985153572210e-02,3.497493039568303624e-02,8.011827567898517632e-02,9.422223129454722346e-02,4.775874285093441307e-02,-5.860626575205316394e-03,7.760057223259039794e-02,-9.209737718558480904e-03,-3.157297454714798335e-02,6.115690477212255144e-02,-7.447102572884101157e-02,-1.701125895806455957e-02,8.483223760160346627e-02,7.394477420520824407e-02,7.882401639171653096e-02,8.104771434288465803e-02,3.998525010976262950e-02,4.496171700927033277e-02,1.047287147267682850e-01,6.346420630722393597e-02,4.871288728986519767e-02,6.619862190863488871e-02,1.026588673106683218e-02,-6.735109894513359452e-02,2.744878490520805125e-02,-7.981322154738618169e-02,-7.327185415998292706e-02,4.808452871558044003e-03,-7.056682258656245266e-02,-6.503157250290482472e-02,-9.756946151446191373e-03,-4.582398780240664465e-02,-5.439382195207007054e-02,-8.105660517776509810e-03,-5.781407589206982028e-02,4.611578001956071621e-02,-2.140122788864654360e-02,8.057910571268556144e-02,5.097816892794375387e-02,3.183363524359113933e-02,1.004876000809698938e-01,5.287622911503063461e-02,6.645693278036617080e-02,2.120293192438933716e-02,7.190848606660703302e-02,9.752168553330915757e-02,-9.540831369455838804e-04,4.746855053190059126e-02,8.126385069968627972e-03,7.663885894865972437e-02,6.607886470518302413e-02,8.081478880635037387e-02,6.948634890390961716e-02,3.696493385891447270e-02,9.174185757408991060e-03
