1.000000000000000000e+00,4.085833634482966548e-01,3.408142271957960157e-01,4.112402272868052600e-01,2.025215604586282914e-01,2.108761281769730711e-01,2.009094123987974767e-01,6.803170289321784636e-02,1.216942600221187776e-01,1.351338554444466711e-01,1.138193623839836299e-01,7.561697512313370062e-02,2.522018211166428617e-02,3.563754286479881711e-02,-8.030086976853379951e-03,3.900873717141103286e-02,1.408485224270955745e-02,-4.275141370648046424e-04,-1.151000713539253144e-02,5.837616294338535822e-02,3.910863900634971996e-02,1.379566701157219043e-02,-6.618499388168544439e-02,2.454373283127279579e-02,-3.649042195497532309e-02,-3.212148394396306672e-02,2.632713671961418173e-02,-2.731466263156992480e-02,2.749003285066908310e-03,6.540215721854269332e-03,-1.566044483785240110e-02,4.726305704802499091e-02,-4.564435020829410612e-03,2.235219110522910016e-02,6.959864384804709259e-02,-3.646891449189474874e-03,3.396249212646497428e-02,-4.927196602971128936e-02,-8.015164228168796326e-03,-3.585737400639997519e-02,-7.599518866998519750e-02,-1.168370428414701109e-02,-3.882252154487226409e-02,8.927790837675100843e-02,6.225847933375286414e-02,-6.415268083284832168e-02,-6.580632600692203765e-03,9.248604094542059451e-02,9.360342502461631298e-02,-1.061547224932303697e-02,2.234271648508749653e-02,1.078058867836001813e-02,-5.992702361484121554e-02,2.461866725871358907e-02,2.487479895345534250e-02,-8.357989660672511534e-02,-3.477536244487321876e-02,1.568004654332101275e-02,-1.011851218789702224e-02,1.323477408610155464e-03,-1.810455354735667583e-03,3.601283306872198747e-02,3.869197800479499960e-02,1.336369581250604734e-03,1.321318408515735621e-02,6.629424544166122313e-02,3.396722283536313114e-02,-1.063447413013519499e-01,-6.217379930933679411e-02,-1.148103327074005142e-01,-2.633960217521440911e-02
4.085833634482966548e-01,1.000000000000000000e+00,3.758686710904974859e-01,4.731714458742044549e-01,3.863610279747745069e-01,2.286568563089615702e-01,2.466700569287645639e-01,9.129560121704133335e-02,5.612061388311612165e-02,8.673097330900805813e-02,3.324717730857004727e-02,2.630038495495970463e-02,-2.791955135826439810e-02,-3.885700730237559575e-02,-3.405532888820828052e-02,-2.832864733646995106e-02,-6.774632593428416005e-02,-2.243043365541975628e-02,-8.875582466427080208e-02,-2.601418709878825994e-02,-1.079422614039021386e-02,6.326058651881029393e-02,3.955657189400846319e-02,5.804514913166725076e-02,4.548459315338686249e-02,-2.017539750413346183e-02,3.947356694207615480e-02,1.828456266899187305e-02,-4.324914596302368436e-02,2.540702137360496479e-02,-1.435370057651359256e-02,2.495939095618790460e-02,4.637465873116552312e-02,8.683984030045283076e-02,1.165069664313274911e-01,1.567243873974645194e-02,1.993451576016124979e-02,-1.384680925270710856e-02,-1.091705403170231681e-02,-7.040209273510342203e-02,-1.830392069480072173e-02,-2.391255627528557012e-02,-5.736031833263153384e-02,3.103423573017336304e-02,2.201241334722082305e-02,-8.021605793423050579e-02,-4.587937263290671475e-02,4.553323523767856956e-02,6.434471810327745123e-02,-4.928572623322531598e-02,-3.366973748289297380e-02,-4.168560443906188517e-02,-1.143006015802692545e-02,4.928258367534212037e-02,-3.765947727641277831e-02,-7.511632290191248840e-02,-8.053142151503321286e-03,2.467281561004449914e-03,2.200978404240573269e-02,3.029308327560711195e-02,2.963960150365373483e-02,6.064006023837187342e-02,6.487031269851564752e-02,2.269893803731199908e-02,3.770519703252982885e-02,2.068321690321150291e-02,3.058740557769910537e-02,-8.105901520662241178e-02,-8.616006298216345727e-02,-1.549187580091166971e-01,-3.090928008384585812e-02
3.408142271957960157e-01,3.758686710904974859e-01,1.000000000000000000e+00,3.668361586023147769e-01,3.629122718100860068e-01,3.690451513112417148e-01,1.733073681185903769e-01,5.840764393995580978e-02,7.369725757929135312e-02,3.538628905595428420e-02,5.476399966083974474e-02,6.285818722791994967e-03,3.468204490518242682e-03,-3.301380433913282675e-02,5.240801956162966652e-02,6.514762749213671468e-03,-1.413136764170328311e-02,6.466244878086362113e-02,-3.819453267864582075e-03,-7.241851329377331503e-02,-3.808217148429483834e-02,-1.602994528683233250e-02,3.332639463180199491e-02,-2.012993650801910353e-02,2.088800995908821068e-02,-3.284665870230710216e-02,-4.072226988905876255e-02,5.672201191159549540e-04,-7.405757947811310304e-02,-1.777652482966597322e-02,-3.883244878689706692e-02,-4.232789926281235043e-02,1.287685474455264878e-02,1.581328331467368037e-02,5.726067617745796839e-02,4.994451225153484497e-02,2.457697266975311309e-02,4.947596134282029184e-02,2.707320160033983500e-02,-2.802272374712086803e-02,4.155947003197941331e-02,1.904264671029836514e-02,-4.063389107704045572e-02,-4.800705470388030166e-02,9.987125827121141886e-03,-2.209818297597433354e-02,-7.156234161556114526e-02,-1.407924295218068375e-02,6.203914861668045899e-02,-7.696315008312810957e-03,-4.846190584773819171e-02,-2.190971067881135066e-03,-1.777934432510773488e-02,-2.918111911390689622e-02,-4.264725157574596887e-02,-3.166776417070350791e-02,-3.796959794235912899e-02,-5.661450054786422437e-02,2.320462142305733388e-02,4.514749310980138534e-03,2.510745769074493663e-02,4.434466453599876512e-02,3.236864657282207541e-02,2.900354504241310638e-02,1.792534278287399863e-02,-2.069772003566326679e-02,4.408399995615933098e-02,-8.998137357684480794e-03,-2.176068544371895924e-02,-7.406040616765581508e-02,1.404909650841890123e-02
4.112402272868052600e-01,4.731714458742044549e-01,3.668361586023147769e-01,1.000000000000000000e+00,3.829088073509183121e-01,4.237754444354229766e-01,4.015046426294025528e-01,1.646242531371828466e-01,1.689504981367162539e-01,1.864991830879699775e-01,1.055972749346773820e-01,8.354783372586761792e-02,4.194206791650233190e-02,-9.860259890496310062e-03,5.302095961120773622e-04,-4.161124415520819214e-02,-1.277476242805553573e-02,-9.190704138580743296e-03,-2.285534101363221465e-02,-4.295769174400811130e-02,-9.368789379462133526e-02,3.263978952163863745e-02,2.223342624287751729e-02,6.541835122320004137e-02,4.941895188812334833e-02,6.204572190367881046e-02,3.160036257696281770e-02,5.287285934015709121e-02,1.689037885475329695e-02,8.013363575718603082e-02,6.629739671638071319e-02,7.023007604028239093e-02,9.596885515641993825e-02,1.238184934524937802e-01,8.320805014696444624e-02,-6.300217334755564558e-02,-4.959948488213842405e-02,-2.929031843285195835e-02,-5.223667386022776138e-02,-4.780778736908107562e-02,-3.997033459536075001e-02,-6.396779496626296690e-02,-1.054956087035881056e-02,4.693115982004479603e-02,-3.424734113278991854e-02,-8.374997171062673051e-02,8.491210565192407536e-03,5.188085963288723707e-02,2.281824099394953384e-02,-4.691385309643289481e-02,-2.843652890083207992e-03,-2.942542643630213089e-02,-3.899927997428488669e-02,5.520352975497266196e-02,-3.875077496560253715e-02,-5.156707417025262197e-02,1.710675316136948476e-03,-5.039604957059901427e-03,6.975906160339243219e-03,1.098710444166503888e-02,6.649409901981571253e-03,9.475257172750300994e-03,-1.164417420307559820e-02,-1.173308528671485051e-02,6.188535972210187572e-03,-2.973187788014337342e-03,2.714894979835572042e-02,-7.618499937876753447e-02,-1.310720599758763427e-01,-1.512860045163998135e-01,-9.374723823035219228e-02
2.025215604586282914e-01,3.863610279747745069e-01,3.629122718100860068e-01,3.829088073509183121e-01,1.000000000000000000e+00,3.650377591791399978e-01,3.262834021810616658e-01,1.554674541743480964e-01,9.956007144469983250e-02,1.177784304356763040e-01,9.989404525075178121e-02,6.202339447435112341e-02,1.735132157008893034e-02,-2.202598716494299363e-02,2.405554986984803981e-02,1.813464653378376104e-02,-1.417237796488284539e-02,2.165855306513988707e-02,-3.566723260050325139e-02,-3.496495614449646877e-02,-8.885983538212266497e-03,-1.475375854431420879e-02,-2.668875177976917732e-03,8.277932305728186039e-04,2.755329318386978829e-04,-2.238327267187380926e-02,-1.922686424549776077e-02,-3.680798080692673085e-02,-4.755990297599876904e-02,-3.544023007658231306e-02,-1.897596443055917783e-03,-4.006135596298783519e-02,9.918699222709697477e-03,1.268840545369488704e-02,4.144413761773732552e-02,1.987182542036842331e-02,2.815675841677272445e-02,2.932699003091279039e-02,4.384039055569145804e-02,-9.692763649744874296e-03,2.666382365824022938e-02,3.948893770943973092e-02,-2.887752644687525960e-02,-1.959703799950769307e-02,4.098489469618254999e-02,-1.940616657349985771e-02,-6.515968105200506399e-02,-7.248020696724668394e-03,1.029853902784686887e-01,2.655890320469270205e-02,-3.684124927835393665e-02,2.181717435013013837e-02,-1.858713374339113558e-02,-8.458709234507192981e-04,-1.624325085121252525e-03,-4.228902784941302589e-02,-7.136741181118276545e-02,-6.884358443130322858e-02,-2.275703016165187345e-02,-5.674458044057521799e-02,-6.005202654190463368e-04,5.942814185531394150e-02,3.371081288938875681e-02,6.817831089631824770e-02,4.203969597667582547e-02,-5.369323676250294108e-03,5.275986827465482115e-02,-2.526807914954559350e-02,-2.449163001879633289e-02,-7.278535206514090417e-02,1.901624907287943408e-02
2.108761281769730711e-01,2.286568563089615702e-01,3.690451513112417148e-01,4.237754444354229766e-01,3.650377591791399978e-01,1.000000000000000000e+00,2.785245288999314561e-01,1.662080250817145888e-01,3.175436862454085740e-01,1.887517914395912266e-01,2.467402813517318438e-01,9.831643349056579106e-02,6.288729611510318618e-02,1.826890015577236834e-02,3.889087220495961172e-02,1.772352619088801316e-03,6.008592020143348894e-02,4.145424497999442709e-02,4.218758050078919714e-02,-6.166191415608367893e-02,-1.102275571195044102e-01,-7.321565115549885649e-02,-3.259160814883931695e-02,-2.036279983290037801e-02,-9.266162982981062529e-03,4.403591035318164121e-02,-5.718471612882225497e-02,1.443849337085419300e-02,8.859370932160763601e-03,5.916286376927733237e-02,8.339259372410486038e-02,1.347483635900609093e-02,8.937727671401086982e-02,7.599127627539201124e-02,2.480214896280829792e-02,-5.880959440280664197e-02,-6.685331830220145322e-02,3.397663474793571892e-02,-4.049279132028184985e-02,-6.272302789007005996e-03,-2.440722985813673085e-03,-2.218410735866150132e-02,3.534809871701247164e-02,1.873236001612453572e-02,-5.119528114983955269e-02,-2.839919682809004253e-02,3.449402642406271952e-02,-6.810316616864773090e-03,1.390092902122946200e-02,1.772165856009727883e-02,5.779013882502609563e-03,5.137574410726380991e-02,-1.301579453779821635e-03,2.523761612515466879e-02,2.474756958073553916e-03,5.554531403225157829e-03,-5.097764009558514858e-02,-4.872570979806812447e-02,-3.798006332887930020e-02,-2.381351542386169265e-02,-3.826805532341102239e-02,-4.622204634659844713e-02,-8.063916440836116362e-02,-3.365902389165633529e-02,-2.487611858176612054e-02,-3.414896411099009599e-02,1.307275119202472649e-02,-5.503747463338062168e-02,-7.277501512855173715e-02,-9.831629250157762623e-02,-7.936307246163266937e-02
2.009094123987974767e-01,2.466700569287645639e-01,1.733073681185903769e-01,4.015046426294025528e-01,3.262834021810616658e-01,2.785245288999314561e-01,1.000000000000000000e+00,2.783488151236041541e-01,3.050512721933636984e-01,3.082940720588004391e-01,1.832046230506633733e-01,1.595649957568152089e-01,6.362450701462116220e-02,5.881541051979704421e-02,5.735909873467671428e-03,1.807772536688774176e-02,3.684320045657520082e-02,3.622492143571553677e-03,3.117072535842966164e-03,-2.120623719409836256e-03,-4.902729386719817395e-02,-8.455721169585127001e-04,-4.190379815091637566e-02,4.861500801893441082e-02,1.483318395712634498e-02,4.707789443689483488e-02,3.029651814365524193e-02,-1.349150828844678830e-02,2.304123654988416217e-02,4.082132113669193624e-02,8.631727178508995235e-02,6.468454225319730799e-02,8.648895050520293004e-02,9.697750823416920185e-02,5.264742220085211200e-02,-1.174517018610273800e-01,-5.379560507495657895e-02,-6.608365855125837574e-02,-4.723828798596068496e-02,-1.506285667205554913e-03,-9.481938107643284042e-02,-3.206325248055083565e-02,2.492027705795827469e-02,1.053052546450368165e-01,2.553453661836321137e-02,-6.102612786157637914e-02,4.081532666299975132e-02,8.910734489257353397e-02,3.800931124348211343e-02,-2.113403329800997085e-03,6.024664086416895575e-02,-1.381946771635118865e-02,-6.697052041029245839e-02,8.698361908866152070e-02,2.349830743994097901e-02,-5.204815426342324081e-02,-3.034018548221740358e-02,2.910403676545600393e-02,-1.520683574126679982e-02,2.257827586180909812e-02,-5.162537868151045872e-03,-5.473961877018953398e-03,-4.071386816267581060e-03,-2.414645107051877071e-02,1.675002701927503709e-02,8.113205544214481535e-02,8.446723301527131467e-02,-1.216586739742990392e-01,-1.146732113048072044e-01,-1.709976778716980894e-01,-9.829190478392944852e-02
6.803170289321784636e-02,9.129560121704133335e-02,5.840764393995580978e-02,1.646242531371828466e-01,1.554674541743480964e-01,1.662080250817145888e-01,2.783488151236041541e-01,1.000000000000000000e+00,3.139822174802990862e-01,4.542788185951865954e-01,3.685052014826314948e-01,7.762017896590332755e-02,4.505290501273662845e-02,4.941318728771345453e-02,-1.369824874762886474e-02,2.654723254548399525e-02,4.990799799273679810e-02,-3.803218735095720976e-02,3.132608561189543367e-02,1.834196140602161948e-02,-6.043148000514713541e-02,-1.389536124840069255e-02,-6.625361967477301495e-02,2.939948537974463455e-02,1.948473275672566200e-03,4.543228822833234037e-02,7.300112361754180091e-04,8.976983269505581925e-03,2.108457313917996845e-02,3.176050590770286564e-02,9.142258568654679229e-02,2.751007327239781211e-02,8.207024643675317477e-02,8.826225176559110430e-02,-4.227356196768630725e-02,-1.286147419453839424e-01,-1.063436940850925189e-01,-3.392946029455846946e-02,-5.051575810147445472e-02,5.014908893717930777e-02,-6.380879417139723175e-02,-2.358745117198988300e-02,6.993568263227591120e-02,7.599231887653255801e-02,-5.642039098736640994e-03,-2.112210675637543264e-02,8.823027633622615440e-02,5.881289703367190147e-02,5.231212967714520337e-03,1.579741490987704878e-03,4.084760866132718105e-02,-5.259294858599189437e-03,-4.556686495946005860e-02,7.990335635187532926e-02,6.071198809395601803e-02,-2.194171250004818899e-02,-1.579948088476652163e-02,5.124864836254326705e-02,-4.523507686573895875e-02,5.484471827026018292e-02,-7.276212159740725639e-03,-7.351078924400576697e-02,-3.541005933607680595e-02,-7.909518178780793052e-02,-1.759022152411125403e-02,1.909242357019113809e-02,-4.889057091577844738e-02,-9.914610545456883917e-02,-5.473221215535083867e-02,-5.590466291609687971e-02,-8.594108251320184411e-02
1.216942600221187776e-01,5.612061388311612165e-02,7.369725757929135312e-02,1.689504981367162539e-01,9.956007144469983250e-02,3.175436862454085740e-01,3.050512721933636984e-01,3.139822174802990862e-01,1.000000000000000000e+00,3.644018574879276939e-01,6.098222752904437494e-01,2.411194547877878736e-01,3.393063146075780360e-03,4.037105408989997285e-02,2.555104989982085947e-02,-7.917951614539928823e-03,1.122126085262208361e-01,1.644882452490256664e-02,5.520208559395217013e-02,-7.055090761002157096e-03,-1.121327521736627808e-01,-7.656228590466798711e-02,-5.632158148845466811e-02,4.891275930962653805e-03,1.310794508057160600e-02,1.182499765441810124e-01,-4.386120989213141558e-02,4.381272826883798183e-02,5.248442043874775031e-02,9.255209084244266082e-02,1.064211811376594846e-01,8.087260409443298992e-02,1.381364760337988606e-01,1.144025580897126970e-01,3.955867463735643699e-03,-1.651514944896132209e-01,-1.424448838502644921e-01,-7.747299995299206099e-02,-9.328642094123706929e-02,2.773898412275637229e-02,-5.998030485829766029e-02,-6.727618798672409250e-02,7.623716953498056725e-02,5.932184267039297687e-02,-4.595726977818897357e-02,-2.611317458652152868e-03,1.280774758421429071e-01,3.723623580764819085e-02,-2.951811263332464186e-02,9.274017341142800491e-03,5.898567667623439564e-02,1.780621220497854984e-02,-3.525741637843738535e-02,6.142233091409354806e-02,7.788789790672943913e-02,-2.576965962910071628e-03,2.606511419482633943e-02,1.023046961058143578e-01,-1.405511104974870550e-02,4.817142580722524187e-02,-6.659164607899775712e-02,-7.816123763880997166e-02,-1.434355454404315500e-01,-1.072106690091669118e-01,-4.359803263420972130e-02,3.312442672204132278e-03,-1.169632537117601574e-02,-1.055065013638559757e-01,-1.344841457149529296e-01,-1.325571891687401527e-01,-1.724755516461743687e-01
1.351338554444466711e-01,8.673097330900805813e-02,3.538628905595428420e-02,1.864991830879699775e-01,1.177784304356763040e-01,1.887517914395912266e-01,3.082940720588004391e-01,4.542788185951865954e-01,3.644018574879276939e-01,1.000000000000000000e+00,3.354791804909963426e-01,2.462307614502444453e-01,1.222389376342941231e-01,1.220740310439494825e-01,6.385291281386146212e-02,1.881505229006704902e-02,1.400611153921838548e-01,-6.248213740463299387e-02,1.336564459120990200e-01,1.207207134657539011e-02,-1.278134750302290512e-01,-5.697066785665293870e-02,-1.207885982336514286e-01,5.475831093327140908e-02,-1.616131616154008882e-02,1.740863266713107982e-01,2.524735496466949669e-02,3.857001116497181525e-02,1.619686678548984127e-01,1.277095985276913703e-01,2.349540711021017581e-01,1.895225711181666439e-01,1.900135560242167954e-01,1.973926004895253661e-01,-4.711038483527445891e-02,-2.265463735765763931e-01,-1.850667631225498544e-01,-1.224515928085555816e-01,-1.466794221658578035e-01,5.263303458132309598e-02,-1.620919763516609491e-01,-1.468538099576616185e-01,1.175231378761543016e-01,1.937074282309422801e-01,-9.055882037528628636e-02,-9.644183345582746369e-02,1.712677497984998742e-01,1.500708161495918624e-01,-6.142745871593133233e-02,-8.901507982399624666e-03,1.499578071205128760e-01,2.092686089372553307e-02,-1.378695862620676338e-01,1.423474095062552958e-01,1.919061466496833068e-01,5.037187320395904080e-04,-4.637666206315001899e-02,7.647375646349428846e-02,-1.104528872625755997e-01,2.592022475720643857e-02,-3.036733842871503983e-02,-1.445057083846625623e-01,-1.249501665055795380e-01,-1.763179493681690246e-01,-1.024686488355752295e-01,3.764537322258145607e-02,-6.034060516372563576e-02,-1.615300874942650344e-01,-1.877489031741247649e-01,-1.092870858749176027e-01,-1.977601054684913207e-01
1.138193623839836299e-01,3.324717730857004727e-02,5.476399966083974474e-02,1.055972749346773820e-01,9.989404525075178121e-02,2.467402813517318438e-01,1.832046230506633733e-01,3.685052014826314948e-01,6.098222752904437494e-01,3.354791804909963426e-01,1.000000000000000000e+00,2.656372145496485038e-01,7.812418913217409472e-03,1.025271245878807552e-01,5.590646562562880811e-02,9.136724338902828257e-02,1.480910194476665331e-01,1.008054760248209766e-02,5.796011407424644934e-02,6.621342461883253372e-02,-3.522259763881570999e-02,-8.643811803082127043e-02,-1.267424730297987412e-01,-2.386193900587861572e-02,-6.188303880209732738e-02,5.117376359621591403e-02,-6.601613415435322874e-02,-4.257882038909575895e-02,1.016623095743200006e-02,6.309619426555202436e-03,4.753566347784722590e-02,7.520177244670968666e-03,6.109998603186922450e-02,3.905388628760976533e-02,-4.432663951792450291e-02,-1.384428678919137901e-01,-9.126647424570867584e-02,-4.280502903954522959e-02,-9.811268815850681876e-03,6.355204370486122745e-02,-4.407816330347429090e-02,2.025725066627018581e-02,6.113809560107091867e-02,4.527259829056926033e-02,3.160603760863539557e-02,4.140111134159177309e-02,8.514405476752900936e-02,3.700341711260485278e-02,6.760346092411811947e-02,3.509321908038548488e-02,2.602171189671630483e-02,4.528988443914075401e-02,-3.168905580442347297e-02,2.097849118959611847e-02,1.132105947707636590e-01,3.608984937692627515e-02,-9.941220644438529194e-03,1.021424698894194405e-01,-3.432936193156235771e-02,5.492558320234843666e-02,-3.966348082238580625e-02,-7.149907468268203170e-02,-9.329745065759564859e-02,-1.038125213654271517e-01,-6.247243576455276809e-02,2.848763877558544225e-02,-1.130916680374707307e-02,-8.609677567884116423e-02,-5.141175076624496937e-02,-8.041374437019754851e-02,-1.039121426656621772e-01
7.561697512313370062e-02,2.630038495495970463e-02,6.285818722791994967e-03,8.354783372586761792e-02,6.202339447435112341e-02,9.831643349056579106e-02,1.595649957568152089e-01,7.762017896590332755e-02,2.411194547877878736e-01,2.462307614502444453e-01,2.656372145496485038e-01,1.000000000000000000e+00,3.034687293541745157e-01,1.416847926834257643e-01,9.743318329718182735e-02,8.305463830564827066e-02,2.020236978508237746e-01,6.338578529180893643e-03,1.369175585959520602e-01,2.304844660039575069e-02,-7.819117699374820984e-02,-8.094719412257241065e-02,-1.427794858036328107e-01,1.499295585008779234e-02,-8.655617663862794076e-02,1.325727140136119253e-01,-8.915541786298719629e-03,-3.713536934887973207e-02,1.058275389948272888e-01,2.573722557581972770e-02,1.740957889685784965e-01,1.116092805640611918e-01,1.224445586766202826e-01,1.688912144971984886e-01,-6.131977430866403928e-02,-2.095288945563746896e-01,-1.351044413013389456e-01,-1.241522346402193638e-01,-6.075900093352385595e-02,4.437064143258741961e-02,-9.194694177377647770e-02,-6.261592935285556494e-02,9.187406664037596482e-02,1.433888384454177767e-01,-6.345580032841727225e-02,-3.503668818709920058e-02,1.278896739307118224e-01,4.460907082117129829e-02,-2.148266113751385112e-02,7.551023952387263261e-02,8.198605437989829603e-02,1.222030503590468553e-01,1.626472010919745650e-02,6.802017237242860559e-02,1.588472715865607010e-01,1.148442922027888002e-01,-8.990824396634469751e-03,6.732207864026740207e-02,-8.701165956692000214e-02,-3.113257668644921032e-03,-6.836651290936927861e-02,-9.485892666726306044e-02,-1.407017556411000736e-01,-1.672194169680764897e-01,-1.322936223350858753e-01,-3.748444133431956538e-02,-6.475013348061110785e-02,-1.234393550928919864e-01,-1.307899823436932396e-01,-5.825245712825841832e-02,-1.584858319537372218e-01
2.522018211166428617e-02,-2.791955135826439810e-02,3.468204490518242682e-03,4.194206791650233190e-02,1.735132157008893034e-02,6.288729611510318618e-02,6.362450701462116220e-02,4.505290501273662845e-02,3.393063146075780360e-03,1.222389376342941231e-01,7.812418913217409472e-03,3.034687293541745157e-01,1.000000000000000000e+00,3.581142364223214303e-01,2.729363160000987665e-01,3.069405927342455098e-01,3.903703986963448225e-01,9.121236411605779248e-02,3.548199730283544961e-01,1.168039297318518854e-01,-4.440020695494527325e-02,-1.247524151167893336e-01,-3.139273816588538657e-01,8.490604558956220405e-04,-2.612494534996827600e-01,1.013642196686196095e-01,-4.103837006660829984e-02,-1.901974692886360119e-01,1.138333662666924928e-01,-7.612066377715356880e-02,1.916367425243597766e-01,8.931230434634893078e-02,1.744402445031764844e-03,1.563636557282374051e-01,-9.918454560104020268e-02,-2.470871811964738263e-01,-6.555037043021813559e-02,-1.211925102799510795e-01,-2.085160789074751858e-02,7.217122784577503780e-02,-2.231907319369408338e-01,-1.622881585504482721e-02,8.690145108330492307e-02,2.999863619801131365e-01,3.054946711194041556e-02,-4.260530738326811367e-02,1.932099783662844517e-01,2.265113121130172547e-01,8.604565910534406337e-03,1.054622189164044488e-01,2.442691943154063072e-01,2.545649926140496344e-01,5.977911071931517328e-02,1.526424450238567931e-01,2.444339345277350140e-01,2.326328419488092047e-01,-2.463910610890884118e-02,-1.832549566523130821e-02,-1.734500037030700104e-01,-4.882959849877648029e-02,-3.533622705953946841e-02,-1.713190759099418869e-01,-1.396028205156538693e-01,-2.050780521626249797e-01,-1.112921502365815385e-01,1.007808173897645210e-01,-1.207951948720143581e-01,-2.765898047290210049e-01,-9.859627448367705438e-02,-8.362814422418293758e-02,-1.239474849625092495e-01
3.563754286479881711e-02,-3.885700730237559575e-02,-3.301380433913282675e-02,-9.860259890496310062e-03,-2.202598716494299363e-02,1.826890015577236834e-02,5.881541051979704421e-02,4.941318728771345453e-02,4.037105408989997285e-02,1.220740310439494825e-01,1.025271245878807552e-01,1.416847926834257643e-01,3.581142364223214303e-01,1.000000000000000000e+00,3.877199854457403227e-01,4.828035842274124301e-01,5.419554396197896473e-01,-4.260220003507254188e-02,4.387434161454525361e-01,3.538181010806265014e-01,-7.079945995194515153e-03,-4.551808003049647583e-02,-4.645820647253924851e-01,9.548115677168238224e-02,-3.268078699157040412e-01,1.356883878458508830e-01,4.738762825972624854e-02,-3.189281475711133185e-01,2.859690440179278315e-01,-1.111060963360936543e-01,2.499074802162628561e-01,1.451666269337568149e-01,-4.391860207857034570e-02,1.120832121435561407e-01,-7.454179516573233855e-02,-2.333600531321889937e-01,-4.602796204095973773e-03,-2.682170812744143484e-01,-5.758070081142407926e-02,7.709522429206752681e-02,-2.991470464094133641e-01,-1.145583431011172604e-02,9.632082997478505493e-02,4.196711448638989483e-01,9.273314624603229417e-02,-7.294770573311398776e-02,2.469104566867459660e-01,4.158860443002477258e-01,1.460136614881513972e-01,6.457067162329721425e-04,3.532962045559592812e-01,3.184324330641870038e-01,-1.573302081803810981e-01,5.544809724254271682e-02,3.527843096284151159e-01,1.518899478874245756e-01,-6.889817206853646528e-03,5.887587519196878227e-02,-8.640709233638420306e-02,4.558230292985381016e-02,1.608063889658479031e-02,-1.521453419273108842e-01,-9.910608054324956950e-02,-2.766601943862252444e-01,-2.405396846492906249e-01,9.026180553471770118e-02,-8.901494864959978714e-02,-2.742408150403925493e-01,-1.428836416596883374e-01,-5.999151787955054466e-02,-1.514054641113830590e-01
-8.030086976853379951e-03,-3.405532888820828052e-02,5.240801956162966652e-02,5.302095961120773622e-04,2.405554986984803981e-02,3.889087220495961172e-02,5.735909873467671428e-03,-1.369824874762886474e-02,2.555104989982085947e-02,6.385291281386146212e-02,5.590646562562880811e-02,9.743318329718182735e-02,2.729363160000987665e-01,3.877199854457403227e-01,1.000000000000000000e+00,3.603862207710712418e-01,5.882496761850761757e-01,3.055532107556270249e-01,4.632359052919567954e-01,-1.023775884317063706e-01,-1.292051103561736858e-01,-4.937120182935864632e-01,-2.049955772440446577e-01,-3.265060906056731493e-01,-3.315993683006864257e-01,8.079659360434243709e-02,-4.169892113116972499e-01,-2.823379649521102763e-01,-1.102056947643108124e-02,-1.647202168232667074e-01,2.632802666187136209e-01,-1.100040477862970767e-01,1.183107785470695617e-01,-1.145631377687969001e-02,-2.039725058442132533e-01,-2.534600331510140914e-02,-1.852241354885382496e-02,2.006303973145193986e-01,1.284991914684085745e-01,3.516004882440926793e-01,9.814051096284936992e-02,1.723404721180281929e-01,3.648027691659599392e-01,7.569456873379634687e-02,-1.548057251448747562e-01,2.815720757735291069e-01,2.923488940830850646e-01,-1.607736299454206805e-02,1.346794705699464433e-02,2.829962268207043552e-01,2.627358365713705068e-01,6.991602347027092712e-02,-1.888854624650239955e-01,1.795510900086067507e-01,3.252582122998659564e-01,1.629511029607035588e-01,-2.732746911046023408e-01,-1.172195305356382722e-01,-3.607702293778152769e-01,-3.035042002477565948e-01,-2.846664273160233183e-01,-2.983433288746045742e-01,-2.970716053267896117e-01,-1.266454120332237698e-01,-1.842090741242386753e-01,4.181605050840263293e-02,1.234012195994007993e-01,-1.567961296314243913e-01,-1.218336930481475448e-02,-9.313750152574083729e-02,-1.000881494012214601e-01
3.900873717141103286e-02,-2.832864733646995106e-02,6.514762749213671468e-03,-4.161124415520819214e-02,1.813464653378376104e-02,1.772352619088801316e-03,1.807772536688774176e-02,2.654723254548399525e-02,-7.917951614539928823e-03,1.881505229006704902e-02,9.136724338902828257e-02,8.305463830564827066e-02,3.069405927342455098e-01,4.828035842274124301e-01,3.603862207710712418e-01,1.000000000000000000e+00,4.789861800941149217e-01,4.289150544631831208e-01,3.905542961482533770e-01,4.299050140283849353e-01,4.006693746296371428e-01,-2.598651441814134322e-01,-5.739997244843245694e-01,-3.277094735820791360e-01,-6.424968666375386883e-01,-3.808618202909738182e-01,-3.406659580441358526e-01,-5.999919701412094186e-01,-1.150589559778265047e-01,-4.016590893603190215e-01,-8.760819063136185067e-03,-2.443209755131022232e-01,-2.453981362853917825e-01,-1.448028909029877298e-01,-2.179470202657371181e-01,6.074356503836993854e-02,2.903574383429213257e-01,1.040075993999758225e-01,3.537139127864315502e-01,2.397084015500282050e-01,-5.112866193851214186e-02,3.748951077300805568e-01,2.592636079727831527e-02,1.293144391475457011e-01,2.787320369725722058e-01,2.458786882597390200e-01,6.712338909646882977e-03,2.047753384452458691e-01,4.122187529680980678e-01,2.771772963957478964e-01,1.455148002012300046e-01,1.828134894610409789e-01,6.289812028125807419e-02,1.163341262928460768e-01,1.685411442425136797e-01,4.040044853248323659e-02,-2.394599543518479423e-01,-1.388136618371396402e-01,-1.966181390548356611e-01,-1.271217317594975360e-01,1.784066503343963508e-02,-8.922912800652835208e-02,3.483243364907087636e-02,-1.257996065490270959e-02,3.536230013543426726e-02,2.012199351439855344e-01,-2.250701610312408341e-02,-3.303348935793485874e-01,3.124030793737213596e-01,2.750083447480949558e-02,2.672286647964151052e-01
1.408485224270955745e-02,-6.774632593428416005e-02,-1.413136764170328311e-02,-1.277476242805553573e-02,-1.417237796488284539e-02,6.008592020143348894e-02,3.684320045657520082e-02,4.990799799273679810e-02,1.122126085262208361e-01,1.400611153921838548e-01,1.480910194476665331e-01,2.020236978508237746e-01,3.903703986963448225e-01,5.419554396197896473e-01,5.882496761850761757e-01,4.789861800941149217e-01,1.000000000000000000e+00,2.238612628836453289e-01,7.011182950910669343e-01,7.231064705131713677e-02,-1.327495848411923696e-01,-4.580548666193385299e-01,-4.691663431021100283e-01,-2.073994772203036352e-01,-4.535650117371175516e-01,2.099901454467176520e-01,-3.097350664276992127e-01,-3.086783389862178817e-01,1.888958249864469974e-01,-3.042452503120685048e-02,3.906583870410499926e-01,6.997164360981097952e-02,1.655873563482758437e-01,1.389967249558945739e-01,-1.861392844751072195e-01,-1.939244083325760148e-01,-7.959088491762046635e-02,-1.414151669236265313e-02,-3.312980194526035649e-02,2.219289948282914537e-01,-1.323993865962609096e-01,-6.765889973392925916e-03,3.034378817914210602e-01,2.583651054679990677e-01,-1.551343682094245557e-01,1.351384879127697225e-01,3.771176697816727152e-01,1.997790552000110187e-01,1.124153672782856120e-02,1.986879253613242635e-01,3.572201285778601743e-01,3.138480957354447543e-01,-8.715881680780178387e-02,1.601409331304286809e-01,4.421987454956659569e-01,2.788867098375798492e-01,-1.065767664142515114e-01,1.785062666961950706e-02,-2.845953171639120094e-01,-1.281417883134908786e-01,-1.795953535490669162e-01,-3.543028970174795234e-01,-3.414825345980488924e-01,-3.371615093549398257e-01,-2.828769552202345383e-01,6.283349164593934888e-02,-1.249587819351398454e-01,-3.708825082196460787e-01,-9.942614170080549263e-02,-8.968657653686919196e-02,-2.106865677990850949e-01
-4.275141370648046424e-04,-2.243043365541975628e-02,6.466244878086362113e-02,-9.190704138580743296e-03,2.165855306513988707e-02,4.145424497999442709e-02,3.622492143571553677e-03,-3.803218735095720976e-02,1.644882452490256664e-02,-6.248213740463299387e-02,1.008054760248209766e-02,6.338578529180893643e-03,9.121236411605779248e-02,-4.260220003507254188e-02,3.055532107556270249e-01,4.289150544631831208e-01,2.238612628836453289e-01,1.000000000000000000e+00,2.082691723307632248e-01,-2.043982509933411906e-02,2.434299589641983896e-01,-4.463210407079780673e-01,-1.505122297996187020e-01,-5.472383189968047512e-01,-3.747152701380092044e-01,-3.274354002527587459e-01,-5.301125007151838986e-01,-2.798117043295335060e-01,-2.381762790976993671e-01,-2.117674525599033408e-01,1.608201565158469057e-02,-3.003646073231520108e-01,-6.122906740739472720e-02,-2.083159833246379100e-01,-2.505076094063508063e-01,1.740433873312158264e-01,1.809063719445960228e-01,3.989315016166883332e-01,3.440735847385807400e-01,3.775925971802435721e-01,2.382714865857985809e-01,3.602434470193709437e-01,2.500222549098456426e-01,-1.847153854545514340e-01,-2.181633685891047614e-02,4.357186616466687257e-01,7.028807215222469817e-02,-2.031524318204595558e-01,1.156427164802052154e-01,4.359892937800946555e-01,5.867488514520449727e-02,-1.218910845168566792e-01,5.103715071328873004e-02,2.341305346561483314e-01,-1.886096133105841927e-02,-1.304877129972751848e-01,-3.218735476259080297e-01,-3.469967764847449176e-01,-3.042701447200806264e-01,-3.185901337815983947e-01,-1.316967664165377139e-01,-1.607723851785926306e-01,-1.396508814205232873e-01,1.082449112830736609e-01,5.056303939734388408e-02,9.290347922142581927e-02,2.160575226704539720e-01,-1.433865894012894548e-01,3.426841718824190086e-01,-1.589564035642788281e-02,2.110772209267963162e-01
-1.151000713539253144e-02,-8.875582466427080208e-02,-3.819453267864582075e-03,-2.285534101363221465e-02,-3.566723260050325139e-02,4.218758050078919714e-02,3.117072535842966164e-03,3.132608561189543367e-02,5.520208559395217013e-02,1.336564459120990200e-01,5.796011407424644934e-02,1.369175585959520602e-01,3.548199730283544961e-01,4.387434161454525361e-01,4.632359052919567954e-01,3.905542961482533770e-01,7.011182950910669343e-01,2.082691723307632248e-01,1.000000000000000000e+00,9.812486731967705322e-02,-1.061440800689425201e-01,-3.597553218092755523e-01,-4.171552695746181261e-01,-1.400839599282260317e-01,-4.033849310192566540e-01,2.161288596989817679e-01,-2.535195801513482894e-01,-2.773844017457261502e-01,1.994390884189010671e-01,-7.690706739953777349e-03,4.023841617112952629e-01,7.844586627214833463e-02,1.548013727447800636e-01,2.027566201953626968e-01,-1.419146259095456220e-01,-1.678931490793441617e-01,-8.376601352648728460e-02,-2.674127729304985601e-02,-1.456493406795737917e-02,2.002769382610058435e-01,-1.123181973289581470e-01,-4.229092706534239715e-02,2.852596174965926212e-01,2.708813372127124586e-01,-2.155512579031715059e-01,8.173685089051402342e-02,3.737007173396841853e-01,2.221624716477911265e-01,-3.063209298715204726e-02,1.260397680702905199e-01,3.675927390144583251e-01,3.471593481296206818e-01,-8.019217446265984595e-02,1.079997578951073650e-01,4.213719113876236988e-01,2.614204109928661701e-01,-5.610766677767474453e-02,2.585234655848242177e-02,-2.433471180336136963e-01,-1.112818592644972820e-01,-1.642704514520396397e-01,-3.722116568802810166e-01,-3.655739384770595457e-01,-3.672443256977223069e-01,-2.919277716641655029e-01,8.011366386753092025e-03,-1.918160925812822937e-01,-3.419471061270069612e-01,-9.473956281591823514e-02,-3.313353849189001193e-02,-1.874956107161965813e-01
5.837616294338535822e-02,-2.601418709878825994e-02,-7.241851329377331503e-02,-4.295769174400811130e-02,-3.496495614449646877e-02,-6.166191415608367893e-02,-2.120623719409836256e-03,1.834196140602161948e-02,-7.055090761002157096e-03,1.207207134657539011e-02,6.621342461883253372e-02,2.304844660039575069e-02,1.168039297318518854e-01,3.538181010806265014e-01,-1.023775884317063706e-01,4.299050140283849353e-01,7.231064705131713677e-02,-2.043982509933411906e-02,9.812486731967705322e-02,1.000000000000000000e+00,4.841218903695880260e-01,3.222553328193008548e-01,-4.316754703880633648e-01,9.083261856513100141e-02,-3.499351796927281932e-01,-2.758297468185071932e-01,1.505158686371063370e-01,-3.505389540204418841e-01,9.123245419236480913e-02,-2.166039163290996161e-01,-7.752515145189464718e-02,-1.107626236588606788e-02,-2.634760433429180759e-01,-6.018364393974025978e-02,-2.708839872368952115e-02,1.570409872596817066e-02,2.737147308632087439e-01,-1.378087367332212210e-01,1.885702070072328151e-01,-3.745216805339042498e-02,-1.823153877929321598e-01,1.545441355810485140e-01,-2.249410980113882852e-01,2.007606209390017105e-01,3.297887212182350480e-01,-7.205714102420139600e-02,-1.413018728911561439e-01,3.174851005551663219e-01,4.287922895544607482e-01,-2.112071051848775707e-02,-2.657267508872497141e-03,2.314564852307299803e-01,9.140400594983630334e-02,-8.726661884154307547e-02,3.300773713060858178e-02,-3.993405042541229438e-02,-3.066657824264150053e-02,1.479386812694190659e-02,7.202779915646247144e-02,9.330053033595145373e-02,1.962930829632695551e-01,8.472386265127374028e-02,1.895258165165241981e-01,3.390778571247840545e-02,5.793208679634878622e-02,5.460985221338517798e-02,-1.842128903252041872e-01,-1.670943899923588993e-01,2.023348032212100300e-01,1.962826895612367339e-01,2.596452806724847684e-01
3.910863900634971996e-02,-1.079422614039021386e-02,-3.808217148429483834e-02,-9.368789379462133526e-02,-8.885983538212266497e-03,-1.102275571195044102e-01,-4.902729386719817395e-02,-6.043148000514713541e-02,-1.121327521736627808e-01,-1.278134750302290512e-01,-3.522259763881570999e-02,-7.819117699374820984e-02,-4.440020695494527325e-02,-7.079945995194515153e-03,-1.292051103561736858e-01,4.006693746296371428e-01,-1.327495848411923696e-01,2.434299589641983896e-01,-1.061440800689425201e-01,4.841218903695880260e-01,1.000000000000000000e+00,7.958109446889827243e-02,-2.242714997447573244e-01,-2.076158806093622855e-01,-3.155680906697808652e-01,-5.860043661545895066e-01,-1.054411917050290526e-01,-3.444544027821728194e-01,-3.031297397979422770e-01,-3.423091213495464413e-01,-3.272081493056909762e-01,-3.158540732364625292e-01,-3.527276618678176767e-01,-2.913817293289461263e-01,-8.963749378622654085e-02,2.956594173804028003e-01,4.224974558046936668e-01,1.880662157826960001e-01,4.416916548499357220e-01,5.302595194178347238e-02,8.204603214964915903e-02,4.031719979830455935e-01,-2.604206664084730005e-01,-1.398963685898389764e-01,4.081131960260731550e-01,1.716707291322569495e-01,-3.525365370601232229e-01,4.652700595216414242e-02,4.697014068416086041e-01,1.121587328024638008e-01,-1.850122408643627703e-01,-5.813662980998859919e-02,1.999267165492134291e-01,-2.944530082199297433e-02,-1.721308372804955800e-01,-1.576152041672822246e-01,-1.855277388739425548e-01,-1.300056412694504948e-01,-3.827551384836726939e-04,-3.072538209772178452e-02,1.760986458340597915e-01,1.680693185008550472e-01,3.046831209830875853e-01,2.990919912412211001e-01,3.315918087763838895e-01,1.615938293738108655e-01,1.619340559413256705e-02,-1.103302271244692087e-02,4.814876741169722418e-01,1.978591143473137359e-01,5.328130627638153483e-01
1.379566701157219043e-02,6.326058651881029393e-02,-1.602994528683233250e-02,3.263978952163863745e-02,-1.475375854431420879e-02,-7.321565115549885649e-02,-8.455721169585127001e-04,-1.389536124840069255e-02,-7.656228590466798711e-02,-5.697066785665293870e-02,-8.643811803082127043e-02,-8.094719412257241065e-02,-1.247524151167893336e-01,-4.551808003049647583e-02,-4.937120182935864632e-01,-2.598651441814134322e-01,-4.580548666193385299e-01,-4.463210407079780673e-01,-3.597553218092755523e-01,3.222553328193008548e-01,7.958109446889827243e-02,1.000000000000000000e+00,2.424500948066520001e-01,6.791503554675658583e-01,4.312140661649500606e-01,1.082705737423875214e-01,6.881870240705257880e-01,2.833257580000165810e-01,1.913916144719278456e-01,1.626176071789280642e-01,-1.679629698350214584e-01,2.825843930100270796e-01,-8.696322010221327337e-02,1.645096942857995626e-01,3.180298487750750080e-01,-3.687434945513866705e-03,6.348696596305024309e-02,-3.385333303165029561e-01,-1.354730559855798488e-01,-3.779744497601332798e-01,-1.468718620728982349e-01,-2.489915465039423126e-01,-3.955135179317598171e-01,6.646185337527169001e-02,1.301720280482274172e-01,-4.341533148481428461e-01,-3.154693711868302164e-01,2.112982477874235654e-01,1.074264590800667885e-01,-4.281807983982760524e-01,-2.483297712239362909e-01,2.567880055735540304e-02,4.586918712515024310e-02,-2.623482584459879696e-01,-2.140678749283980165e-01,-1.653032047038855978e-01,2.911570753642107046e-01,1.135911523115685912e-01,3.830417904356478442e-01,3.175561813299693226e-01,3.047583475189878932e-01,3.194458468255515493e-01,3.335486359027629022e-01,1.209633533032619807e-01,1.050524218876236759e-01,-1.247287534078058285e-01,-1.027223395926495086e-01,1.936980740274231727e-01,-1.962369173460537797e-01,9.942158318419153096e-02,-1.676802230816228784e-02
