1.000000000000000000e+00,3.567618166020037340e-01,3.020060461658132245e-01,3.647132161316685162e-01,1.962450103058175632e-01,1.991103275162491582e-01,2.241729845951142830e-01,1.069869704653117759e-01,1.235531457217357992e-01,1.767089117186582126e-01,1.474466975181331352e-01,8.383527785265332266e-02,1.313082737495567254e-01,1.284736692722509566e-01,5.975424175172851932e-02,7.877641461945085466e-02,-5.652267890626808122e-02,-4.266813964668992459e-02,9.877290652144481153e-02,6.166597022573624270e-02,-1.406867829192465225e-02,6.042477376875773909e-02,1.689718528366128750e-02,-3.864102833423282545e-03,-1.552035586025363526e-02,-2.269612575907168847e-02,-8.536250230548964035e-02,-5.809203743275350579e-02,-1.062206287803457543e-02,-9.430543046774982063e-02,-9.042805322575860061e-02,2.695813485430225559e-02,-3.161223664311071935e-02,8.232149086669959814e-02,5.169181876814879506e-03,2.668826528953426036e-02,-4.069595312174680013e-02,2.566871832596153910e-02,-1.899622883514629976e-02,3.159093240670157732e-02,6.050882224255520192e-02,-1.650882871306608504e-02,2.758397908418750225e-02,-4.685736697225071756e-04,3.995177542827349493e-02,9.247779075709584851e-02,-9.787700407417405241e-03,4.210244924225062940e-02,-8.105357480761353484e-02,-7.942710370184807855e-02,6.102633010856722134e-02,1.722156973489013393e-02,4.367140222331111071e-02,3.570246965648030818e-02,-5.036887545785897341e-02,-6.883352031983455688e-02,-4.890546046731617663e-02,-4.168666931055362013e-02,-1.152305119607324041e-02,3.744584981267640514e-03,-6.101416073053803589e-03,-1.172617594293449000e-01,-5.181789679306503249e-02,7.243352461157384625e-02,-2.101362705803014666e-02,5.807645386704767335e-03
3.567618166020037340e-01,1.000000000000000000e+00,2.822735013972715867e-01,2.708305553695058432e-01,3.028578504543671945e-01,2.033137657970382206e-01,2.119045876966929864e-01,1.425473470303864898e-01,1.370396066709652361e-01,1.635600277238523637e-01,1.329381604406015827e-01,7.826294983879267253e-02,5.866888343985984799e-02,1.057955055021483487e-01,3.336719863090229637e-02,5.292969068143198869e-02,-7.280402408600386566e-02,-4.041754026626417917e-02,7.187786240312055153e-02,6.754211915858167325e-02,-6.052311958131871041e-03,-7.068600537125610019e-03,-1.981599575932199361e-02,-1.442123382035337062e-02,1.028483990364821143e-03,-2.319826683458288408e-02,-6.494851856068550866e-02,-3.809086518958224032e-02,-4.254000084099387319e-02,-7.380802506744305047e-02,-6.834699484667369762e-02,3.004095410030551902e-02,-2.731977977164382412e-02,4.651978412378355437e-02,-3.273906217530248020e-02,5.562980986945653163e-03,-6.627806469883493201e-02,2.064950409651554811e-02,-9.863773947010712195e-03,9.032813920080325076e-03,4.043660436619132825e-02,4.470374654531098640e-03,4.470229927651461072e-02,5.974437268617162344e-03,3.774055481540590506e-02,1.136793926707589247e-01,1.126391713988233144e-02,3.544762137468299851e-02,-6.877838549865389339e-02,-3.933179362855578759e-02,3.578298086948832751e-02,-3.008343423883058990e-02,2.290885310381227460e-02,1.251831761714800387e-02,-4.851677897122141925e-02,-4.485078419304058817e-02,-2.446710004114518305e-02,3.618801533382400362e-03,-1.357588758733856843e-02,1.281527512420251209e-02,-1.042890213731568518e-02,-9.026573267273084455e-02,-9.115653181231130053e-02,-6.725475303329920933e-03,-7.630872999340716778e-02,-2.707443895428011948e-02
3.020060461658132245e-01,2.822735013972715867e-01,1.000000000000000000e+00,2.949769789916550922e-01,3.163204377784766264e-01,3.988395607585837332e-01,2.001897296798920978e-01,1.417582185877150625e-01,1.737060671013335722e-01,1.538128453686461450e-01,1.041051834273702403e-01,1.211011047677473113e-01,8.911221032924158958e-02,8.213380435880252017e-02,6.515104318096603953e-02,4.875836615886301739e-02,-2.199729846272370157e-02,-1.353734511497036016e-03,1.181554711763221494e-01,1.131986831648346820e-01,5.118253082349619870e-02,8.479954830062610971e-02,4.803748517109471608e-03,-1.005682391432743787e-02,-5.063545129266700667e-02,-7.045418820781264302e-02,-9.211631464106501133e-02,-1.154835166592484419e-01,-6.910786639154067879e-02,-7.966986523954368293e-02,-1.335469419083915588e-01,-6.147314094793666917e-03,-7.521577027584695763e-02,2.101263023610422387e-02,-3.665364797121756918e-02,-4.078604627404699805e-03,-9.134954890549654150e-02,-2.691919377887755371e-02,-4.628080325322009303e-02,5.090890728935511950e-02,3.333396808916740811e-02,-1.977480752932802080e-02,5.536494309030043359e-02,7.345866646417456569e-02,7.688702346601071491e-02,1.449681805746501351e-01,5.976252895044455171e-02,6.068074931473068506e-02,-8.422334437472807356e-02,-6.492193880120131558e-03,8.405798172339294660e-02,6.146575502489445494e-03,2.805601358639494072e-02,5.158406769372235467e-02,-1.295760887560688281e-02,-3.451675560681408128e-02,-8.865603272179629901e-02,3.653110368644777784e-04,-5.450113224397670070e-02,-3.809346208976467987e-03,-5.492055060938164784e-02,-1.407849967634653143e-01,-3.287238506627310208e-02,1.354607374051551918e-02,-6.363286663903557072e-02,-4.493894792192695831e-02
3.647132161316685162e-01,2.708305553695058432e-01,2.949769789916550922e-01,1.000000000000000000e+00,2.970950841112156571e-01,3.131804282642261517e-01,4.775360354035782517e-01,2.440449740539802070e-01,2.335699053905157530e-01,3.925011970212703982e-01,2.367701145186501821e-01,1.338245686135910717e-01,1.629298948931406366e-01,2.032616088299441515e-01,8.669010076460141601e-02,7.274056697903764912e-02,-8.473400231779064373e-02,-5.738052930231343080e-02,1.118707627200765387e-01,8.317258602323615579e-02,-3.048648541203701975e-02,2.561915055765637272e-02,-1.934353554035731643e-02,-3.952296080962207359e-02,-3.197562938525355669e-02,-3.313459447104723926e-02,-1.345218712047309972e-01,-7.050352136827932326e-02,-9.036808523929405756e-02,-1.588362838115336406e-01,-1.396995445362019250e-01,8.653673875499316714e-02,-6.599698387806192390e-02,7.028125201108179065e-02,-2.843174176121015043e-02,1.223565346525275037e-02,-3.775165230276718298e-02,4.405632603312523154e-02,2.054969416665304235e-02,1.133305613307119958e-01,9.569027527793494414e-02,6.422253223168733482e-02,7.925345106781203630e-02,-1.516473463752814055e-02,3.476190872262925613e-02,1.462991392667061796e-01,-2.058452871205204877e-03,5.354467847840379408e-03,-1.471802769099453678e-01,-7.690746665321303299e-02,8.006922173946184884e-02,-5.339627854946453478e-02,4.579757026451991564e-02,2.299698043556597585e-02,-1.100551310256672743e-01,-9.486824778204951125e-02,-5.476110452057229849e-02,-1.809352160913003937e-02,-4.341695590867368504e-02,1.138077332768180905e-02,-1.120883355212149010e-03,-1.474071876707069850e-01,-1.342481944136237337e-01,1.568658346456011654e-02,-6.386860429549882923e-02,1.922908044969612665e-02
1.962450103058175632e-01,3.028578504543671945e-01,3.163204377784766264e-01,2.970950841112156571e-01,1.000000000000000000e+00,3.227137765520342594e-01,3.082643659386841706e-01,3.298628109624473503e-01,2.078750051315767511e-01,2.257503135799394656e-01,1.486997666216182956e-01,9.245712356472532423e-02,2.867902279862528589e-02,1.201435253380688239e-01,5.534931118950044832e-02,-4.144696163295772534e-02,-6.034515340822459856e-02,2.063528342615866817e-02,2.568957019342441722e-02,7.534815659283917999e-02,5.665461359113525830e-02,3.558968326094690687e-02,-5.973446190744990253e-02,-5.150167982057782257e-02,-4.575051642059365514e-02,-4.601266619744292380e-02,-4.664493986084080474e-02,-4.610268824560642686e-02,-1.043705993853402264e-01,-4.309599328623891362e-02,-9.992623743500499145e-02,3.434483655280954825e-03,-7.164700750573377297e-02,-1.820187022764091847e-02,-5.722166774192279787e-02,-6.928669073188911676e-02,-6.203404401866662032e-02,-3.196433773641214893e-02,2.052200557012476625e-03,6.044995800278524928e-02,-1.082041210461728159e-02,4.072357304877745332e-02,9.711814439903403151e-02,6.033927377145160281e-02,2.894639468612703048e-02,1.290298221132233636e-01,4.892763739258873534e-02,-1.818400476677351635e-02,-6.486503777588235875e-02,5.368519454450308703e-02,4.839442564027722493e-02,-4.507836229963381458e-02,-1.286803278063717096e-02,9.113071477772325540e-03,-3.053583719576637157e-02,3.193680749789861578e-02,8.666047838704003456e-03,6.464601645064732560e-02,-4.284604913605128546e-02,-4.598009852844500006e-02,-7.069949275061244987e-02,-4.352798625694202783e-02,-7.696042779721513905e-02,-7.717393051709191265e-02,-9.849377274675605309e-02,-8.188377173763271288e-02
1.991103275162491582e-01,2.033137657970382206e-01,3.988395607585837332e-01,3.131804282642261517e-01,3.227137765520342594e-01,1.000000000000000000e+00,2.677444506219802678e-01,2.539809617928905361e-01,3.591492616370213775e-01,2.262613822855329138e-01,1.608687077994254422e-01,2.100917678527243204e-01,1.124165263219678440e-01,1.429962293679753471e-01,1.472341170310974279e-01,5.118592041479005234e-02,-9.621964969380823740e-02,1.700254170312418336e-02,1.282318603393325651e-01,1.167113816029952261e-01,4.242530260095971235e-03,6.387084867687581324e-02,9.213274054338218416e-03,-1.430187715533814442e-02,-5.901417959971814314e-02,-9.989570734713407174e-02,-1.349712340516879550e-01,-1.620759575028086485e-01,-9.695373070314095010e-02,-1.342875492503036727e-01,-1.901646396450683840e-01,8.742698647538122217e-03,-1.126843022335159289e-01,3.086006511840650585e-02,-6.349955013969876827e-02,-2.896424115117172612e-02,-1.399453391765107524e-01,-4.370780005428456100e-02,-3.153328715381299718e-02,8.255077538024883921e-02,8.794813490155033164e-02,3.472229667349448212e-02,1.226555213159396668e-01,9.772581487046617943e-02,1.128988566886552358e-01,1.936452415327761523e-01,6.414053456888826887e-02,6.469541906359309313e-02,-1.636362392402228860e-01,-2.377598649877686252e-02,1.554730487162291896e-01,2.831636265781685424e-02,8.319614914397627237e-02,9.633287306931259675e-02,-4.910707323515708933e-02,-8.227901007528305721e-02,-1.145676156443027893e-01,-2.314250705489481058e-02,-8.166659043809773588e-02,-1.973428862382850882e-02,-7.920961484279717690e-02,-1.608814047372104372e-01,-3.327491990147282697e-02,5.008976627111253604e-02,-7.584854633311767513e-02,-4.682132147312052101e-02
2.241729845951142830e-01,2.119045876966929864e-01,2.001897296798920978e-01,4.775360354035782517e-01,3.082643659386841706e-01,2.677444506219802678e-01,1.000000000000000000e+00,3.428604747351157722e-01,3.339497438922320871e-01,6.419479608390953329e-01,2.700671389870839545e-01,1.506399719746021604e-01,1.467183339928335717e-01,2.413798693023338215e-01,7.232586554907970144e-02,5.919373422488246467e-02,-7.208537428794782598e-02,-4.947741662533954032e-02,7.662265172007182157e-02,8.132939834510466426e-02,-1.940081355950212848e-03,1.929645870268671681e-02,1.872335970184420273e-02,-2.803871343845555295e-02,-4.809635697165533935e-02,2.258435759577257992e-02,-1.043274452959609133e-01,-8.725981489630527804e-03,-8.326608727533962862e-02,-1.281713836677720042e-01,-8.571311302815765032e-02,1.022709883718847801e-01,-4.295282454945578698e-02,5.011094166628787122e-02,-5.015759637342180610e-02,4.868323537763272896e-02,2.334247225816879143e-02,8.276576826514217555e-02,8.614649993078256351e-02,1.169297162780319616e-01,9.552474666882444787e-02,1.089233767777463974e-01,7.564172171080008056e-02,-7.963605920896991985e-02,-4.895184491954363004e-02,9.138023193204829198e-02,-5.475760127375637470e-02,-6.108360493183813411e-02,-1.304656049562258613e-01,-6.122155380958732573e-02,2.260975039233661943e-02,-8.842557820283748760e-02,3.168927251557958694e-03,-4.001917630411113563e-02,-1.371300779012987470e-01,-8.658665291599026981e-02,-4.609714667363422336e-02,-9.142452548051002714e-03,-4.205617958429696407e-02,1.939769486471403306e-02,1.529948176109740231e-02,-4.338625815947690090e-02,-8.444103133888457291e-02,-8.710108257503125853e-03,-3.013866917059673453e-02,3.196986894712747912e-02
1.069869704653117759e-01,1.425473470303864898e-01,1.417582185877150625e-01,2.440449740539802070e-01,3.298628109624473503e-01,2.539809617928905361e-01,3.428604747351157722e-01,1.000000000000000000e+00,3.276422930148083501e-01,2.510602683100398025e-01,2.231584315840924870e-01,1.029103838825852629e-01,1.517557700974079757e-02,2.245605428425803962e-01,1.033112897974648031e-01,-2.139445826642495576e-03,-1.262718183513832360e-01,-1.815871355100932144e-02,4.681626575603752005e-02,9.093449517733014076e-02,1.068016324432543608e-02,2.639787646025635801e-02,-3.478849401386670953e-02,-5.720675394287993987e-02,-5.344502628171411696e-02,-3.391582969063566821e-02,-8.742724702718213114e-02,-5.402409739040135023e-02,-1.133245152092261093e-01,-1.111003052044587519e-01,-1.115853821742974622e-01,6.395990407049897963e-02,-4.536637791276555004e-02,-1.774557589164836927e-02,-1.972165565846393034e-02,-2.290685422000472704e-02,-2.060926487998421958e-02,9.705807775324109057e-03,4.280921630526661470e-02,1.063526882418904806e-01,3.883170168796577781e-02,5.591631864777182881e-02,8.651111194854464725e-02,2.219433029785927713e-02,1.117259351113253493e-03,9.548346432473422962e-02,4.417278495427309076e-02,-1.357370464181032257e-02,-1.159972350320842144e-01,-2.006728530317761564e-02,6.783044067936555566e-02,-4.640425821376407967e-02,8.699139819274665300e-03,-2.437675102878552116e-02,-9.512741474679235754e-02,-6.670431961660855391e-02,-5.328698048932838105e-02,2.315704680962949596e-02,-6.399259374802142297e-02,-1.174622478898040140e-02,-1.743097877693778469e-02,-6.715795232310445284e-02,-6.903564918977603271e-02,-1.161030283128854784e-02,-4.438069786647876741e-02,-1.862978944481794366e-02
1.235531457217357992e-01,1.370396066709652361e-01,1.737060671013335722e-01,2.335699053905157530e-01,2.078750051315767511e-01,3.591492616370213775e-01,3.339497438922320871e-01,3.276422930148083501e-01,1.000000000000000000e+00,2.432876793269470872e-01,1.286065513519739911e-01,2.434517346730699083e-01,8.919274735181101366e-02,1.569452197672608629e-01,2.109627784190259148e-01,2.928509043697378675e-02,-1.553992166703157263e-01,3.650146318784088656e-02,1.125804496148971046e-01,1.209952375053568174e-01,8.039016885176452493e-03,3.128098868539031657e-02,1.656680974509796428e-02,-3.716309520573730929e-02,-9.382729204802796319e-02,-7.793426401781167190e-02,-1.314116773334617905e-01,-1.161655381251816554e-01,-9.440968486995544862e-02,-1.147466338180106460e-01,-1.491635290742951980e-01,1.184545277063557035e-02,-9.372307790455826348e-02,-2.225485163888976312e-03,-4.967580625371047914e-02,-1.589241073533272791e-02,-1.062212552617021744e-01,-4.166656346400419986e-02,-1.309714513566659182e-02,9.308573049112028874e-02,6.035167115952427830e-02,3.192186885521031137e-02,9.620396445366213856e-02,7.742109989530522596e-02,9.467250009819246082e-02,1.645821703009235637e-01,6.017776495527567965e-02,6.221537405301904439e-02,-1.226770293500173553e-01,7.337396592770952485e-03,1.188395021905868792e-01,-1.651371815721909900e-02,5.662350512257355306e-02,4.817442019512845064e-02,-5.951707719644837996e-02,-6.907649309489898026e-02,-7.523357755098798727e-02,-7.531332455685679252e-03,-7.580699028900396430e-02,-2.907252356155439268e-02,-5.836738474628146156e-02,-1.004610665797586594e-01,-3.279714374244941527e-02,1.859400959507038695e-02,-6.263324453952849591e-02,-3.463376309765749117e-02
1.767089117186582126e-01,1.635600277238523637e-01,1.538128453686461450e-01,3.925011970212703982e-01,2.257503135799394656e-01,2.262613822855329138e-01,6.419479608390953329e-01,2.510602683100398025e-01,2.432876793269470872e-01,1.000000000000000000e+00,2.165315869979340391e-01,1.561223707469566180e-01,1.622704528541582258e-01,2.094470180125322378e-01,7.479414668949389833e-02,8.355269332160687734e-02,-5.708175118507344270e-02,-4.218894863170641329e-02,8.328748473159142129e-02,8.331604998368538628e-02,1.121444499899868635e-02,4.004359361457438676e-02,4.229132579733591024e-02,3.214790070150106132e-03,-3.096052600538228353e-02,5.612834173995603221e-02,-5.280436868389112165e-02,3.110416669476858895e-02,-3.910536531166754898e-02,-1.024475781357137433e-01,-4.243153466525437234e-02,1.071439015606609479e-01,-6.327575075051245813e-03,6.917379602280571138e-02,-3.592051412613072453e-02,7.273365917673395298e-02,4.598287727716118822e-02,8.882396309718007532e-02,7.853371668308160858e-02,9.377769080049019879e-02,7.088185822466050445e-02,7.770535024192336271e-02,2.085153100178221280e-02,-1.141060837529152550e-01,-7.669135009793752455e-02,5.393883522402059816e-02,-7.426130888805729247e-02,-7.397278682948903172e-02,-8.018633373408813603e-02,-6.269235383772724102e-02,-1.370263183535475222e-02,-7.688375186928535221e-02,-1.533333336862547844e-02,-7.502318250902056951e-02,-1.218058265056015388e-01,-7.671653340707636215e-02,-2.806024104944079139e-02,-1.073726246016967756e-02,-2.952639677216225417e-02,3.378910810963441091e-02,3.212700862162960747e-02,-2.977861972811015126e-02,-8.432232685864933519e-02,-5.790489951723414713e-03,-1.551367104578104186e-02,4.455313412850481908e-02
1.474466975181331352e-01,1.329381604406015827e-01,1.041051834273702403e-01,2.367701145186501821e-01,1.486997666216182956e-01,1.608687077994254422e-01,2.700671389870839545e-01,2.231584315840924870e-01,1.286065513519739911e-01,2.165315869979340391e-01,1.000000000000000000e+00,3.353408013507836460e-01,3.951694518891489816e-01,6.232804416418912252e-01,2.540075472768548170e-01,2.264087637924964425e-01,-2.286108018922989038e-01,-1.011104712506639830e-01,2.148824968126245571e-01,1.166923195715882239e-01,-1.414003025721553841e-01,4.613871815479053673e-02,3.441866270973957531e-02,-6.547700235981397665e-02,-6.931745877494596697e-02,-1.908304552558291733e-02,-1.991452484605976403e-01,-7.720391346555140200e-02,-5.542830222301653453e-02,-1.761743431673982729e-01,-1.068052139556383978e-01,1.265965058685191713e-01,-2.725048191886470569e-03,8.589678180686798059e-02,4.555168776739478703e-02,6.638315197754632302e-02,4.305287987322487528e-04,3.475953279656299189e-02,3.350985917399518232e-02,7.258630126906893965e-02,6.675918783798596989e-02,1.315334004186482705e-02,4.604443369937911285e-02,2.060487776900301118e-02,4.566695689890416798e-02,9.764834792627824500e-02,1.772593095671263358e-02,2.532443039114263064e-02,-1.783109093466031803e-01,-1.343246355266461689e-01,9.237876461940897066e-02,-1.549955681148769068e-02,5.287408115520710050e-02,1.348549411342586830e-02,-1.384234006753877755e-01,-1.388395449521884206e-01,-8.404470102548750043e-02,-5.688492912811615732e-02,-4.918590797802818715e-02,1.707496609952836863e-02,-2.582058911774479104e-02,-1.743968807894060447e-01,-1.263352681921264264e-01,4.163813963539977556e-03,-5.322693338650059947e-02,-4.058414073150751894e-02
8.383527785265332266e-02,7.826294983879267253e-02,1.211011047677473113e-01,1.338245686135910717e-01,9.245712356472532423e-02,2.100917678527243204e-01,1.506399719746021604e-01,1.029103838825852629e-01,2.434517346730699083e-01,1.561223707469566180e-01,3.353408013507836460e-01,1.000000000000000000e+00,3.782056081989272900e-01,3.054729172264641357e-01,5.886581697841321015e-01,2.026499957746052960e-01,-1.419599101496727966e-01,1.982301963086197660e-01,4.180509122707834480e-01,3.109268454762040279e-01,1.003879332747949563e-02,2.558732987646370471e-01,1.846088640540658743e-01,6.130262497175476694e-02,-1.407232642496429043e-01,-1.162723043924839827e-01,-1.517419978106158140e-01,-2.129705772726047941e-01,-6.558817474702353933e-02,-1.107618390903344074e-01,-2.005237983235389765e-01,-3.120092435637742898e-02,-1.042903713811646899e-01,1.339157075014080038e-02,8.325705322647912812e-03,-4.758599040352411852e-02,-1.051034815032109854e-01,-7.718456438307090550e-02,-5.838340604590301630e-02,1.950012512028370670e-02,1.860022203564627719e-02,-3.342078677350176358e-02,7.255079231277887508e-02,1.312099970781708813e-01,1.845203407103240267e-01,2.213544535105602673e-01,1.574980446434236514e-01,1.129309012283814528e-01,-1.873085228968143223e-01,-3.981902963425160667e-03,2.332749411791039118e-01,1.235528938673712412e-01,1.435357336150364371e-01,1.286171289565111175e-01,-3.742218828194237429e-03,-1.989389471188939343e-02,-9.992969301615910183e-02,-4.541793716936617931e-02,-6.819616974131213760e-02,-3.027966164512062644e-02,-1.059742942518018261e-01,-2.244065122847885285e-01,-7.503401628105342558e-02,5.415394989819161987e-03,-8.540630281446941197e-02,-1.030731295701653449e-01
1.313082737495567254e-01,5.866888343985984799e-02,8.911221032924158958e-02,1.629298948931406366e-01,2.867902279862528589e-02,1.124165263219678440e-01,1.467183339928335717e-01,1.517557700974079757e-02,8.919274735181101366e-02,1.622704528541582258e-01,3.951694518891489816e-01,3.782056081989272900e-01,1.000000000000000000e+00,3.487679644441571414e-01,2.821799774215895118e-01,4.588329926243834289e-01,-3.089167315941122524e-02,-1.850236619866870158e-01,2.976520099078330261e-01,9.204804461932634962e-02,-1.506669205363998787e-01,2.125415000005320965e-01,1.806432131572708044e-01,7.895055225833837176e-02,-3.081065820884253473e-02,6.652510802525071765e-02,-8.541135751785801367e-02,-7.726086584712507643e-02,8.082177938575611786e-02,-9.879773764010360559e-02,-4.115879743367091559e-02,9.929373183562366714e-03,7.677731060670954510e-02,1.476464247103525251e-01,8.660872299399779983e-02,9.502005029954704862e-02,-2.559643830628558284e-02,1.712693433219846309e-02,-2.557784388028565281e-02,-1.089614697023084076e-02,2.364402337452795391e-02,-8.961948643641547141e-02,-7.613467009647023609e-02,8.370856782454902389e-03,7.777277905670047786e-02,7.641621283759365835e-02,1.480434603405047719e-02,1.078185404560898231e-01,-9.906494042459502991e-02,-1.465075229347298225e-01,1.061186875455804313e-01,1.136778381457601989e-01,1.207333572297046853e-01,4.111286647599775301e-02,-4.203033719313447464e-02,-1.013185471816156619e-01,-1.142695101432169846e-01,-1.168025517884115211e-01,3.509996505572972846e-03,-1.424597984291994151e-03,-3.403011191755645620e-02,-2.112185315723869861e-01,-5.681329466904855297e-02,4.936436788959207983e-02,3.767022151408927488e-02,-5.054209580259858003e-02
1.284736692722509566e-01,1.057955055021483487e-01,8.213380435880252017e-02,2.032616088299441515e-01,1.201435253380688239e-01,1.429962293679753471e-01,2.413798693023338215e-01,2.245605428425803962e-01,1.569452197672608629e-01,2.094470180125322378e-01,6.232804416418912252e-01,3.054729172264641357e-01,3.487679644441571414e-01,1.000000000000000000e+00,2.531528075344123829e-01,1.828529822064012822e-01,-2.887556875429608816e-01,-1.070183226761035888e-01,2.154972417909678806e-01,1.260782069221826895e-01,-1.442082003653123445e-01,8.302908425579869425e-03,5.925696653752916127e-02,-7.848673580442623587e-02,-1.059355423994210177e-01,-3.547190388559785107e-02,-2.218490029022736065e-01,-1.014973813537703579e-01,-7.955224082272137343e-02,-2.071574254601455944e-01,-1.337890394981119668e-01,1.359059983176680586e-01,-6.860628288025819900e-03,5.298190882727747686e-02,4.509708392947241185e-02,7.018024100507821994e-02,8.595458514394463054e-03,7.570598300268403802e-02,7.059921777684659283e-02,1.001661513019462824e-01,9.130893876429109490e-02,4.837437332521291045e-02,6.397596931848079094e-02,2.206908344265517963e-02,2.553687559268085286e-02,7.136022511563273885e-02,8.392658214979680648e-03,7.944204292822720781e-03,-1.951147611917709856e-01,-1.260724518747954048e-01,1.036171631269451054e-01,-3.431685200356102139e-02,4.983805567828766131e-02,1.435764165641812383e-02,-1.595704509227479084e-01,-1.455917118001750221e-01,-9.262890878360754976e-02,-6.470883345167346978e-02,-6.133871861661401026e-02,2.420889382389915245e-02,-3.990366086364050685e-02,-1.781482866458166670e-01,-1.162261344989505840e-01,3.551021839407893146e-03,-5.111760300873349760e-02,-3.534539055386148182e-02
5.975424175172851932e-02,3.336719863090229637e-02,6.515104318096603953e-02,8.669010076460141601e-02,5.534931118950044832e-02,1.472341170310974279e-01,7.232586554907970144e-02,1.033112897974648031e-01,2.109627784190259148e-01,7.479414668949389833e-02,2.540075472768548170e-01,5.886581697841321015e-01,2.821799774215895118e-01,2.531528075344123829e-01,1.000000000000000000e+00,5.112188419459712252e-02,-2.806355226059129016e-01,3.614085775305614923e-01,4.603009997510134066e-01,3.872242247831152451e-01,7.423012589619919221e-02,2.798036697749178847e-01,2.079329753754124432e-01,9.763990128762993492e-02,-1.399076325771609897e-01,-1.604542917271907787e-01,-1.419969508510730560e-01,-2.434261170236291238e-01,-9.186089404486043331e-02,-1.032959934078287040e-01,-2.304656369558085727e-01,-6.666776527496881544e-02,-1.327854605142363698e-01,-6.447114546011724345e-02,-1.670352724171478981e-02,-8.021989191942152653e-02,-1.146733123120687453e-01,-9.572662948149675277e-02,-6.571599530848824811e-02,4.192189082398822125e-02,3.186137474151405635e-02,-2.514229557970238532e-02,1.065242801031128228e-01,1.728918942766042854e-01,2.194096026614373585e-01,2.302147654898238360e-01,1.962091347006671427e-01,1.210398349753135788e-01,-2.142190656647308955e-01,2.128526833688648007e-02,2.654331071375597983e-01,1.306772045664398307e-01,1.306281443831591449e-01,1.367472509529581992e-01,3.513233511697827494e-03,-4.837355070041994554e-03,-1.153249811098871896e-01,-7.027797374920648210e-02,-9.669540539094662046e-02,-3.738722658421802375e-02,-1.189127876578541521e-01,-1.948573863859412447e-01,-3.655878038458650753e-02,2.687526463063551890e-02,-7.615982672913669538e-02,-8.449054679974681015e-02
7.877641461945085466e-02,5.292969068143198869e-02,4.875836615886301739e-02,7.274056697903764912e-02,-4.144696163295772534e-02,5.118592041479005234e-02,5.919373422488246467e-02,-2.139445826642495576e-03,2.928509043697378675e-02,8.355269332160687734e-02,2.264087637924964425e-01,2.026499957746052960e-01,4.588329926243834289e-01,1.828529822064012822e-01,5.112188419459712252e-02,1.000000000000000000e+00,1.875833888579394454e-02,-3.639176454205063083e-01,2.619180865832411165e-01,-2.362363894801441239e-02,-2.452808003333399878e-01,1.137534143642541518e-01,1.195695693721616076e-01,7.580986772302199250e-02,5.301336671488533075e-02,9.232151939601149215e-02,-5.072688045471714091e-02,-3.998869308791478533e-02,1.215159692924140250e-01,-1.059097306485370371e-01,2.163484807021011716e-02,4.066064280506143103e-02,1.212617802435353859e-01,1.403923122761144282e-01,9.110009993591686173e-02,1.409156011011528375e-01,2.448694178549013639e-02,6.882374846918119793e-02,2.686229454255902038e-03,-5.359939099038184968e-02,3.081936834223826180e-02,-6.428847417180696966e-02,-1.371184241398493431e-01,-7.420404348579866249e-02,2.142393539063047747e-02,1.703475886130944791e-02,-8.534826105995832468e-02,9.738755219362785209e-02,-1.050953414010756710e-02,-1.734697905970922771e-01,4.592486125150247595e-02,1.088972593857840537e-01,1.326353956088250352e-01,4.885111759028045418e-04,-4.439217084378813821e-02,-1.224136313360746908e-01,-9.019676818054261913e-02,-1.479109744219831990e-01,2.980543888611825523e-02,4.205428801338329664e-02,4.137198209861488868e-02,-1.757253644726071706e-01,-9.662268157983708305e-02,3.721538192522814981e-02,4.947770279958046968e-02,-1.085931888696866146e-02
-5.652267890626808122e-02,-7.280402408600386566e-02,-2.199729846272370157e-02,-8.473400231779064373e-02,-6.034515340822459856e-02,-9.621964969380823740e-02,-7.208537428794782598e-02,-1.262718183513832360e-01,-1.553992166703157263e-01,-5.708175118507344270e-02,-2.286108018922989038e-01,-1.419599101496727966e-01,-3.089167315941122524e-02,-2.887556875429608816e-01,-2.806355226059129016e-01,1.875833888579394454e-02,1.000000000000000000e+00,1.035585695063082762e-01,-4.470419767426494356e-02,-3.754354201575667987e-02,1.121551215288816711e-01,1.390383056723772937e-01,6.344282406052878520e-02,1.054808959057232931e-01,3.975587519026402283e-02,1.301009676117628466e-01,1.698100999043861969e-01,1.025280277775542925e-01,1.881309026721857958e-01,1.516997177919721107e-01,1.142522342912855454e-01,-1.326062845516778055e-01,8.003694412853774864e-02,1.400400161630022643e-02,1.391030427990098788e-02,-4.981516026817379983e-02,-2.046892168721892169e-02,-6.297608024415657368e-02,-6.658481531354946970e-02,-9.828611014122748402e-02,-1.111013845530428173e-01,-6.860691569137927770e-02,-6.196899759523043227e-02,-2.824312535263304863e-03,-1.215379093637343304e-02,-1.073958346323481000e-01,-9.659472923946432060e-03,9.344390082993038471e-02,1.695494112224505689e-01,1.062835111861639044e-02,-5.730846375401617288e-02,1.311319932589123105e-01,3.095059019083742577e-02,-1.502154564771284416e-02,1.028214475635884501e-01,9.328993453517195333e-02,2.985965408968077259e-02,-1.478941815300219287e-02,1.081302278490447744e-01,-3.054525146834717944e-02,2.257096657005639578e-02,4.407187796515688039e-02,1.273782459291500357e-01,3.380032312989369493e-03,1.060994520245594763e-01,-1.464916189065627525e-02
-4.266813964668992459e-02,-4.041754026626417917e-02,-1.353734511497036016e-03,-5.738052930231343080e-02,2.063528342615866817e-02,1.700254170312418336e-02,-4.947741662533954032e-02,-1.815871355100932144e-02,3.650146318784088656e-02,-4.218894863170641329e-02,-1.011104712506639830e-01,1.982301963086197660e-01,-1.850236619866870158e-01,-1.070183226761035888e-01,3.614085775305614923e-01,-3.639176454205063083e-01,1.035585695063082762e-01,1.000000000000000000e+00,1.939345436147978385e-01,3.343683457258043723e-01,2.955734368552270230e-01,2.066677891369343434e-01,9.969194366425654374e-02,1.043542863314405739e-01,-8.466087679203503080e-02,-1.221065567186595396e-01,3.976949812181330979e-02,-8.306176266073464487e-02,-5.562620420532889826e-02,1.001307872601139015e-01,-1.131884647587472065e-01,-1.609589660523974841e-01,-1.606777500512850954e-01,-1.538491989665010107e-01,-9.077656473695468187e-02,-1.847863198670626483e-01,-1.091059721446779318e-01,-1.652355901470479449e-01,-6.636924341840688690e-02,2.561605151131178190e-02,-4.613702810431814794e-02,2.135265507783023434e-03,1.574532533404765233e-01,1.782405705112565519e-01,1.161048926986710805e-01,7.476249962548942030e-02,1.949173323232540889e-01,3.377200268222312063e-02,-8.391908215038339225e-02,1.676808098742265662e-01,1.423558028387611474e-01,9.562289601334748868e-02,-9.729040124793961186e-03,8.352797744042388117e-02,8.786486271622893918e-02,1.168748571054321755e-01,-1.283340667085009629e-02,-1.430421160678514627e-03,-1.101414328843499241e-01,-1.007682824424160489e-01,-1.498982743040841725e-01,-1.306178238812902466e-02,9.132917289010256123e-02,-2.289249509874988295e-03,-6.986457660693325133e-02,-8.311498617949891754e-02
9.877290652144481153e-02,7.187786240312055153e-02,1.181554711763221494e-01,1.118707627200765387e-01,2.568957019342441722e-02,1.282318603393325651e-01,7.662265172007182157e-02,4.681626575603752005e-02,1.125804496148971046e-01,8.328748473159142129e-02,2.148824968126245571e-01,4.180509122707834480e-01,2.976520099078330261e-01,2.154972417909678806e-01,4.603009997510134066e-01,2.619180865832411165e-01,-4.470419767426494356e-02,1.939345436147978385e-01,1.000000000000000000e+00,4.623129050333507628e-01,-3.911013237115402302e-02,3.867016738682078070e-01,2.654185481916713218e-01,1.179774831081859127e-01,-1.296457647320046480e-01,-1.469674228491522905e-01,-1.800430676491724946e-01,-2.710104804329794281e-01,-6.296585752279464099e-02,-1.395089331977729386e-01,-2.325988191584180409e-01,-5.789322859872364502e-02,-9.742210214511362598e-02,-4.150681260626543079e-02,-4.994177357442791329e-03,-6.970460657562090045e-02,-1.154971410967231688e-01,-9.311502169519690619e-02,-4.143705864513663045e-02,5.302329183864863682e-02,9.088866041874328616e-02,-2.115780448297098146e-02,1.294780688048391137e-01,1.753733152452972843e-01,1.778929542127715424e-01,1.786994747280291895e-01,1.711221491558509167e-01,1.529113531880771926e-01,-2.434286966788109796e-01,-5.865410301173116375e-02,2.992689095046221492e-01,1.633086292073873125e-01,2.021714419253907435e-01,1.700862926431927213e-01,2.173492104543988876e-03,-3.836526963758608855e-02,-1.332900508054667976e-01,-1.013864956021240521e-01,-6.598665405742962231e-02,-7.424329702558488293e-03,-6.923687149899554472e-02,-2.417675847107210174e-01,-4.879870074260480445e-02,7.756209297822495852e-02,-6.135670337893558285e-02,-7.996096986080010460e-02
6.166597022573624270e-02,6.754211915858167325e-02,1.131986831648346820e-01,8.317258602323615579e-02,7.534815659283917999e-02,1.167113816029952261e-01,8.132939834510466426e-02,9.093449517733014076e-02,1.209952375053568174e-01,8.331604998368538628e-02,1.166923195715882239e-01,3.109268454762040279e-01,9.204804461932634962e-02,1.260782069221826895e-01,3.872242247831152451e-01,-2.362363894801441239e-02,-3.754354201575667987e-02,3.343683457258043723e-01,4.623129050333507628e-01,1.000000000000000000e+00,3.610099577202250942e-01,3.095687171558808570e-01,3.338942039061926215e-01,1.773693366319126496e-01,-1.882580676309806023e-01,-1.324751096159367536e-01,-8.631931476407982140e-02,-2.453859278021179036e-01,-1.015050519213259728e-01,-8.300385884078008425e-02,-2.617452404466391602e-01,-1.125227070454284800e-01,-1.529311618745389512e-01,-1.479411783669322966e-01,-4.353965245249671184e-02,-1.515596320898826010e-01,-1.255803848188604965e-01,-1.101657855400874492e-01,-1.637819453946845125e-02,9.252811108683496599e-02,2.022546024378484714e-02,3.064745522826297242e-04,1.752632361388473947e-01,1.874143079563038161e-01,1.408482617138493986e-01,1.710333222497628369e-01,2.570566747421338949e-01,1.016139135873567467e-01,-2.013283514424076548e-01,5.242908555398094472e-02,2.892579347196853057e-01,1.673731140089213254e-01,9.394435533132107496e-02,9.979312338446308384e-02,-3.955000031699728094e-03,2.416597598807057254e-02,-1.554993367611273436e-01,-2.166597075326197677e-02,-9.720810477871243138e-02,-5.912503170487389687e-02,-1.460400867896938515e-01,-1.655150504891371444e-01,1.744475053499217401e-02,-3.422809019524675894e-03,-1.068158937104632666e-01,-1.256109191698926153e-01
-1.406867829192465225e-02,-6.052311958131871041e-03,5.118253082349619870e-02,-3.048648541203701975e-02,5.665461359113525830e-02,4.242530260095971235e-03,-1.940081355950212848e-03,1.068016324432543608e-02,8.039016885176452493e-03,1.121444499899868635e-02,-1.414003025721553841e-01,1.003879332747949563e-02,-1.506669205363998787e-01,-1.442082003653123445e-01,7.423012589619919221e-02,-2.452808003333399878e-01,1.121551215288816711e-01,2.955734368552270230e-01,-3.911013237115402302e-02,3.610099577202250942e-01,1.000000000000000000e+00,2.595049564138063314e-01,1.956077696698897417e-01,1.662384910226167301e-01,-9.462464757128082049e-02,1.177357230863980420e-02,1.258948104226331743e-01,-1.541772804902253984e-02,3.728419681131767138e-02,7.588224608356486378e-02,-6.683566973699610336e-02,-1.371465979401163271e-01,-5.527208639915969640e-02,-1.119613577370118518e-01,-2.677537263187101599e-02,-1.159407217070736046e-01,-5.189699565175826673e-02,-7.581249762727973462e-02,-2.225672486272566378e-02,7.495720194520265334e-03,-1.031476864366726170e-01,-4.614336829926207056e-02,7.541084415295334908e-02,6.260376804127154582e-02,1.283856392500937887e-02,2.688675425825231072e-02,1.513253626472979285e-01,2.438082780307806313e-02,1.253678934301378535e-02,7.731358021752668397e-02,6.644141888427868015e-02,1.304781062486704557e-01,-6.595622610268352115e-02,-3.249563202048934979e-02,4.573861614752972038e-02,9.740331399404938972e-02,-7.764483934113722285e-02,3.600443329321349750e-02,-4.706396031577268074e-02,-1.221251164531194089e-01,-1.077415818046507795e-01,4.968316124803489470e-02,1.516164150591080839e-01,-9.927065511051253940e-03,-1.866534212683721924e-02,-6.288265421162565760e-02
6.042477376875773909e-02,-7.068600537125610019e-03,8.479954830062610971e-02,2.561915055765637272e-02,3.558968326094690687e-02,6.387084867687581324e-02,1.929645870268671681e-02,2.639787646025635801e-02,3.128098868539031657e-02,4.004359361457438676e-02,4.613871815479053673e-02,2.558732987646370471e-01,2.125415000005320965e-01,8.302908425579869425e-03,2.798036697749178847e-01,1.137534143642541518e-01,1.390383056723772937e-01,2.066677891369343434e-01,3.867016738682078070e-01,3.095687171558808570e-01,2.595049564138063314e-01,1.000000000000000000e+00,2.395841700770904303e-01,1.788767561380936733e-01,-1.289423636631161219e-01,6.370074686817881089e-03,-1.428981945352472346e-02,-1.307942751148795379e-01,1.113945615417351043e-01,-2.695258124700084749e-03,-1.011207138697846897e-01,-1.342202630368932170e-01,1.935778287395414909e-02,4.827040094089991851e-02,6.035330547018337433e-02,-4.873408348682514019e-02,-8.343895221661347394e-02,-9.395942085303113367e-02,-1.180564186639147251e-01,-6.010516567868039173e-02,-7.758176951683506961e-02,-1.617248507965954873e-01,-6.887314908613083493e-03,1.398789086744343935e-01,1.561148975612193512e-01,7.432062212218636110e-02,1.584704200125621743e-01,2.328386267097924400e-01,-7.391692929156394587e-02,-8.736611510714764606e-02,2.114115484293865033e-01,2.607719454493063194e-01,1.718349844597120146e-01,1.217983666420941885e-01,8.381118066940455857e-02,4.592463121843555485e-02,-1.241502866307554187e-01,-1.598866847054227491e-01,-5.829486090347866384e-02,-1.465866254485307385e-01,-7.461958593415540797e-02,-1.664843300611050236e-01,1.072306032378998741e-01,1.214123643861256679e-01,4.671050121266723254e-02,-4.660867256413236265e-02
1.689718528366128750e-02,-1.981599575932199361e-02,4.803748517109471608e-03,-1.934353554035731643e-02,-5.973446190744990253e-02,9.213274054338218416e-03,1.872335970184420273e-02,-3.478849401386670953e-02,1.656680974509796428e-02,4.229132579733591024e-02,3.441866270973957531e-02,1.846088640540658743e-01,1.806432131572708044e-01,5.925696653752916127e-02,2.079329753754124432e-01,1.195695693721616076e-01,6.344282406052878520e-02,9.969194366425654374e-02,2.654185481916713218e-01,3.338942039061926215e-01,1.956077696698897417e-01,2.395841700770904303e-01,1.000000000000000000e+00,4.775486983981138134e-01,-1.084185373805755664e-01,1.566540559008843536e-01,8.164087105136132172e-02,-7.623968821004635521e-02,2.116178222301213496e-01,-4.726015757338063866e-02,-5.281782949352391288e-02,-1.376354102115972533e-01,9.754993481699258950e-02,-4.332765661693753489e-02,2.716705666177647235e-02,7.017558847239087350e-02,5.020823412191494084e-02,3.263741968133277230e-03,-2.941857184542623349e-02,-2.815043826311591779e-02,-3.178504100219337741e-02,-1.080953573037519988e-01,-7.676345668911063909e-03,5.915281651899180482e-02,3.826657360195015456e-02,-8.526696489758595066e-03,8.292000779468050586e-02,1.124198814830978943e-01,-5.791753717193402762e-02,-1.480142965725190218e-01,1.786084444274482763e-01,3.084026674150415204e-01,6.065649827460175419e-02,-5.500164746655276937e-02,-3.620952539304304885e-02,-6.050585221750801740e-02,-2.454416566167165192e-01,-1.291288000056897145e-01,-3.298529386390409296e-02,-2.840706184154723896e-02,-3.014255927664699630e-02,-1.703522559250274793e-01,6.466583789976269869e-02,4.421156666304689592e-02,7.085056009552524736e-02,-8.823819758375857011e-03
