1.000000000000000000e+00,4.245161523010103632e-01,4.816282808768868606e-01,2.421103022185313591e-01,1.902640530030223764e-01,2.301837320810654619e-01,2.078189986760746732e-01,1.490018489029296123e-01,1.628335622670409322e-01,1.847869262047424910e-01,1.523373393665058695e-01,9.551778699450705346e-02,1.212789189580571469e-01,1.188086332443398507e-01,5.942234278436021866e-02,-2.065121192362617472e-02,2.622739285647363028e-02,9.207410079593759955e-02,2.797254645028871001e-02,3.244500014409106015e-02,3.186133770708786395e-02,1.286274489176428108e-02,-8.031347614643999421e-04,-2.944236008857738576e-02,-4.323842668952891655e-02,-2.082630135167671571e-03,3.736060495620574518e-02,2.347459862004032318e-04,2.464198526516268514e-02,2.773469391828498011e-04,2.347964885683233652e-02,3.383181831958401858e-02,-2.006891928992466864e-02,-3.416127463844616241e-02,3.623865187785981629e-02,2.341972883315621146e-02,3.518034141406318344e-02,1.381535512684574710e-02,1.583350693666591216e-02,-3.785051505929001923e-04,1.514976963839950209e-02,1.166127713911425598e-02,-1.026253556116368424e-03,7.757845517106429049e-03,-5.449379451490709257e-03,-2.204078986207946497e-02,5.768196701459794070e-04,-7.871109345260215648e-03,9.194246609419563093e-03,1.585826654815260944e-02,7.696439573459419722e-04,2.976946130570465657e-02,1.319603189271948730e-02,9.561770760231956198e-03,1.986984697996808241e-02,2.400929372877678644e-02,1.509071799338096952e-02,5.829967832257242424e-03,1.995649936026869242e-02,2.294356098608553787e-02,1.673350313936443692e-02,9.615132932288727313e-03,4.063722163851884832e-03,-6.147940706639539593e-03,-1.064097004258618591e-03,-1.097931030308214179e-02
4.245161523010103632e-01,1.000000000000000000e+00,3.219365904364145936e-01,2.206216255884926036e-01,2.824397791752141229e-01,2.053456354054065958e-01,2.403715640679979781e-01,1.854688144273673456e-01,1.268289540989542830e-01,2.039392745542664975e-01,1.324013211647500354e-01,8.390758742169877882e-02,1.332743764268579101e-01,1.033089756362242373e-01,6.993676973526767593e-02,-2.857057475707583741e-02,2.318545900988968136e-02,6.906596714324492181e-02,1.730414770846607636e-02,4.501679045466716600e-02,4.889054876116591397e-02,4.938021396793197161e-03,-1.588581950443167246e-02,-4.044902893255573895e-02,-2.871427733905865948e-02,-8.851245144862890119e-04,5.358105553121604581e-02,3.031614490711755441e-02,3.534602262142173823e-02,2.434116596943924210e-02,3.018132969994681905e-02,2.808678598849772071e-02,-1.064029692964032527e-02,-3.625797191230509253e-02,2.851323618928569212e-02,4.810641258671788031e-03,1.453813757751136297e-02,8.007083137839193093e-03,2.180164280939288907e-02,8.655766135418532792e-03,2.710297442763037745e-02,1.285588367569606705e-02,-2.736402379656024952e-02,-1.403737720915820310e-02,-2.014934279929458949e-02,-1.122649971304410382e-02,5.319101526331144157e-03,-2.809527890244080048e-02,3.479596464929906804e-03,1.548015192784077051e-02,5.255428832245178728e-04,3.354146988628316922e-02,2.144152216463684688e-02,2.101363171864878074e-02,1.646968165432503850e-02,2.616345362400249175e-02,2.083217012069992630e-02,4.046410432547848518e-03,2.177448125401336768e-02,2.287581987357259136e-02,2.563854028926510625e-02,1.469663160463653521e-02,1.143051048300361243e-02,3.228584083698731160e-03,6.446787550803731448e-03,7.255517318062205435e-03
4.816282808768868606e-01,3.219365904364145936e-01,1.000000000000000000e+00,3.566727698637560118e-01,3.474950702273000291e-01,4.040686995652925662e-01,3.452702537802698202e-01,2.647002839656817930e-01,2.770139118245129595e-01,2.831346526578024658e-01,2.369686729596257313e-01,1.564243785257012076e-01,1.709555321102828040e-01,1.797719003903670842e-01,1.014367420806497055e-01,-3.722750894511773611e-03,4.796370896332098621e-02,1.221143646706660674e-01,6.984506868476332564e-02,5.930768032307254245e-02,1.922071219296212635e-02,3.001328507090854358e-02,-9.559443380528101150e-03,-2.809943251094470726e-02,-4.524081208325737846e-02,1.223686396564168744e-03,4.998499015454289235e-02,2.710358602158798383e-02,3.779385711741422432e-02,5.394558510276739952e-03,2.579175281148041524e-02,3.789611776753220446e-02,-9.110367809615573659e-03,-3.123581622179416248e-02,4.232765467942772863e-02,4.214828436593955757e-02,5.739911054811188545e-02,2.595645459938582603e-02,2.822734279748033079e-02,9.063637961768596443e-03,1.237470654277812200e-02,1.696830704084625538e-02,4.079186768554067012e-03,1.727773534351768545e-02,4.008794243835219796e-03,-2.120842067771065362e-02,2.182365546989441935e-03,1.140178891016363667e-02,2.338519750723011201e-02,8.985782125810895873e-03,6.964908095018157962e-03,2.683995998491663093e-02,-2.260148889039069811e-03,-2.899223060046107660e-03,5.252907983696612250e-03,4.111330795318859227e-03,9.488025377754314565e-03,1.172294890314042916e-02,1.053551773581571684e-02,7.924227044486240046e-03,-2.955303266483708200e-03,-6.422773836823162524e-03,2.341690018990800690e-03,-6.478304388790401616e-04,2.962164511647239970e-03,-9.243542163467833445e-03
2.421103022185313591e-01,2.206216255884926036e-01,3.566727698637560118e-01,1.000000000000000000e+00,3.711201842729898170e-01,4.406767434918180681e-01,6.008039302780767699e-01,2.081593097027623906e-01,3.668552091068830179e-01,5.126744650340115950e-01,2.557224371900434501e-01,2.413752215594285044e-01,3.290588361608032808e-01,1.927113779854623399e-01,2.036099735488413054e-01,-2.666566616345317567e-02,-2.266611723332433853e-02,1.600090592143508794e-01,6.639242941202648518e-02,6.270254216799700520e-02,5.734940149413927934e-02,1.724157819621421894e-02,5.763217307464586509e-04,-4.258650264423078508e-02,-5.234505208937604431e-02,2.108238723297019973e-02,7.622604319273153239e-02,2.566818035727715455e-02,6.882396763207293544e-02,2.595081567449301560e-02,1.108803643143897039e-02,6.212303332906963377e-02,2.544058266299103685e-02,-4.183318755450921023e-02,4.809923275951769744e-02,6.146082299760832063e-02,6.529587952662910255e-02,3.270916075953395757e-02,4.393342057195935568e-02,1.640938825515043248e-02,1.925147476566601429e-02,1.952817898718923681e-02,-4.411872785410724147e-03,-3.806320945525837936e-03,-1.870111787832759789e-02,-3.751193352665059544e-02,-7.755003981890904417e-03,-1.370016320682816008e-02,1.746946242677615418e-02,2.761615174268259101e-02,1.161163326284580903e-02,2.493886637826392763e-02,1.943544049141193372e-02,2.584321214404264669e-02,2.623317151805107730e-02,5.608346236728649868e-03,9.318810138205178492e-03,3.848089878709020977e-04,8.019305385585840176e-03,4.709046782000059043e-03,1.246307473362278685e-02,-6.710702047843946933e-04,9.415778079503353201e-03,-8.627080869456616591e-03,-5.684488633905937635e-04,-1.282853445401763463e-03
1.902640530030223764e-01,2.824397791752141229e-01,3.474950702273000291e-01,3.711201842729898170e-01,1.000000000000000000e+00,4.106151892010086457e-01,5.377503113021334658e-01,4.331784506485075736e-01,1.789745673218519351e-01,4.326561607998805625e-01,3.100627936642625371e-01,1.612404753614756214e-01,3.179149026174941661e-01,2.416190315893753382e-01,1.459812265793657415e-01,-2.456558534185120449e-02,3.065505614921583410e-02,1.473868866615213047e-01,5.305540571382160592e-02,6.401841567383947940e-02,4.405329975285426913e-02,4.048578020046790071e-05,-8.212298583771808491e-03,-4.338376534329901196e-02,-5.927001267389992584e-02,-3.203625369977473013e-04,5.619456481424327243e-02,5.168565926867273175e-02,7.175913424950952635e-02,2.824275784916395124e-02,2.414106097652351721e-02,6.045176077490081040e-02,1.325569537575023785e-02,-1.659375671422481241e-02,5.574868883630652167e-02,4.805371884794112924e-02,7.034022117812574471e-02,5.212509653199459692e-02,5.253970188885413728e-02,1.068104000320219127e-02,3.356959875195686394e-02,1.366151390581472370e-02,-2.856646175774816415e-02,-2.254187111725616810e-02,-3.651660062035770593e-02,-2.855766937285335663e-02,-1.722811623274470754e-03,-3.559280371458153208e-02,7.055988992504299250e-03,-4.751687754307298145e-03,-3.410962025086811122e-02,1.896468268184386269e-02,-3.115203163287851365e-02,-2.300539018269054381e-02,-9.395291192227978386e-03,-1.550073187605090002e-03,7.918373630174667692e-04,-1.392890914079373578e-02,4.412868232807489778e-03,-1.107737310982752355e-02,-5.092305566660739261e-03,-2.910741275547663875e-02,-7.359198316292257964e-03,-9.399575662093817563e-03,1.611795808541549102e-03,6.222503575419388241e-03
2.301837320810654619e-01,2.053456354054065958e-01,4.040686995652925662e-01,4.406767434918180681e-01,4.106151892010086457e-01,1.000000000000000000e+00,4.342090554664078672e-01,4.483830192113959501e-01,5.164468270017417151e-01,3.231360100366391652e-01,3.086232077144118180e-01,2.120803790324229388e-01,1.921625073956524654e-01,2.268855232429627389e-01,1.512259582749540254e-01,-5.419364630693053637e-03,3.636677498523533530e-02,1.250484192262158456e-01,8.605742168574773143e-02,7.167613422767177278e-02,2.378172392617444730e-02,5.026953242052688980e-02,-1.136701042342208243e-03,-2.635625350253819471e-02,-4.215227380518775380e-02,1.184805048744384109e-02,5.998652738725691186e-02,3.064384464429886074e-02,6.957105343192231117e-02,2.797571075508320862e-02,1.625721163033639130e-02,5.584916289124661898e-02,2.584762196819784599e-02,-1.246641487176930289e-02,4.084435229249445271e-02,5.277399589746409325e-02,4.688145794537339900e-02,3.412354989605800859e-02,3.407223775167700364e-02,2.874237198650586578e-02,3.756561788939472186e-03,1.029508822093851833e-02,1.699815774629115372e-02,9.766827320102052998e-03,-2.323921777347795134e-02,-2.519858548979264645e-02,-8.941788261589089792e-03,-3.092672573339429534e-02,1.176472228031823219e-02,2.739503710270426579e-03,-4.985056012920399855e-03,2.328198819614895818e-02,-9.158424442051662714e-03,-1.071558436721364513e-02,-2.670358433611265880e-04,1.161698756327386381e-02,1.925384357043921635e-02,9.920374798688557164e-03,8.919786489302219262e-03,8.974080947869580299e-03,-5.435420336561253528e-03,-1.680055999822000282e-02,-3.240891892170719765e-03,-4.408243777431915776e-03,-5.348328780434412691e-03,-6.982106888381220226e-03
2.078189986760746732e-01,2.403715640679979781e-01,3.452702537802698202e-01,6.008039302780767699e-01,5.377503113021334658e-01,4.342090554664078672e-01,1.000000000000000000e+00,4.401052720505131965e-01,4.079320336291248905e-01,7.275227072822229024e-01,4.208991340780524615e-01,3.085200305993142100e-01,4.870485443477675647e-01,3.231867729660993782e-01,2.735157228387571360e-01,-1.256140119159948262e-02,9.454413477875319230e-03,2.253166051362496258e-01,9.538335994014647545e-02,9.569078636884729983e-02,9.310536783371961556e-02,3.212020511602403650e-02,1.330085263708966591e-02,-3.827957009458994586e-02,-6.552863470905050114e-02,3.124804497003859025e-02,7.442421212308988898e-02,3.853517734665975331e-02,8.723433007559090735e-02,2.137459179519201127e-02,1.405324668397648843e-02,6.662951349901291564e-02,2.509980244241586528e-02,-4.034417711571907511e-02,6.253406884940029831e-02,6.712367782500736069e-02,7.735430807679227749e-02,4.998122091391413169e-02,6.616941914981683270e-02,2.060856930054034628e-02,2.446122485966755952e-02,2.106174311050548059e-02,-1.772532861247062830e-02,-5.452018970074137653e-03,-2.486138008929781110e-02,-2.589683630069064893e-02,7.621496755813373866e-03,-2.473904151165321960e-02,2.041103903678276668e-02,2.062360306169267951e-02,2.107722497637084125e-03,4.015457243736300641e-02,9.661793383270004393e-03,1.756614325730219972e-02,2.701987883381552075e-02,2.846915429915271994e-03,1.182583104906066371e-02,8.997887618585147934e-03,6.641301892075348115e-03,7.870306305822609080e-03,1.851975091931366141e-02,-8.476529584927601155e-03,5.379814460459667047e-03,-3.774492568388636022e-03,1.029754370581800055e-02,1.040956076728912806e-02
1.490018489029296123e-01,1.854688144273673456e-01,2.647002839656817930e-01,2.081593097027623906e-01,4.331784506485075736e-01,4.483830192113959501e-01,4.401052720505131965e-01,1.000000000000000000e+00,4.028283945427061363e-01,2.935436534995086166e-01,4.456595589620255260e-01,1.728057090265571194e-01,2.159411168163477557e-01,3.379849190211227650e-01,1.151403683752743184e-01,-6.619728729230613465e-03,9.307339978038690897e-02,1.502628240351296385e-01,9.511246004928793074e-02,1.028049387998455078e-01,5.672183988317211489e-02,5.330658544914378821e-02,7.035844061993229426e-03,-6.873651011719488814e-03,-3.496766911434962682e-02,2.223446438538518796e-02,6.519972553054016740e-02,5.113052441842041301e-02,9.841981891916679048e-02,4.349472850190221063e-02,4.942892846431417436e-02,7.441020281328181163e-02,1.468488736909611195e-02,-1.545447619815335828e-02,6.271901398031007324e-02,5.439189504703442063e-02,6.182993557004520108e-02,4.860644931461088197e-02,5.885185222230893826e-02,3.021861791193391003e-02,2.419267040028937749e-02,1.929494573649775252e-02,-4.442902746627441606e-03,1.350737616094103977e-02,7.863166009705747483e-04,-4.651858256409399824e-03,2.553209455816402365e-02,-1.669208836886703837e-02,3.328685077815702470e-02,6.547388064320712291e-03,6.075916674371655522e-03,4.020213771772637029e-02,-5.240551929538964440e-03,-1.425414596035573349e-02,-3.927286895781355661e-03,5.309962574638980165e-03,1.562198428237611576e-02,8.485236903067376255e-03,-3.557714962842321079e-03,4.809336347558067389e-03,-7.607506713816745286e-03,-2.818197195564544830e-02,-4.451991305033145205e-03,3.342584819526634929e-03,9.508328231423248973e-04,2.006640679913495803e-03
1.628335622670409322e-01,1.268289540989542830e-01,2.770139118245129595e-01,3.668552091068830179e-01,1.789745673218519351e-01,5.164468270017417151e-01,4.079320336291248905e-01,4.028283945427061363e-01,1.000000000000000000e+00,3.649001058237399397e-01,3.259706843421835698e-01,3.257324211216707788e-01,1.823311943037851657e-01,2.386173156909845994e-01,2.246595265971294553e-01,1.985565541085847902e-02,2.590721237944824604e-02,1.310565844289400261e-01,1.261498164508949027e-01,8.623640876437219105e-02,1.865239290304999270e-02,7.288800347986797157e-02,2.606476195099751824e-03,-6.332795817973957235e-03,-8.732016438789456589e-03,3.567276605975074066e-02,6.964869486815389310e-02,4.792043957125937531e-02,7.448661890352180348e-02,5.298542372565418629e-02,4.075694776852577250e-02,3.457280051087453093e-02,1.828971936002157794e-02,1.116311261664920500e-02,4.892066108993128881e-02,4.284673134885923912e-02,3.134466003634656800e-02,1.484262273373598666e-02,1.759804401231972876e-02,2.228066280575080951e-02,-9.473313166774029181e-03,5.428610260441184623e-03,4.837605406745828368e-02,3.688153402236096778e-02,4.724832095352038755e-03,-4.187002003914604316e-03,2.296238908788615987e-02,-1.279756257113455302e-02,3.155047499632034763e-02,1.404852205032769072e-02,2.227739271404566204e-03,2.787659788589160956e-02,6.002241978445327402e-05,1.468121423094518978e-02,8.984788309740745701e-03,-3.419425994241855754e-03,2.243680367661359670e-02,3.051425181997505232e-02,6.659894438304003739e-03,3.011175564101986266e-02,1.788531639700005615e-02,-1.168739728195552054e-03,-7.113393466875931985e-04,-1.114773343570090412e-02,-7.984292529973419789e-03,-2.364812308148088460e-02
1.847869262047424910e-01,2.039392745542664975e-01,2.831346526578024658e-01,5.126744650340115950e-01,4.326561607998805625e-01,3.231360100366391652e-01,7.275227072822229024e-01,2.935436534995086166e-01,3.649001058237399397e-01,1.000000000000000000e+00,4.272030317483948569e-01,4.227929906810123373e-01,5.495862012416132814e-01,3.405748450387401371e-01,3.575997709449424966e-01,-3.968709238484384103e-03,1.105584664313528616e-03,2.611183882070732265e-01,1.356029306022688286e-01,1.219621690017162058e-01,1.003483375792324772e-01,6.271470787530268598e-02,1.902385443091787406e-02,-3.829227683421568967e-02,-6.716570507546396063e-02,3.733681063002972089e-02,7.333203973913193785e-02,3.421481994441762792e-02,8.746331696241679832e-02,1.623897194761289228e-02,2.651580262475133898e-02,6.492546911436743173e-02,1.115213363204051872e-02,-2.287680796556335744e-02,7.334175468420157940e-02,6.030698618483665285e-02,8.457981431244013248e-02,5.147015292713168905e-02,5.674846396154082512e-02,1.606225806289111532e-02,3.313863741411567782e-02,2.792195957571599885e-02,-1.976360906940835549e-02,-4.954254767865550607e-03,-1.959351941239687381e-02,-1.574057027778395443e-02,1.653928856983601439e-02,-2.348151990939461101e-02,1.926949496452584967e-02,2.637872408618336870e-02,-6.217545123866262402e-03,3.126734755218722045e-02,1.179559429546560637e-02,1.653292774598106099e-02,2.620778637082099224e-02,-2.838226197159748714e-03,4.793082111456709905e-03,1.859560043028547771e-02,1.454286906072808742e-02,2.054470755616626468e-02,2.319708251455603748e-02,7.412509569302827388e-03,1.320240810695783029e-02,2.187040353685363887e-03,1.331553593634812391e-02,9.315477047041090600e-03
1.523373393665058695e-01,1.324013211647500354e-01,2.369686729596257313e-01,2.557224371900434501e-01,3.100627936642625371e-01,3.086232077144118180e-01,4.208991340780524615e-01,4.456595589620255260e-01,3.259706843421835698e-01,4.272030317483948569e-01,1.000000000000000000e+00,3.934797895824613256e-01,4.075480562778618365e-01,6.618293008501030528e-01,2.375205734552429671e-01,-3.264376825732796111e-02,1.901251292158581407e-01,3.348100224716268336e-01,2.173975950701095006e-01,1.796616582044831822e-01,1.171121111591583719e-01,1.513807947655419761e-01,3.439712840445752901e-02,-4.217121052476282433e-05,-5.164493366931094398e-02,6.610222382018078602e-02,8.178206946329739935e-02,3.010727186864610438e-02,9.220635220346695693e-02,3.132388281821105180e-02,6.109092008494323989e-02,9.205740756469581176e-02,-4.397261565016725993e-02,-4.826636428323595462e-02,1.033463664789395081e-01,4.596569194652543738e-02,1.044284610389290546e-01,5.953303204722509151e-02,6.270742611727475602e-02,1.875790633357939108e-02,2.692119652460591914e-02,1.895304941068156127e-02,7.009690807998645266e-03,3.068166772541052606e-02,1.241813246213238804e-02,-7.786003808210727184e-03,3.191364422292675140e-02,3.624676464335608119e-04,3.820405692122858660e-02,4.796480444031324397e-02,2.742376595139027484e-02,3.877298388950798508e-02,2.315792546040388450e-02,1.276731550400378619e-02,2.268145661155408430e-02,-2.522822740460530649e-03,9.308709309777226520e-03,3.482564970944631438e-02,6.750665504973144340e-03,1.283712781332006087e-02,1.922049657137243558e-02,-4.015242962902201146e-03,2.931668668449110421e-02,1.322027788094399213e-02,2.393564160878543581e-02,8.643101651700513255e-03
9.551778699450705346e-02,8.390758742169877882e-02,1.564243785257012076e-01,2.413752215594285044e-01,1.612404753614756214e-01,2.120803790324229388e-01,3.085200305993142100e-01,1.728057090265571194e-01,3.257324211216707788e-01,4.227929906810123373e-01,3.934797895824613256e-01,1.000000000000000000e+00,4.117286312915267588e-01,3.122512940471993126e-01,6.147433832616228111e-01,9.229611085956311578e-02,-2.653850151128535340e-02,2.840933382543004981e-01,2.892131203856314059e-01,2.381651705572292443e-01,8.496436187688274910e-02,2.141031133534746778e-01,5.491846556810868474e-02,-1.927275823800493637e-04,-4.346527111795485399e-02,7.160367528693657724e-02,8.782873619997959291e-02,4.570726085397639610e-02,7.959981186943890230e-02,5.650927422973658215e-02,8.894048385555916592e-02,5.867886839217078404e-02,-5.538220814782437995e-02,1.238691841301415783e-02,9.969091334045307451e-02,3.761514356244120838e-02,9.008898043121399413e-02,4.124237964764537745e-02,4.235108391270205053e-02,3.398733788455311766e-02,1.961304520284554848e-02,2.596174914278107787e-02,3.531924545172042580e-03,3.377853751716805575e-02,1.509681228513817981e-02,1.330119836531912757e-02,3.930761034914685009e-02,-7.870668679981136437e-03,4.998251036130691577e-02,4.468385798676832721e-02,7.876601690158949523e-03,2.993333809957763464e-02,2.740213303844570014e-02,2.794277323617421274e-02,3.254927465333515985e-02,9.627421447627319481e-03,5.372785366492193945e-03,2.533633414776718593e-02,2.592972640779860755e-02,2.861749253135331683e-02,2.222111924183420989e-02,7.693860982491308211e-03,-2.552704835783701619e-03,-2.245781255760549364e-02,-6.927128428004210477e-03,-1.412023868427111223e-02
1.212789189580571469e-01,1.332743764268579101e-01,1.709555321102828040e-01,3.290588361608032808e-01,3.179149026174941661e-01,1.921625073956524654e-01,4.870485443477675647e-01,2.159411168163477557e-01,1.823311943037851657e-01,5.495862012416132814e-01,4.075480562778618365e-01,4.117286312915267588e-01,1.000000000000000000e+00,3.533123913436103103e-01,4.855658568542904896e-01,-3.815071233148060320e-02,-4.863371122202002350e-02,3.532211225511094344e-01,1.878521480239063179e-01,1.890890895146832285e-01,1.483671484308092259e-01,1.067572070447181942e-01,5.894264831708510843e-02,-3.390320706813487045e-02,-1.022896199437142301e-01,5.493242900534601320e-02,7.568704791892295891e-02,1.752610235692387761e-02,8.538052695284108207e-02,-1.517956616396699517e-03,3.042937473894016462e-02,7.287905658611748549e-02,-2.645694324692825575e-02,-4.131449698361706890e-02,7.941856110915074263e-02,6.377311418532889686e-02,8.360074814330961668e-02,5.317358803869606798e-02,6.201912183977021514e-02,3.376281118983666396e-02,4.763788683238921046e-02,4.795402634705250855e-02,-3.265176499636154861e-02,5.144182405845118544e-03,-2.097965677915902480e-02,-2.506094174966046542e-02,1.693009591445860523e-02,-3.439725998728591222e-02,-5.203825717778513089e-04,-1.550802109344320270e-03,-9.055095901880361176e-03,3.587215079132813952e-03,2.660754443340738670e-03,3.531024369630506444e-04,5.100534822187521508e-03,2.631785707471099808e-04,-1.322238751246120926e-02,6.427163551649584146e-03,1.863229117364341436e-02,1.316746987735549490e-02,2.984614987491177734e-02,8.993862150605307776e-03,1.573976315070231211e-02,1.384966817129729133e-02,2.463847147270590773e-02,3.380612340886725298e-02
1.188086332443398507e-01,1.033089756362242373e-01,1.797719003903670842e-01,1.927113779854623399e-01,2.416190315893753382e-01,2.268855232429627389e-01,3.231867729660993782e-01,3.379849190211227650e-01,2.386173156909845994e-01,3.405748450387401371e-01,6.618293008501030528e-01,3.122512940471993126e-01,3.533123913436103103e-01,1.000000000000000000e+00,1.964601579447134982e-01,-7.215031502225494053e-02,2.756757872614319371e-01,3.441378078308697797e-01,1.797915137101084582e-01,1.400237967942191686e-01,1.044448755764072478e-01,1.182214726134235422e-01,1.639148201141941291e-02,-8.505973366313847317e-03,-3.623008944560733580e-02,4.480399414174541378e-02,7.444336113602269267e-02,2.835394087377514707e-02,8.202997336511000381e-02,3.645203399109622766e-02,6.367500675979465008e-02,9.137467174695677874e-02,-5.642154052431632566e-02,-5.213496806866391858e-02,9.280583956927923595e-02,2.351443562717246694e-02,8.575289667821447970e-02,4.717333559395883724e-02,4.204303264919964644e-02,3.512268209164772989e-03,1.762808464833300753e-02,-1.470029778111892754e-02,-4.348795429722522241e-03,3.421951967750868490e-03,-1.875795017386256910e-02,-2.205897119899643058e-02,1.924860663858698334e-02,-3.707179104051939317e-02,2.126645490212938222e-02,1.412904360729701388e-02,-1.266425642685115385e-02,1.687524001006416793e-02,-6.860252497266216762e-03,-4.149467212197901177e-03,1.699457074281901514e-03,-1.638025228854365911e-02,3.042082425591286377e-03,1.560240605401484737e-02,1.999784684887257261e-03,1.031739524323039073e-02,1.544036239079879871e-02,-2.341387813480015016e-03,3.515870841029093696e-02,1.303338480788100891e-02,3.043397648617101811e-02,6.248124398568012661e-03
5.942234278436021866e-02,6.993676973526767593e-02,1.014367420806497055e-01,2.036099735488413054e-01,1.459812265793657415e-01,1.512259582749540254e-01,2.735157228387571360e-01,1.151403683752743184e-01,2.246595265971294553e-01,3.575997709449424966e-01,2.375205734552429671e-01,6.147433832616228111e-01,4.855658568542904896e-01,1.964601579447134982e-01,1.000000000000000000e+00,9.896268585974841991e-02,-1.723280072038079480e-01,2.671861038656424547e-01,2.780787713364988312e-01,2.323183038705425585e-01,8.087247016761223151e-02,2.072327745508026342e-01,7.142509205939047423e-02,6.880115399564689510e-03,-4.185266110391432093e-02,5.644325976836205710e-02,3.763685677424653819e-02,8.528308833266648459e-03,5.485807653412200918e-02,2.710171771986520303e-02,6.945140255817822128e-02,3.575642968938855248e-02,-4.611123679378140161e-02,3.620125841452442178e-02,7.100671972272000476e-02,3.203935506423734314e-02,7.295625956254213340e-02,4.403305253732948954e-02,4.528387859003636662e-02,3.413832416657664598e-02,3.713578408429610983e-02,3.654914215900468416e-02,-2.409053142400235134e-04,3.292762571329017895e-02,2.518468799697322087e-03,1.050832031629164894e-02,4.648322212828655958e-02,-3.195619351402089608e-02,3.175780649997490129e-02,2.770066400574216353e-02,-7.502172604903226127e-03,1.413076767286634491e-02,1.601942819646542948e-02,2.273257994433211179e-02,2.225545033622751759e-02,2.193924459003842101e-02,7.231821166020992349e-03,1.824865921263277638e-02,3.542197489791300974e-02,1.124582584763931560e-02,1.676928400724395779e-02,2.183084515954307556e-03,-8.567145198199189668e-03,-5.364890939012895849e-03,1.034780508552235988e-02,8.724287094931393316e-03
-2.065121192362617472e-02,-2.857057475707583741e-02,-3.722750894511773611e-03,-2.666566616345317567e-02,-2.456558534185120449e-02,-5.419364630693053637e-03,-1.256140119159948262e-02,-6.619728729230613465e-03,1.985565541085847902e-02,-3.968709238484384103e-03,-3.264376825732796111e-02,9.229611085956311578e-02,-3.815071233148060320e-02,-7.215031502225494053e-02,9.896268585974841991e-02,1.000000000000000000e+00,1.443819395532082162e-01,3.572954159286497768e-03,1.924768779156649789e-01,6.523315464844353651e-02,-5.331106922644623242e-02,1.320824686542539372e-01,2.524412387394667223e-02,5.519320810189669302e-02,3.876705131577423691e-02,-4.368636837175502927e-03,-7.551812122607831634e-02,8.801864325889063520e-03,-4.281252271477507115e-02,-8.990904439677071744e-03,3.868073055328771770e-02,-6.987968645654578370e-02,7.946114555100530427e-03,6.301357645189288592e-02,-1.409895893047967419e-02,-1.642828775805982300e-02,-5.525133375668312558e-02,1.144922284403250730e-02,1.146079094310623568e-02,1.629322932685060496e-02,1.005487696844405317e-02,7.053905477836558413e-02,5.202419744689034536e-02,4.881726739442048685e-02,2.998513893769899630e-02,1.116197304479400396e-02,1.430511498174270868e-02,1.686853034931099296e-02,3.894316023254067172e-02,-7.524960628787998040e-03,-2.086603632529284835e-03,2.496736383147585281e-02,-1.452993579354799024e-02,2.115821640753604623e-03,-3.951190716025622732e-03,-2.680982973568103722e-02,-3.594104065467912650e-03,-2.951240845419382183e-02,1.026284108810740676e-02,-7.170324998574362577e-03,-7.829321731260474246e-03,1.798197911877950222e-02,-1.355637893194375221e-02,-1.106053512864404141e-02,-3.816143102907899876e-02,-1.187333904734918545e-02
2.622739285647363028e-02,2.318545900988968136e-02,4.796370896332098621e-02,-2.266611723332433853e-02,3.065505614921583410e-02,3.636677498523533530e-02,9.454413477875319230e-03,9.307339978038690897e-02,2.590721237944824604e-02,1.105584664313528616e-03,1.901251292158581407e-01,-2.653850151128535340e-02,-4.863371122202002350e-02,2.756757872614319371e-01,-1.723280072038079480e-01,1.443819395532082162e-01,1.000000000000000000e+00,1.734373436070169583e-01,1.336543138997617064e-01,7.561875377587500002e-02,2.696791693652706573e-02,8.690100165421818512e-02,-1.512827362123109719e-02,-2.062935663040158310e-02,-2.778653395613895835e-02,-1.053862138508719626e-02,2.068126399917333269e-02,4.505642561502189863e-02,4.774806008197273952e-03,2.805128695014945037e-02,6.536100292658526822e-02,-9.172413820284535529e-03,-5.495509046401798880e-02,-2.264164229545675977e-02,3.583249026432484829e-02,-1.725615174441832295e-02,-3.160119703459673968e-02,-2.438670733790447576e-02,-3.494555185610465770e-02,-2.299416716057030990e-02,-1.394693656181233803e-02,1.272924382908545426e-02,2.948831850306873198e-02,7.661252716269727030e-03,-4.443598390034548054e-03,-2.576739856276955357e-02,-1.711601121730844596e-02,-1.058927873017180381e-02,7.865272052709417969e-03,9.513599538983027668e-03,2.458573764112638969e-03,2.437774459811490116e-02,1.486085528842739619e-03,1.048312170652985868e-02,1.781747450056668514e-02,-1.731820190486943467e-02,-1.246925851779563492e-02,2.419300138511646173e-02,8.444384638148966921e-03,4.894104824917522127e-03,1.862045838579192087e-03,1.090779155543732809e-02,-5.921574601451101141e-04,3.760371996188099659e-03,7.210140940574416395e-03,-1.685452263540926018e-02
9.207410079593759955e-02,6.906596714324492181e-02,1.221143646706660674e-01,1.600090592143508794e-01,1.473868866615213047e-01,1.250484192262158456e-01,2.253166051362496258e-01,1.502628240351296385e-01,1.310565844289400261e-01,2.611183882070732265e-01,3.348100224716268336e-01,2.840933382543004981e-01,3.532211225511094344e-01,3.441378078308697797e-01,2.671861038656424547e-01,3.572954159286497768e-03,1.734373436070169583e-01,1.000000000000000000e+00,3.983329082169163593e-01,3.341841149388032339e-01,1.494019590697317490e-01,2.718350714528269263e-01,5.023178338035277912e-02,-2.165838912817324297e-02,-7.847709390910044547e-02,4.968391282167499562e-02,6.423470058181587894e-02,-1.125957563553000099e-02,5.660579330537597598e-02,1.517577424207043786e-02,4.402742580077481649e-02,8.142976428577961001e-02,-3.512731758656049974e-02,-3.485754712704497438e-02,7.317011103310758213e-02,4.255295829178267625e-02,6.350501321991122716e-02,3.513249378369851482e-03,2.393167330439056883e-02,1.924033867695616393e-02,1.081415012258321942e-02,1.808364741643156068e-02,-4.594410434649768920e-04,3.174619770667986424e-02,6.122679044755583583e-03,-1.240157316637869808e-02,-2.840069298291153534e-05,-1.199975989746505066e-02,1.876008335408706901e-02,1.325217892435231852e-02,1.051635275171397196e-02,1.263835948984542122e-02,1.997155671136707430e-02,3.436241236179370800e-02,2.781404718983168656e-02,-1.180503622841225231e-02,-3.616501431202666719e-03,1.435182693337141470e-02,3.851729586762760909e-04,-2.086992248645850104e-02,-9.311063019235640489e-03,-1.035926612024257176e-02,5.115268148756315497e-03,-2.907148755427861955e-02,7.553110180561051386e-03,-3.770800416649988315e-03
2.797254645028871001e-02,1.730414770846607636e-02,6.984506868476332564e-02,6.639242941202648518e-02,5.305540571382160592e-02,8.605742168574773143e-02,9.538335994014647545e-02,9.511246004928793074e-02,1.261498164508949027e-01,1.356029306022688286e-01,2.173975950701095006e-01,2.892131203856314059e-01,1.878521480239063179e-01,1.797915137101084582e-01,2.780787713364988312e-01,1.924768779156649789e-01,1.336543138997617064e-01,3.983329082169163593e-01,1.000000000000000000e+00,5.128191348374513403e-01,2.269508614015405476e-02,5.666673415100178524e-01,7.810849589146941219e-02,1.095717241664541375e-02,-6.031897201217954058e-02,1.126951916765978612e-01,1.118776085694548061e-01,2.973564348675361568e-02,1.136601158733617639e-01,1.017517065680259292e-01,1.259058485746882561e-01,8.499275502380045089e-02,-5.314483569994259138e-02,2.433468678679784336e-02,1.142563463601942025e-01,5.383153980637381264e-02,6.627980862788931948e-02,2.045670490137913022e-02,2.406631786213206739e-02,3.789950770128019952e-02,3.043937049699127137e-02,7.708241218153236152e-02,3.820638708729619942e-02,6.618108796671616501e-02,5.367993746595427912e-02,5.544622340547865347e-02,5.670241510076473590e-02,3.727823780524726349e-02,8.130541915966542355e-02,4.120103931256387936e-02,5.006358893623978623e-02,3.594232284161244517e-02,3.294534085095326276e-02,2.634160405533363461e-02,3.168626131146928121e-02,-7.886713610818555081e-04,-4.570501169327978973e-03,-8.050632077463135139e-03,9.818550309483614624e-03,-3.007295086772025436e-02,-1.450583830000996182e-03,4.089275279803659263e-03,7.690426593749396210e-03,1.655115512120304902e-03,-1.069545556502673155e-02,-9.384807445797048800e-03
3.244500014409106015e-02,4.501679045466716600e-02,5.930768032307254245e-02,6.270254216799700520e-02,6.401841567383947940e-02,7.167613422767177278e-02,9.569078636884729983e-02,1.028049387998455078e-01,8.623640876437219105e-02,1.219621690017162058e-01,1.796616582044831822e-01,2.381651705572292443e-01,1.890890895146832285e-01,1.400237967942191686e-01,2.323183038705425585e-01,6.523315464844353651e-02,7.561875377587500002e-02,3.341841149388032339e-01,5.128191348374513403e-01,1.000000000000000000e+00,4.170850088355018692e-01,4.728291631275135520e-01,-6.217212078832941996e-02,-8.549160330509820993e-02,-8.991489863017360085e-02,-1.461819329952383090e-02,1.008839709744145524e-01,7.455980935192670078e-02,1.062928175959212684e-01,6.554502854121453670e-02,1.553970149760148522e-01,8.099018416997830205e-02,-1.188079951241896998e-01,-2.470424206557129618e-02,1.392609132839322250e-01,4.316037938002673102e-02,6.279012307673906279e-02,1.677132339761865099e-02,-8.661259744267065658e-03,2.389451206124408282e-05,-1.410471824578120792e-03,6.349865402356148769e-02,4.393188482516215132e-02,5.597256501501835652e-02,6.058987289012414401e-02,5.715971037906000113e-02,4.123736255871129908e-02,3.925170429666894473e-02,6.994254693106133347e-02,4.845387036546645876e-02,5.228342623366727393e-02,3.280905237258079782e-02,3.223560403694195747e-02,2.365494285420671403e-02,1.456232703271406574e-02,1.258557395079966737e-02,1.816635871040413186e-02,-3.179033773772192532e-03,1.737784981004225973e-02,-1.872136771532191156e-03,2.042273459373982608e-02,9.548871427122894787e-03,9.425467712034866705e-03,-3.959416001931651344e-03,-5.688601140750566311e-03,6.196795761626811699e-03
3.186133770708786395e-02,4.889054876116591397e-02,1.922071219296212635e-02,5.734940149413927934e-02,4.405329975285426913e-02,2.378172392617444730e-02,9.310536783371961556e-02,5.672183988317211489e-02,1.865239290304999270e-02,1.003483375792324772e-01,1.171121111591583719e-01,8.496436187688274910e-02,1.483671484308092259e-01,1.044448755764072478e-01,8.087247016761223151e-02,-5.331106922644623242e-02,2.696791693652706573e-02,1.494019590697317490e-01,2.269508614015405476e-02,4.170850088355018692e-01,1.000000000000000000e+00,1.687813507359642029e-01,1.001802192717082471e-02,-6.667734552807312587e-02,-8.990393824377082566e-02,7.065466328941082119e-02,9.217947001865918477e-02,-2.195213548290065111e-02,4.625337121266699658e-02,-1.547686973459495852e-02,1.750309745929277787e-03,4.986536023032799025e-02,-1.571562248918580429e-01,-7.900749106212003048e-02,8.456799988529008216e-02,8.922601506787057254e-03,4.426300820738851560e-02,1.741721800401154971e-02,1.150557011332945315e-02,-9.183830092185520100e-03,-7.089130773690903789e-03,4.023587313513746905e-02,1.628332737851188872e-02,2.406736554490333108e-02,2.613829798064400828e-02,-3.238688494806581542e-03,2.196624901241140196e-02,1.117865097258815069e-02,3.661973474076488794e-02,2.986849856177904022e-02,2.246863275248250913e-02,3.201633785345969763e-02,2.358336210945366149e-02,1.007341491922583189e-02,5.806528911411728243e-03,2.706445665979487214e-02,3.512546770481375646e-02,5.644423976679076999e-03,5.184991276476676745e-04,1.435996880197844619e-02,2.150176912755682665e-02,1.106923853661191323e-04,2.440173551506118893e-02,7.917099203052486642e-03,3.188748232039945868e-02,3.278906985863542373e-02
1.286274489176428108e-02,4.938021396793197161e-03,3.001328507090854358e-02,1.724157819621421894e-02,4.048578020046790071e-05,5.026953242052688980e-02,3.212020511602403650e-02,5.330658544914378821e-02,7.288800347986797157e-02,6.271470787530268598e-02,1.513807947655419761e-01,2.141031133534746778e-01,1.067572070447181942e-01,1.182214726134235422e-01,2.072327745508026342e-01,1.320824686542539372e-01,8.690100165421818512e-02,2.718350714528269263e-01,5.666673415100178524e-01,4.728291631275135520e-01,1.687813507359642029e-01,1.000000000000000000e+00,2.354244874162420287e-01,1.543366482257107486e-01,-2.762500669734559156e-02,2.439043287300610152e-01,4.832924161562561494e-02,-4.440108595353779025e-02,6.713693602977380270e-02,5.448744318181137497e-02,8.555720845951235443e-02,6.008942102715578160e-02,-1.002081359475120725e-01,1.021791858442033102e-02,8.883768744963906061e-02,1.653582394175896753e-02,3.869429644343148900e-02,2.814640496554697210e-02,4.033690028612997580e-02,4.613664208091403790e-02,2.834131152267088324e-02,7.363147583807945484e-02,3.239863715815030631e-02,7.722196788024798808e-02,5.940406786552022284e-02,4.898670435061321105e-02,5.174209496710230338e-02,4.645293563983440843e-02,7.473497387514736745e-02,3.441578988266065509e-02,3.702671667411024797e-02,3.488961193615358614e-02,2.439311956762203401e-02,6.242610163527544803e-03,3.415109573547036453e-02,-4.268011087699913678e-03,-1.628298652996766627e-02,-1.717942724471829136e-02,2.486193005803100011e-03,-3.370904310646031382e-02,1.341929011994160391e-03,2.576088513675009462e-02,2.624144362248341175e-02,7.964207481021041632e-03,-1.632249962923159464e-02,-8.210484696515646039e-03
-8.031347614643999421e-04,-1.588581950443167246e-02,-9.559443380528101150e-03,5.763217307464586509e-04,-8.212298583771808491e-03,-1.136701042342208243e-03,1.330085263708966591e-02,7.035844061993229426e-03,2.606476195099751824e-03,1.902385443091787406e-02,3.439712840445752901e-02,5.491846556810868474e-02,5.894264831708510843e-02,1.639148201141941291e-02,7.142509205939047423e-02,2.524412387394667223e-02,-1.512827362123109719e-02,5.023178338035277912e-02,7.810849589146941219e-02,-6.217212078832941996e-02,1.001802192717082471e-02,2.354244874162420287e-01,1.000000000000000000e+00,5.445043595803122916e-01,-6.320210401102280273e-02,5.028221959968459664e-01,-1.668944922985447776e-01,-2.374466942092072208e-01,-6.905834716111439175e-02,-2.072417823445362461e-01,-1.648799186530526262e-01,-2.378075010218097876e-02,6.024731061966624723e-02,2.919613660241409444e-03,-9.901160727778998694e-02,-8.166614240107065298e-03,-9.880972329415534799e-03,5.287807370469524036e-04,6.177570463833201297e-02,5.492102547887229430e-02,3.769018289704290092e-02,5.757920627594175986e-03,-5.142635222914487131e-02,-2.027645364928335608e-02,-2.551046892273588218e-02,-2.610320719402749526e-02,4.164222480216237844e-03,-3.026569881131258369e-02,-4.893028083548548075e-03,-2.749523467730196485e-02,-3.445743382826040729e-02,1.730326413054571535e-02,-4.467039685206407318e-02,-3.610350354770023446e-02,-2.490398913104849982e-02,-2.021941404226004421e-02,-1.377503415221570729e-02,-1.152199869715842678e-02,-1.084563892628762766e-02,-3.615636002524920400e-02,-3.983298657801492837e-02,-1.420105042488499329e-02,1.080036144457121976e-03,-1.864194932082087735e-03,-6.147313070978567377e-03,1.638998175477080366e-05
