1.000000000000000000e+00,4.183055768414667974e-01,4.308067264298988119e-01,4.609922173682982627e-01,3.304122468356129327e-01,2.941642539510783139e-01,1.965540909851999640e-01,2.016205579471989640e-01,2.187444504582535809e-01,1.739626224029062196e-01,1.569289565861521629e-01,1.766386532224690775e-01,1.418999061742844958e-01,1.234248431270027202e-01,1.490241713923504130e-01,9.883688141676980066e-02,1.008070766113475930e-01,1.179160856802355384e-01,8.551083247863221215e-02,9.107079021865988055e-02,7.016109221011557207e-02,6.260775768716912715e-02,6.533874608100380399e-02,6.655975293808853721e-02,-5.085529634174071854e-03,3.559977212931006441e-02,5.249915777831436203e-02,1.409352545189452438e-02,3.906596560188002609e-02,2.090144135798575192e-02,3.676451784452899191e-03,1.478056041839725249e-02
4.183055768414667974e-01,1.000000000000000000e+00,4.655347103301786804e-01,5.257229101306089003e-01,4.554690819945614311e-01,2.017530140086970514e-01,1.130747213080239288e-01,1.340314492818665548e-01,1.496668243267401388e-01,1.015393607749520838e-01,1.329931838742645644e-01,1.045924132962005593e-01,1.039057502534380256e-01,7.881926262758445767e-02,8.620431160899455492e-02,7.570424740446483891e-02,5.094770452440734732e-02,6.812061055598715720e-02,8.946296954213196762e-02,5.729021051358959560e-02,4.677087552863364028e-02,4.157568168826641236e-02,2.106074823835576981e-02,2.869813017887730758e-02,-3.516972132369425991e-02,-2.317317890498752156e-02,1.953784099328245705e-02,-3.103167390579629481e-02,3.271052961694904254e-02,1.471353378474857601e-02,1.991295161384070561e-02,3.471106199175192503e-02
4.308067264298988119e-01,4.655347103301786804e-01,1.000000000000000000e+00,4.425124949405290220e-01,5.890428677919253841e-01,2.458894040491718391e-01,1.819987022230898088e-01,1.781673960868464246e-01,1.998396409973809684e-01,1.342762548050753513e-01,1.433360798671594327e-01,1.643530022144309710e-01,1.565003445427403383e-01,1.363848693962327330e-01,1.314431556490041342e-01,1.135741395911009088e-01,1.114522579732158264e-01,9.451657489728970685e-02,7.676858420142969319e-02,6.370798145442542471e-02,5.612079454911667736e-02,3.771320996557602639e-02,2.690748648346466196e-02,5.001140270361675855e-02,4.001223375787931955e-03,1.085892001354905878e-02,4.347121322785130193e-02,2.149605779138410652e-03,3.787387029575180891e-02,2.249089167049909271e-02,9.396670641552768571e-03,1.519553806631761782e-02
4.609922173682982627e-01,5.257229101306089003e-01,4.425124949405290220e-01,1.000000000000000000e+00,4.737503314013218891e-01,4.713402229854555814e-01,2.857824254783737361e-01,2.750340818849653091e-01,2.911274896240524934e-01,2.057051214172953557e-01,2.414396703070070260e-01,2.289951918523822350e-01,1.795285995788802047e-01,1.519695191238364107e-01,1.897871129763983589e-01,1.429459923301847624e-01,1.306360323778779919e-01,1.516519505667089096e-01,1.403239971357684301e-01,9.807701340007508872e-02,1.129235151923047714e-01,9.471393786189608033e-02,7.420499887248482862e-02,1.004574953446481650e-01,9.732042742380360087e-03,4.733596500134090723e-02,6.329037348714808275e-02,4.565028521772070136e-02,5.355878393259439624e-02,3.053145529646063630e-02,2.618820415646801181e-02,3.152554254723132637e-02
3.304122468356129327e-01,4.554690819945614311e-01,5.890428677919253841e-01,4.737503314013218891e-01,1.000000000000000000e+00,2.533381694370516746e-01,1.698615743999332961e-01,1.864277684480622199e-01,2.044733845551748863e-01,1.403323151057720430e-01,1.582301320216487617e-01,1.665503981451307569e-01,1.925841623856955898e-01,1.452760407199023551e-01,1.344724603875951663e-01,1.395544479819027517e-01,1.052493587519156282e-01,1.043555277433731443e-01,9.433464783830755596e-02,8.628340323227155773e-02,6.839767487452244610e-02,6.252512008880610483e-02,4.676058861874322903e-02,5.314288248377389140e-02,8.592310431358803416e-03,2.033883149080963765e-02,3.625506975139840271e-02,3.059149164989754741e-02,3.838378567785861312e-02,3.363035955768277352e-02,2.144080088429935887e-02,2.336009520332392800e-02
2.941642539510783139e-01,2.017530140086970514e-01,2.458894040491718391e-01,4.713402229854555814e-01,2.533381694370516746e-01,1.000000000000000000e+00,3.807452847482769021e-01,4.299101335920217926e-01,4.111972685213330925e-01,3.227335446435568578e-01,3.411543885258842557e-01,3.255528246254535407e-01,1.798317366639393400e-01,1.736928709976172103e-01,2.401831924897816495e-01,1.308745218308906832e-01,1.437410156808661965e-01,1.974742110773100023e-01,8.593486051324650266e-02,1.044291749169992817e-01,1.349611921750976384e-01,4.708419062634574409e-02,7.943029985261726433e-02,1.422343439580461000e-01,6.326305448142231780e-02,7.473461882411461255e-02,9.295411392760836999e-02,8.265758699069683524e-02,7.022359462036686928e-02,4.592266619677215500e-02,3.842390079951926718e-02,2.571388569042009492e-02
1.965540909851999640e-01,1.130747213080239288e-01,1.819987022230898088e-01,2.857824254783737361e-01,1.698615743999332961e-01,3.807452847482769021e-01,1.000000000000000000e+00,4.418675485795618973e-01,4.619087978041035991e-01,4.684598100610335436e-01,2.148177347516136149e-01,3.712141246014343809e-01,2.892817010566624547e-01,1.962308640929352477e-01,2.989631136187643756e-01,2.150749688092531975e-01,1.658976822146215335e-01,2.479417626850489997e-01,1.381593201731198817e-01,1.394003020840494378e-01,1.772797147890006753e-01,1.228527499272790841e-01,1.085499506293985256e-01,1.766775524779518602e-01,1.001775637859924767e-01,8.512912670373593005e-02,1.348273587067282953e-01,1.051656033716185379e-01,8.271348341108507307e-02,5.185717817411828606e-02,4.722249645707279203e-02,3.865884925385199705e-02
2.016205579471989640e-01,1.340314492818665548e-01,1.781673960868464246e-01,2.750340818849653091e-01,1.864277684480622199e-01,4.299101335920217926e-01,4.418675485795618973e-01,1.000000000000000000e+00,4.363273958477508763e-01,5.744984893114756241e-01,5.016863251376494359e-01,2.885013000091945501e-01,2.938428357723314455e-01,2.550901114142612447e-01,2.466303498199367283e-01,2.157002119794988182e-01,1.889182403954177969e-01,1.958428608667293069e-01,1.353404728853668804e-01,1.236672372767751577e-01,1.440937728398345441e-01,1.081923565839476298e-01,1.174838500175262035e-01,1.488630400777490592e-01,7.070375618733946987e-02,8.044316530658150721e-02,8.813294224719352143e-02,7.476428330750659046e-02,4.062807500579163761e-02,9.820809795620881466e-03,2.818053786965561344e-03,1.063968177374556047e-02
2.187444504582535809e-01,1.496668243267401388e-01,1.998396409973809684e-01,2.911274896240524934e-01,2.044733845551748863e-01,4.111972685213330925e-01,4.619087978041035991e-01,4.363273958477508763e-01,1.000000000000000000e+00,4.659676570266795270e-01,4.476553892503904453e-01,6.478804298082394553e-01,3.685515405946347967e-01,2.751125476166938477e-01,5.024405512414631403e-01,2.839172011661414419e-01,2.180431471082070749e-01,4.044193970929396698e-01,1.905909424169078270e-01,1.426411763706158520e-01,2.606195094066738327e-01,1.452930052937970451e-01,1.120170613167622564e-01,2.702795640885110595e-01,1.198306404369605949e-01,1.118934768034847704e-01,1.486503234421484021e-01,1.319978426708724450e-01,9.484724764675665776e-02,5.021033440034101264e-02,5.018661020870845285e-02,2.511940644818772342e-02
1.739626224029062196e-01,1.015393607749520838e-01,1.342762548050753513e-01,2.057051214172953557e-01,1.403323151057720430e-01,3.227335446435568578e-01,4.684598100610335436e-01,5.744984893114756241e-01,4.659676570266795270e-01,1.000000000000000000e+00,4.160577062310866214e-01,3.522633705668465343e-01,3.489793485727055722e-01,2.064588817001441756e-01,2.750925739373445422e-01,2.621187844375881260e-01,1.716977859122912620e-01,2.301545370402718615e-01,1.716359931798534522e-01,1.256664162319084121e-01,1.629262892198795332e-01,1.309672959438112072e-01,1.128666998885510114e-01,1.517856951165420520e-01,6.653018442876282301e-02,4.829657988171844052e-02,7.428358624276733269e-02,4.914486659244766270e-02,3.589487142999001068e-02,2.748845565520117648e-02,2.714068243519070721e-04,-9.259558929675781869e-03
1.569289565861521629e-01,1.329931838742645644e-01,1.433360798671594327e-01,2.414396703070070260e-01,1.582301320216487617e-01,3.411543885258842557e-01,2.148177347516136149e-01,5.016863251376494359e-01,4.476553892503904453e-01,4.160577062310866214e-01,1.000000000000000000e+00,3.140464472295489973e-01,2.502660703118837482e-01,3.514009633070439564e-01,2.740404148147394525e-01,1.754356531034806377e-01,2.636508309207038492e-01,2.095770312835304183e-01,1.144891932546591995e-01,1.415720634446692161e-01,1.548858190602408758e-01,6.708386470172518490e-02,1.422783978377578085e-01,1.381679599701455263e-01,5.065106023877333913e-02,7.437381620737226751e-02,6.249959836450277167e-02,7.172609446423759694e-02,2.565174663230028462e-02,-1.389739833095536212e-02,9.231849239326857248e-03,-2.560053009424298649e-03
1.766386532224690775e-01,1.045924132962005593e-01,1.643530022144309710e-01,2.289951918523822350e-01,1.665503981451307569e-01,3.255528246254535407e-01,3.712141246014343809e-01,2.885013000091945501e-01,6.478804298082394553e-01,3.522633705668465343e-01,3.140464472295489973e-01,1.000000000000000000e+00,3.994352762500394949e-01,3.357646132501869718e-01,6.305627892434941817e-01,3.381555634004198008e-01,2.825426245174824658e-01,5.055837180065680947e-01,2.514811277292910430e-01,1.960037692542911658e-01,3.362868674681462888e-01,2.029519082133676156e-01,1.508197137038153890e-01,3.417190895264619610e-01,1.536496648320855862e-01,1.473688359484295329e-01,1.849948815084897225e-01,1.639696267394929463e-01,1.157574719664487689e-01,4.798572215610115432e-02,5.119699697381198400e-02,3.653964674840531196e-02
1.418999061742844958e-01,1.039057502534380256e-01,1.565003445427403383e-01,1.795285995788802047e-01,1.925841623856955898e-01,1.798317366639393400e-01,2.892817010566624547e-01,2.938428357723314455e-01,3.685515405946347967e-01,3.489793485727055722e-01,2.502660703118837482e-01,3.994352762500394949e-01,1.000000000000000000e+00,4.206949282172565141e-01,4.310115684975660555e-01,6.502588514991279878e-01,3.408901563075200092e-01,3.618377355856663424e-01,3.417945635426430928e-01,2.316861703329161637e-01,2.576398243667868959e-01,3.075299636708062057e-01,2.130632901161628456e-01,2.568235151541447547e-01,6.361328852186624860e-02,9.227037204617939692e-02,1.215711266841552340e-01,9.123709244287669939e-02,6.280950079132570363e-02,2.770569605670931274e-02,1.285962006157016259e-02,1.272963634035852859e-02
1.234248431270027202e-01,7.881926262758445767e-02,1.363848693962327330e-01,1.519695191238364107e-01,1.452760407199023551e-01,1.736928709976172103e-01,1.962308640929352477e-01,2.550901114142612447e-01,2.751125476166938477e-01,2.064588817001441756e-01,3.514009633070439564e-01,3.357646132501869718e-01,4.206949282172565141e-01,1.000000000000000000e+00,4.208867691371773745e-01,3.598438310862198120e-01,6.308115864588913491e-01,3.295679616168286641e-01,2.221272087818456087e-01,3.584649933444910563e-01,2.519405494780162513e-01,1.760724531380541968e-01,2.608065005570432415e-01,2.189039387609436338e-01,1.130958273200131092e-01,1.748579710270823651e-01,1.852621341036943259e-01,1.670558406827007125e-01,9.194384017077396332e-02,4.300764723139661322e-02,1.968110001722828128e-02,4.848576384080425378e-02
1.490241713923504130e-01,8.620431160899455492e-02,1.314431556490041342e-01,1.897871129763983589e-01,1.344724603875951663e-01,2.401831924897816495e-01,2.989631136187643756e-01,2.466303498199367283e-01,5.024405512414631403e-01,2.750925739373445422e-01,2.740404148147394525e-01,6.305627892434941817e-01,4.310115684975660555e-01,4.208867691371773745e-01,1.000000000000000000e+00,4.242615680731984251e-01,3.972839413271697095e-01,6.721979546308803899e-01,3.322845261274874340e-01,2.775193366595173905e-01,4.585718028242417033e-01,2.851392149458861769e-01,2.190396713670041129e-01,4.374128539532386450e-01,1.916179128551892541e-01,1.860678602480908828e-01,2.238336550084656651e-01,2.030296946210073950e-01,1.444940182781310478e-01,6.381194981056706461e-02,4.788442480118688255e-02,4.623114118886924306e-02
9.883688141676980066e-02,7.570424740446483891e-02,1.135741395911009088e-01,1.429459923301847624e-01,1.395544479819027517e-01,1.308745218308906832e-01,2.150749688092531975e-01,2.157002119794988182e-01,2.839172011661414419e-01,2.621187844375881260e-01,1.754356531034806377e-01,3.381555634004198008e-01,6.502588514991279878e-01,3.598438310862198120e-01,4.242615680731984251e-01,1.000000000000000000e+00,3.913203694239248409e-01,3.733726458353025524e-01,4.158951727344786242e-01,2.356638236802167385e-01,2.606353952251237449e-01,3.741569112510003126e-01,2.283870517668361300e-01,2.619945318568797088e-01,5.111908111826558854e-02,9.767245447379407919e-02,1.062625355183236669e-01,1.006671280171507615e-01,6.179956615565115191e-02,3.033284575212956066e-02,5.827736083008808188e-03,9.100740165184769900e-03
1.008070766113475930e-01,5.094770452440734732e-02,1.114522579732158264e-01,1.306360323778779919e-01,1.052493587519156282e-01,1.437410156808661965e-01,1.658976822146215335e-01,1.889182403954177969e-01,2.180431471082070749e-01,1.716977859122912620e-01,2.636508309207038492e-01,2.825426245174824658e-01,3.408901563075200092e-01,6.308115864588913491e-01,3.972839413271697095e-01,3.913203694239248409e-01,1.000000000000000000e+00,3.455382083820575101e-01,2.731723412221293001e-01,4.323815800568846512e-01,2.769216918977458475e-01,2.154112819299227322e-01,3.283878142457993254e-01,2.175042944817678348e-01,9.986945180749538797e-02,1.718014190101699312e-01,1.751721957480629199e-01,1.589388523169678324e-01,9.263764974535763919e-02,4.540148582025090029e-02,2.622471214314282123e-02,4.843070135489758316e-02
1.179160856802355384e-01,6.812061055598715720e-02,9.451657489728970685e-02,1.516519505667089096e-01,1.043555277433731443e-01,1.974742110773100023e-01,2.479417626850489997e-01,1.958428608667293069e-01,4.044193970929396698e-01,2.301545370402718615e-01,2.095770312835304183e-01,5.055837180065680947e-01,3.618377355856663424e-01,3.295679616168286641e-01,6.721979546308803899e-01,3.733726458353025524e-01,3.455382083820575101e-01,1.000000000000000000e+00,3.781942508188005925e-01,3.182888766378272893e-01,5.597829920391539371e-01,3.416445597982101789e-01,2.654190537900063540e-01,5.050283041986937116e-01,2.095822956409609250e-01,2.095682359462540389e-01,2.366246723220610804e-01,2.210106213003872333e-01,1.486525435484022106e-01,6.465826525776416367e-02,4.709004059313464524e-02,4.044752844020484128e-02
8.551083247863221215e-02,8.946296954213196762e-02,7.676858420142969319e-02,1.403239971357684301e-01,9.433464783830755596e-02,8.593486051324650266e-02,1.381593201731198817e-01,1.353404728853668804e-01,1.905909424169078270e-01,1.716359931798534522e-01,1.144891932546591995e-01,2.514811277292910430e-01,3.417945635426430928e-01,2.221272087818456087e-01,3.322845261274874340e-01,4.158951727344786242e-01,2.731723412221293001e-01,3.781942508188005925e-01,1.000000000000000000e+00,3.783878195165653602e-01,3.814197214375861233e-01,5.844536337984154173e-01,2.990228328733955943e-01,3.045061046000606120e-01,3.861924363749934946e-02,1.184292191866036931e-01,1.053782039732975018e-01,1.183928379730297270e-01,6.846926590020092906e-02,2.759746246482264187e-02,-1.016311445820063455e-02,2.082931249878308688e-02
9.107079021865988055e-02,5.729021051358959560e-02,6.370798145442542471e-02,9.807701340007508872e-02,8.628340323227155773e-02,1.044291749169992817e-01,1.394003020840494378e-01,1.236672372767751577e-01,1.426411763706158520e-01,1.256664162319084121e-01,1.415720634446692161e-01,1.960037692542911658e-01,2.316861703329161637e-01,3.584649933444910563e-01,2.775193366595173905e-01,2.356638236802167385e-01,4.323815800568846512e-01,3.182888766378272893e-01,3.783878195165653602e-01,1.000000000000000000e+00,3.768164018906190460e-01,3.164258991829741463e-01,5.453511008690832274e-01,1.808731263153078861e-01,4.051545789250221574e-02,1.678309212725107302e-01,1.738657830375868185e-01,1.730652116559107945e-01,1.113340413600551332e-01,4.729076431329954505e-02,8.707351091064460119e-03,6.215417349228261751e-02
7.016109221011557207e-02,4.677087552863364028e-02,5.612079454911667736e-02,1.129235151923047714e-01,6.839767487452244610e-02,1.349611921750976384e-01,1.772797147890006753e-01,1.440937728398345441e-01,2.606195094066738327e-01,1.629262892198795332e-01,1.548858190602408758e-01,3.362868674681462888e-01,2.576398243667868959e-01,2.519405494780162513e-01,4.585718028242417033e-01,2.606353952251237449e-01,2.769216918977458475e-01,5.597829920391539371e-01,3.814197214375861233e-01,3.768164018906190460e-01,1.000000000000000000e+00,3.585017191150873250e-01,3.082697990040366154e-01,5.150434553999722054e-01,1.951587082365693060e-01,1.818588879517139267e-01,2.315092769238846770e-01,2.048068271282639519e-01,1.389367383737788453e-01,2.640773376081830340e-02,1.642503552111786863e-02,3.468378396992139595e-02
6.260775768716912715e-02,4.157568168826641236e-02,3.771320996557602639e-02,9.471393786189608033e-02,6.252512008880610483e-02,4.708419062634574409e-02,1.228527499272790841e-01,1.081923565839476298e-01,1.452930052937970451e-01,1.309672959438112072e-01,6.708386470172518490e-02,2.029519082133676156e-01,3.075299636708062057e-01,1.760724531380541968e-01,2.851392149458861769e-01,3.741569112510003126e-01,2.154112819299227322e-01,3.416445597982101789e-01,5.844536337984154173e-01,3.164258991829741463e-01,3.585017191150873250e-01,1.000000000000000000e+00,3.821575713682649478e-01,3.831010972313816376e-01,2.222150549019005425e-02,1.189784480827796587e-01,1.051641967289200091e-01,1.143523647426415990e-01,6.290145182024590997e-02,3.242722337087081824e-02,-1.247881128304985550e-02,1.962425989471359641e-02
6.533874608100380399e-02,2.106074823835576981e-02,2.690748648346466196e-02,7.420499887248482862e-02,4.676058861874322903e-02,7.943029985261726433e-02,1.085499506293985256e-01,1.174838500175262035e-01,1.120170613167622564e-01,1.128666998885510114e-01,1.422783978377578085e-01,1.508197137038153890e-01,2.130632901161628456e-01,2.608065005570432415e-01,2.190396713670041129e-01,2.283870517668361300e-01,3.283878142457993254e-01,2.654190537900063540e-01,2.990228328733955943e-01,5.453511008690832274e-01,3.082697990040366154e-01,3.821575713682649478e-01,1.000000000000000000e+00,1.779645790200324595e-01,5.804219631849238947e-02,1.958362643341216014e-01,2.000889128645540749e-01,1.769171981590264009e-01,1.345452433994002717e-01,6.155317315648753396e-02,8.933758509028024569e-03,4.559053412421634754e-02
6.655975293808853721e-02,2.869813017887730758e-02,5.001140270361675855e-02,1.004574953446481650e-01,5.314288248377389140e-02,1.422343439580461000e-01,1.766775524779518602e-01,1.488630400777490592e-01,2.702795640885110595e-01,1.517856951165420520e-01,1.381679599701455263e-01,3.417190895264619610e-01,2.568235151541447547e-01,2.189039387609436338e-01,4.374128539532386450e-01,2.619945318568797088e-01,2.175042944817678348e-01,5.050283041986937116e-01,3.045061046000606120e-01,1.808731263153078861e-01,5.150434553999722054e-01,3.831010972313816376e-01,1.779645790200324595e-01,1.000000000000000000e+00,2.853935892893774140e-01,2.889031126334843935e-01,2.962012806625278771e-01,2.630451107922249232e-01,1.798191298019939099e-01,8.321367731922882371e-02,5.702119334835249048e-02,4.935322781242521689e-02
-5.085529634174071854e-03,-3.516972132369425991e-02,4.001223375787931955e-03,9.732042742380360087e-03,8.592310431358803416e-03,6.326305448142231780e-02,1.001775637859924767e-01,7.070375618733946987e-02,1.198306404369605949e-01,6.653018442876282301e-02,5.065106023877333913e-02,1.536496648320855862e-01,6.361328852186624860e-02,1.130958273200131092e-01,1.916179128551892541e-01,5.111908111826558854e-02,9.986945180749538797e-02,2.095822956409609250e-01,3.861924363749934946e-02,4.051545789250221574e-02,1.951587082365693060e-01,2.222150549019005425e-02,5.804219631849238947e-02,2.853935892893774140e-01,1.000000000000000000e+00,4.038957355469423582e-01,4.481936744061413291e-01,3.863612567444494328e-01,1.440458970942429806e-01,6.912498319358140186e-02,3.476511432066252839e-03,1.450872360274774002e-02
3.559977212931006441e-02,-2.317317890498752156e-02,1.085892001354905878e-02,4.733596500134090723e-02,2.033883149080963765e-02,7.473461882411461255e-02,8.512912670373593005e-02,8.044316530658150721e-02,1.118934768034847704e-01,4.829657988171844052e-02,7.437381620737226751e-02,1.473688359484295329e-01,9.227037204617939692e-02,1.748579710270823651e-01,1.860678602480908828e-01,9.767245447379407919e-02,1.718014190101699312e-01,2.095682359462540389e-01,1.184292191866036931e-01,1.678309212725107302e-01,1.818588879517139267e-01,1.189784480827796587e-01,1.958362643341216014e-01,2.889031126334843935e-01,4.038957355469423582e-01,1.000000000000000000e+00,3.727835495175770841e-01,5.110616477865637108e-01,2.077691868137709341e-01,1.644624928860644042e-01,5.347812415022450139e-02,1.074713206761596374e-01
5.249915777831436203e-02,1.953784099328245705e-02,4.347121322785130193e-02,6.329037348714808275e-02,3.625506975139840271e-02,9.295411392760836999e-02,1.348273587067282953e-01,8.813294224719352143e-02,1.486503234421484021e-01,7.428358624276733269e-02,6.249959836450277167e-02,1.849948815084897225e-01,1.215711266841552340e-01,1.852621341036943259e-01,2.238336550084656651e-01,1.062625355183236669e-01,1.751721957480629199e-01,2.366246723220610804e-01,1.053782039732975018e-01,1.738657830375868185e-01,2.315092769238846770e-01,1.051641967289200091e-01,2.000889128645540749e-01,2.962012806625278771e-01,4.481936744061413291e-01,3.727835495175770841e-01,1.000000000000000000e+00,4.665488010870171287e-01,4.605652273552892084e-01,1.894049338812368588e-01,1.184544823300894972e-01,1.456533970072632633e-01
1.409352545189452438e-02,-3.103167390579629481e-02,2.149605779138410652e-03,4.565028521772070136e-02,3.059149164989754741e-02,8.265758699069683524e-02,1.051656033716185379e-01,7.476428330750659046e-02,1.319978426708724450e-01,4.914486659244766270e-02,7.172609446423759694e-02,1.639696267394929463e-01,9.123709244287669939e-02,1.670558406827007125e-01,2.030296946210073950e-01,1.006671280171507615e-01,1.589388523169678324e-01,2.210106213003872333e-01,1.183928379730297270e-01,1.730652116559107945e-01,2.048068271282639519e-01,1.143523647426415990e-01,1.769171981590264009e-01,2.630451107922249232e-01,3.863612567444494328e-01,5.110616477865637108e-01,4.665488010870171287e-01,1.000000000000000000e+00,2.326433241751796610e-01,1.861836592125451495e-01,9.243377390002964489e-02,1.416637886177661010e-01
3.906596560188002609e-02,3.271052961694904254e-02,3.787387029575180891e-02,5.355878393259439624e-02,3.838378567785861312e-02,7.022359462036686928e-02,8.271348341108507307e-02,4.062807500579163761e-02,9.484724764675665776e-02,3.589487142999001068e-02,2.565174663230028462e-02,1.157574719664487689e-01,6.280950079132570363e-02,9.194384017077396332e-02,1.444940182781310478e-01,6.179956615565115191e-02,9.263764974535763919e-02,1.486525435484022106e-01,6.846926590020092906e-02,1.113340413600551332e-01,1.389367383737788453e-01,6.290145182024590997e-02,1.345452433994002717e-01,1.798191298019939099e-01,1.440458970942429806e-01,2.077691868137709341e-01,4.605652273552892084e-01,2.326433241751796610e-01,1.000000000000000000e+00,3.409752763081113636e-01,3.256984387307115814e-01,2.934825518543017209e-01
2.090144135798575192e-02,1.471353378474857601e-02,2.249089167049909271e-02,3.053145529646063630e-02,3.363035955768277352e-02,4.592266619677215500e-02,5.185717817411828606e-02,9.820809795620881466e-03,5.021033440034101264e-02,2.748845565520117648e-02,-1.389739833095536212e-02,4.798572215610115432e-02,2.770569605670931274e-02,4.300764723139661322e-02,6.381194981056706461e-02,3.033284575212956066e-02,4.540148582025090029e-02,6.465826525776416367e-02,2.759746246482264187e-02,4.729076431329954505e-02,2.640773376081830340e-02,3.242722337087081824e-02,6.155317315648753396e-02,8.321367731922882371e-02,6.912498319358140186e-02,1.644624928860644042e-01,1.894049338812368588e-01,1.861836592125451495e-01,3.409752763081113636e-01,1.000000000000000000e+00,3.952647935090347620e-01,4.325050301705727351e-01
3.676451784452899191e-03,1.991295161384070561e-02,9.396670641552768571e-03,2.618820415646801181e-02,2.144080088429935887e-02,3.842390079951926718e-02,4.722249645707279203e-02,2.818053786965561344e-03,5.018661020870845285e-02,2.714068243519070721e-04,9.231849239326857248e-03,5.119699697381198400e-02,1.285962006157016259e-02,1.968110001722828128e-02,4.788442480118688255e-02,5.827736083008808188e-03,2.622471214314282123e-02,4.709004059313464524e-02,-1.016311445820063455e-02,8.707351091064460119e-03,1.642503552111786863e-02,-1.247881128304985550e-02,8.933758509028024569e-03,5.702119334835249048e-02,3.476511432066252839e-03,5.347812415022450139e-02,1.184544823300894972e-01,9.243377390002964489e-02,3.256984387307115814e-01,3.952647935090347620e-01,1.000000000000000000e+00,3.043209530601679869e-01
1.478056041839725249e-02,3.471106199175192503e-02,1.519553806631761782e-02,3.152554254723132637e-02,2.336009520332392800e-02,2.571388569042009492e-02,3.865884925385199705e-02,1.063968177374556047e-02,2.511940644818772342e-02,-9.259558929675781869e-03,-2.560053009424298649e-03,3.653964674840531196e-02,1.272963634035852859e-02,4.848576384080425378e-02,4.623114118886924306e-02,9.100740165184769900e-03,4.843070135489758316e-02,4.044752844020484128e-02,2.082931249878308688e-02,6.215417349228261751e-02,3.468378396992139595e-02,1.962425989471359641e-02,4.559053412421634754e-02,4.935322781242521689e-02,1.450872360274774002e-02,1.074713206761596374e-01,1.456533970072632633e-01,1.416637886177661010e-01,2.934825518543017209e-01,4.325050301705727351e-01,3.043209530601679869e-01,1.000000000000000000e+00
