1.000000000000000000e+00,3.711288254596770697e-01,4.036472742005925984e-01,1.988854777739235691e-01,3.366440465437874341e-01,1.633489935141576588e-01,1.087414972963714754e-01,1.129806810088620495e-01,1.258887912598809500e-01,-4.274612430565571247e-02,-1.039448407086774467e-01,-1.773070473950437986e-01,-2.423912575061334396e-01,-1.836006713136268120e-01,-2.342392212158916631e-01,-2.114532786837772238e-01,-2.119313158363347882e-01,-1.129310528314681483e-01,-1.557069521476764640e-01,-4.561355095498575312e-04,4.373845643966487590e-02,3.514985288667656776e-02,9.353925299823734763e-04,9.425502755222565920e-02,3.354557455537277022e-02,5.707371453480978435e-02,5.047259754454407055e-02,1.113773792891272069e-01,-2.159935532111290774e-02,-1.219605366669837404e-01,-4.439728711912847847e-02,-1.338505642829775633e-01,-1.720723253836868027e-01,-1.268515019095776963e-01,-1.107058532791932795e-02,-2.166548605760995963e-03,7.982966227902887901e-02,-7.946339625736183188e-02,-1.259104369449182137e-01,-2.139199976100352243e-02,-7.405536611725546843e-03,5.389916140681639406e-02,1.956874043616767603e-02,-8.422040335971668623e-02,-2.323471715684597219e-02,6.504642140015383552e-03,2.028452287340390750e-02,-6.978787931285037119e-03,-2.432360072711736015e-02,5.842606068756783441e-03,-2.892809776794661347e-04,-7.494900291550793577e-03,-3.780191860704832513e-03,5.147082356991202964e-03,-1.264262832845885511e-02,3.488999277971477114e-04,5.565094590212776859e-02,-2.860295604366009173e-02,-4.170576256921864483e-03,-3.574917599976737935e-03,7.568350191280137640e-02,4.018440619385572204e-02,7.318903646206482982e-02,1.000501521348279993e-01,-3.530420043437132189e-03,5.770616051316602296e-02,2.159511184047329876e-02,-6.299391530577981568e-02,-9.377818000427820544e-02,-5.494619019792797848e-02,-7.198944659007935898e-02,3.169680707380759938e-02,5.277239555713727354e-02,8.159108085587560288e-02,7.403134731980838545e-02,5.651677236325584192e-02,3.211010640437177849e-02,7.445347950659744751e-02,5.461914024057947653e-02,9.219813654364339070e-03,8.446763851579993515e-03,7.222927250433726354e-02,7.632126319005917703e-02,2.497586564115971894e-02,1.361465550104889143e-02,1.117521619406322032e-03,-8.365157721640375729e-03,6.000950028337285330e-02,4.662568272163240130e-02,7.221980574406823561e-02,1.354184712523390233e-01,1.172775592344858786e-01,1.235122547460439923e-01,7.713480293521920994e-02,1.061637798517012371e-01,1.293582947218380880e-02,2.401656926303247924e-02,-3.328826905005785380e-04,3.794405646619591465e-03,-9.339956719528651197e-02,8.898044919706647737e-02,6.893929390749811703e-02,5.641346257147956782e-03,4.227716613453535305e-02,6.230212424333765597e-02,-6.190362980811041360e-03,-8.493539993893246820e-03,-9.752928878147502922e-02,-4.191997544545413359e-03,-8.494157124163534411e-02,-4.519197426111467436e-02,-5.743817378921386302e-02,-6.405916320189140867e-02,-7.082968028934684412e-02,5.365401335561905544e-02,1.539296830347082652e-03,-1.573492655603107304e-01,2.251825384199655777e-02,-1.063564831050128334e-01,-1.940934291233875897e-01,-1.842081096776902391e-02,-1.579259967066684589e-01,-4.831364100487921948e-02,7.922219230349275554e-02,4.681541194672850931e-02,1.304679242779439030e-01,-7.068647876536367745e-03,5.452822700059203886e-02,5.803730004611409865e-02,7.331153171834202398e-02,-4.919497176182629355e-02,6.478123026418200481e-02,-7.858164599915994433e-03,8.748433676499141332e-02,4.520089005973747243e-02,4.691592949313417443e-02,7.538716828823854854e-02,2.302593059342267906e-02,2.254755550763098276e-02
3.711288254596770697e-01,1.000000000000000000e+00,5.322481067333129090e-01,4.642526430813913585e-01,3.981602890947391615e-01,1.204030650237194605e-01,1.283644694232566885e-01,5.937624884142851667e-02,1.250951501095576290e-01,-7.513307787994594200e-02,-6.787094572216019472e-02,-1.866433656819963260e-01,-1.706158427576220382e-01,-3.046131339009318095e-01,-2.726034342619370610e-01,-2.071497820474029194e-01,-2.049821596898361853e-01,4.510917230931023314e-02,-1.418621208309658321e-01,4.223377597400664041e-02,-1.807131429617677212e-02,1.552764861062762812e-02,-1.005952967193214503e-01,-6.142918626361416889e-02,-8.666794450163230190e-02,-2.041905864043223537e-02,-3.664677547637281568e-02,7.416371619401540549e-02,-1.161679376965358695e-01,-1.872200238739155087e-02,-4.984617515266640680e-02,-1.111611196257734774e-01,-1.155072480566194104e-01,-1.417214665435246046e-01,5.553648267067293198e-02,1.173956067890624955e-01,1.050416381267466337e-01,1.042517917078091966e-01,3.869162393098386082e-02,1.103137639284497012e-01,4.996643839152619532e-02,4.963863268932817291e-02,5.263210091135470114e-02,5.307732939850860754e-02,-1.454679926649706662e-02,-5.206004089614115794e-03,-7.669748168149771728e-02,-1.202814017926053247e-01,-9.408204952499406304e-02,-3.788109188898675095e-02,-8.165097151236104522e-02,-1.717973192803601279e-02,-4.846746083052397985e-02,-3.811573891390866720e-02,-1.730802485952320086e-02,-3.452880898827560829e-02,1.920450874868218777e-02,-3.792621194357620462e-02,1.478047643959375795e-02,-9.744982327130780053e-03,9.755650577638301513e-02,9.596457438276762009e-02,1.155519877083151792e-01,9.110969389937657870e-02,4.471151309939069146e-02,1.172775343829876027e-01,9.521213338804634940e-02,3.660081192578320403e-02,-2.876454748084331797e-02,2.371306692999704951e-02,-3.032367182594116698e-03,-4.651942835783403805e-04,-1.109995750012753024e-02,-2.070488059256468671e-02,3.569310628730554963e-02,-1.427526270433163505e-02,4.749047707562452370e-02,1.051358195623985567e-02,8.603741961979556596e-02,-1.737339451189304088e-03,-4.879149676241677919e-02,2.985831044988498592e-02,-4.245548680744958697e-02,-1.806403232955513388e-02,-4.821422820265255232e-02,-1.287598810478863751e-02,3.969675774459027057e-03,9.754238736738102267e-02,3.553471569185147338e-02,-3.207546016405882217e-03,7.754930308250085336e-02,1.076166883167290617e-01,8.272430274137977657e-02,-1.653012202354209315e-02,4.934670645612539153e-02,3.439342071455741418e-02,7.464161600369002836e-02,-7.179463688146528987e-03,6.026683681648361407e-02,-6.422868101266356045e-02,-1.811320109175292015e-02,-3.370236729062032338e-02,-3.848742885720208423e-02,-8.361757867405562872e-02,-4.399998225585993045e-02,-4.186796350203403350e-02,-4.520269996064712331e-02,-5.464537209834890302e-02,-6.295287159201448657e-02,-3.283806694952557531e-02,1.064090386322005637e-02,3.839384215341921230e-02,3.830042414445802151e-02,6.752517036859916055e-02,1.644231418655345833e-01,1.191305095055757296e-01,3.453866718724032253e-02,1.823225411635844284e-01,-2.259133116337801173e-02,-3.167837738187868901e-02,1.043538418709583915e-01,-4.025605978631483645e-02,-8.176015339589298714e-02,5.348534744202339958e-02,1.423571015952187491e-01,3.202394272876075369e-03,-3.068191084176273217e-02,1.875773303901578926e-01,-5.606282878986290630e-02,-6.818464317104121208e-02,-6.528920073339938845e-02,-3.029974068475714197e-03,-4.371416251570395956e-02,-4.769173067957364204e-02,-5.748530727394365186e-02,-3.885021611932791552e-02,1.450423115641828742e-02,1.471390329314183759e-02,-4.147592692983254059e-02
4.036472742005925984e-01,5.322481067333129090e-01,1.000000000000000000e+00,3.045681175106258465e-01,3.726285675238242834e-01,1.950422132391793073e-01,1.817029971721632609e-01,9.712261647295911127e-02,6.486670917696736594e-02,6.054658846669069144e-02,-6.622290180148734939e-02,-1.536053244181866395e-01,-1.925563738649138656e-01,-2.095639595208955985e-01,-3.180975482332055737e-01,-2.519602043303642569e-01,-3.052122583489651486e-01,-1.316181825991029064e-01,-2.189263346545831657e-01,-7.448282771038866948e-03,-6.296734806077861069e-02,-2.291310905693271990e-02,-1.177937876478657026e-01,4.726247415807725318e-03,-5.444204097580779278e-02,1.512820478961900139e-02,3.460007489743136206e-04,8.704713387040041717e-02,-3.451569201147437066e-02,-7.047611311035587023e-02,-4.807284190556386505e-02,-1.131659805048843420e-01,-1.298550569961882395e-01,-1.429372994898500948e-01,2.891230202349895709e-02,9.486061207938281670e-02,1.778113872049886801e-01,4.685292500384132669e-02,-1.323731103638685694e-02,7.797058657864579245e-02,6.277427973306333453e-02,3.974920974492572590e-02,3.055121051098274795e-02,9.604990869398623288e-03,-2.518601733983148391e-02,-3.233369611565595214e-02,-7.726088206199477337e-02,-6.528967229329402100e-02,-1.131150673490599473e-01,-5.011898662076822580e-02,-6.563872520415091338e-02,-3.493659410253094344e-02,-2.628500750991706256e-02,-2.069726166612618698e-02,-1.109751796518590461e-02,1.751656522333430027e-02,6.142474995272900057e-02,9.264393853052783900e-03,6.775805353686818744e-02,4.386170500852535487e-02,7.494214709266898422e-02,9.689587072094528464e-02,8.386518860870970093e-02,5.867999658723974110e-02,5.797233135693832806e-02,8.235838693543970357e-02,6.422333159700030492e-02,3.067601505349956334e-02,-5.773421420549285782e-02,2.824990176097075603e-02,-2.765682574024904208e-02,1.939724320526553872e-02,3.601057098883903018e-02,4.299487490172381604e-02,8.753527256766832632e-02,2.058444920481430906e-02,4.950952365464422050e-02,2.779680554134202411e-02,6.119929633355345594e-02,3.148454320190215150e-02,-3.400141499024249975e-02,6.759949481995058962e-02,-3.674704036424534387e-02,-4.862580419849630436e-02,-2.702233827808472530e-02,-5.467543167621406741e-02,-1.136152893520899106e-02,7.373249144645933895e-02,1.622080365169466937e-02,7.346359722864482904e-03,1.057027408270922036e-01,1.171412554002733281e-01,1.076011158577885179e-01,1.055167682954400582e-01,9.539199626328884185e-02,4.802896925611842976e-02,8.810305691189819488e-02,4.646250516528852015e-02,3.721736215172588569e-02,-5.518658148977188121e-02,3.516426884261691921e-02,-4.702827070925860373e-03,-5.291848985657585103e-02,-4.475772873809506086e-02,-3.044146390003472577e-02,-8.110383353597097611e-02,-8.792793413716434858e-02,-1.345732076728038962e-01,-1.003129350980771217e-01,-1.010527115756277294e-01,-4.613882508230667673e-02,-3.459326759964095888e-02,-1.321027797836121960e-02,-1.648084673158070612e-02,9.105960229707830977e-02,3.850159086393174085e-02,-1.112906741637538915e-01,8.096590778870278726e-02,-8.060368481813523500e-02,-1.785048739139169782e-01,5.589014298121628560e-02,-6.677067409405654241e-02,6.035941157187098977e-02,1.868821311965617737e-01,1.483820182609291438e-01,1.787116286505048002e-01,1.732635425641721599e-02,1.614696520169427441e-01,6.680084930245955288e-02,1.817725329632172149e-02,-2.137049510376600250e-02,7.210911032505731844e-02,-2.236988760089547723e-02,5.115085705370053110e-02,-2.063782573331267994e-02,3.115094253640228114e-02,1.481327872112201023e-02,4.946629556375076869e-02,1.540767922026749746e-02
1.988854777739235691e-01,4.642526430813913585e-01,3.045681175106258465e-01,1.000000000000000000e+00,4.587439242437844067e-01,3.582086425283529940e-01,3.639916026675876215e-01,6.690730720461121606e-02,6.183117234601138990e-02,-1.706360201058404469e-01,-1.216248713291196992e-01,-1.078348669129832599e-01,-6.708130726226123330e-02,-1.385058586655664725e-01,-1.750441206965570040e-01,-2.119517494897189824e-02,-1.065639149869252456e-01,4.641882215756154562e-02,7.049533604951591093e-02,1.029565263948283016e-01,1.504501374071310904e-01,1.408040948953386273e-01,1.364495044733262941e-01,9.726049933086255983e-02,9.334380925620515412e-02,1.332893267156262107e-01,-2.919113797803405026e-03,8.228546759972765745e-02,-3.647472189194672643e-02,-9.321894815405820829e-04,-4.096810279146410883e-02,-1.078915458048160386e-01,-4.443894025687124272e-02,-1.333369003936515917e-01,4.231407562841051767e-02,3.058905044897843734e-02,9.188385953551185537e-02,-1.336517015731954368e-02,-6.056444607715675416e-02,-1.094669640151395978e-02,6.868237450957374868e-03,9.155535814131166017e-02,1.051368855924338375e-01,8.099963954585999437e-02,1.116586188146036634e-01,1.213154167811519857e-01,-6.216720118252288402e-02,-9.860950014503283567e-02,-7.578346907492290729e-02,6.829469117370190467e-02,6.975521162628275929e-02,7.874361562574866413e-02,8.197915670576366720e-02,6.168772107162630303e-02,5.201234333959544459e-02,2.769585080414979986e-02,-2.349501838228119574e-02,-4.266153927500934695e-02,-1.605431420874316173e-02,-1.085819016433600959e-01,1.578496771228470172e-03,-5.929119887315776466e-02,1.339640900689636517e-02,-2.452041342394683035e-02,-7.163348989197401706e-02,-9.015466442853545259e-03,-8.976020923380290117e-03,-7.392894002192866576e-02,-4.011136156101435118e-02,-7.540880783080999850e-02,-6.960115194911188630e-02,-1.155374701747354238e-01,-7.512513338413080721e-02,6.341617915605452481e-03,-1.804246001046121151e-02,4.655992478163202899e-03,1.027405175378572934e-02,-6.746301968704844498e-02,-3.648424573784827402e-02,-1.214499528928777300e-01,-1.553783207783942799e-01,-8.544160921225110727e-02,-1.727626647019219475e-01,-9.456758832413825200e-02,-6.777174201538559151e-02,-2.672817651513075682e-02,3.236712905781438665e-02,1.144802556735941418e-01,5.000848017189333389e-02,-3.284178821043383378e-02,1.808564255446132654e-02,1.390004405718744396e-01,8.267896072676042540e-03,-1.221305556293531824e-01,2.221516998248927732e-03,-8.390781510329639592e-02,-8.567126383084616714e-02,-6.608553903835061305e-02,8.858727368892581333e-02,-2.681513862054172442e-02,-1.065544366117932018e-01,3.116420050913881398e-02,-5.855210518634593186e-02,8.554073822478224995e-03,-1.157118801125220642e-01,-1.267940378189849615e-01,-1.145218547782734103e-01,-8.593947096195293789e-02,-1.472251784150246101e-01,-1.117019683998269203e-01,-1.378957112943884900e-02,5.324640892483970683e-02,-1.535276434439244823e-02,6.423720807580952930e-02,1.277067415992804711e-01,1.970506821625523930e-01,3.906164115992574043e-02,2.067241955763819972e-01,1.605703411720370843e-01,6.872350017398458355e-02,2.110014794561343443e-01,6.643284600517147809e-02,-3.147770061057654500e-02,1.517201525936811846e-01,2.068130639143724858e-01,7.101011008059811280e-02,1.439376728177553244e-01,2.118305671895639175e-01,8.107115078783094786e-02,-2.487874188820893631e-02,7.789198345420940417e-02,8.128890505935372490e-02,1.038254396961146575e-01,2.331302388656003241e-02,5.028298065907999687e-02,5.544323036357921147e-02,4.203327700706924186e-02,4.955190418033659366e-02,2.748053287761634961e-02
3.366440465437874341e-01,3.981602890947391615e-01,3.726285675238242834e-01,4.587439242437844067e-01,1.000000000000000000e+00,3.181933976707119749e-01,2.903420552834951596e-01,1.980534981121741533e-01,1.679334622987614933e-01,-1.579183176345974049e-01,-1.202388075503806331e-01,-1.633780910452272139e-01,-1.608453398246563470e-01,-2.231802275211817177e-01,-2.246718844839507290e-01,-1.175040244016639368e-01,-2.217772116393278703e-01,-8.543983735148046044e-02,-4.310694633774508205e-02,1.042389021340471289e-01,5.687751753497802959e-02,1.174656101962485155e-01,1.020766786285989547e-01,1.040533412103678973e-01,4.534787305543606928e-02,1.469419777466141053e-01,8.510016853348217891e-02,1.290619208663087991e-01,6.808539699434385147e-03,1.080179643238874873e-02,-3.609299348772313648e-02,-1.123002357842877996e-01,-7.367360414928711410e-02,-1.143530902627089146e-01,4.217377277596536661e-02,5.508477895691150927e-02,1.195443048314836915e-01,-2.123877491251378175e-02,-5.132976351555981753e-02,3.946037664501911291e-02,8.772144500572127968e-03,5.848255330698524240e-02,5.258681416440042639e-02,1.695125755870011477e-02,2.231876725387431371e-02,3.586472399346422868e-02,-8.018614270759900908e-02,-1.095216018533718139e-01,-7.988789903996754149e-02,-3.678920015070540062e-02,-4.514153248304542967e-05,3.012564446694640866e-02,1.728655254016606829e-02,3.518542684327570502e-02,4.385239660329887101e-02,6.373120261425740951e-02,4.616348883683664417e-02,-1.624782705087815526e-02,7.133345558862605636e-03,-6.624369765232407566e-03,7.894501442405779668e-02,-7.074612754553939384e-03,7.550355181484684486e-02,1.807484031534422123e-02,-6.298275503204900372e-02,-1.451508179179357254e-02,3.432486462330727305e-03,-7.978891249165896704e-02,-1.294375360875414938e-01,-8.414472422505886451e-02,-1.234991802308870873e-01,-4.626803923477711827e-02,2.363131661376252461e-03,1.015208645309434443e-01,7.393654833146420802e-02,5.974654775301758286e-02,3.747730211225524383e-02,3.017846464108036100e-02,-2.625394513473576150e-02,-5.059521201070054514e-02,-7.383126266607607791e-02,1.267208222683956394e-02,-5.529772687336367842e-02,-3.842518682385728107e-02,-1.036105835269398624e-02,-3.632071880316725676e-02,1.951311411499732787e-03,9.367620813067219221e-02,3.752391949513731589e-02,1.259933395228260249e-02,5.242668867532365023e-02,1.207960264410504608e-01,3.405631114681797328e-02,-1.406151399987926910e-02,4.579997774451142339e-02,-4.636697809551821453e-02,-6.313511890492368162e-02,-6.870742656841388740e-02,1.873931779100078410e-02,-7.140166930455257854e-02,-3.764945466448945538e-02,3.431776651173463338e-02,-3.013671579249589672e-02,-6.071435192252798776e-03,-4.801792579853308984e-02,-6.572942259205737103e-02,-5.521682348913699995e-02,-7.407086477377451683e-02,-6.678491646874530618e-02,-8.936445146007875040e-02,-3.341430799898107568e-02,2.023301658315674028e-03,-1.731707353544038180e-02,-7.358328763836788876e-03,1.570565117023427215e-01,1.148099910192093565e-01,-2.061186415257116114e-02,1.897997064820144131e-01,1.046453548912151636e-02,-2.742061859167839802e-02,8.183412449249939657e-02,-7.107719510374761740e-02,-4.920643008112651068e-02,9.646971015723863896e-02,1.611396081634534072e-01,8.373113056064551696e-02,4.262725178545066773e-02,1.673711006616313002e-01,2.262736262961203421e-02,5.198874626448026295e-03,-8.658567400073520146e-03,4.178903242338021656e-02,6.333846182685683168e-02,4.258737037096972655e-02,7.603540439698115716e-02,8.374338854153579037e-02,7.744843145455111710e-02,8.690250645198575874e-02,4.505034839541078445e-02
1.633489935141576588e-01,1.204030650237194605e-01,1.950422132391793073e-01,3.582086425283529940e-01,3.181933976707119749e-01,1.000000000000000000e+00,4.966302114539981605e-01,8.659596284014856038e-02,1.200807206919528580e-01,-1.581604331659473145e-02,-1.975475305245564528e-01,4.824737722851702576e-02,1.427770523239709974e-02,8.880258888995447297e-02,-1.010576407742864030e-01,4.262673586400203551e-02,-8.668330819244704499e-02,-1.476221999806019147e-01,-1.525808369593006052e-02,6.150287975825213804e-02,9.158063077207284630e-02,2.255130931109932194e-02,1.808209082685467151e-01,1.710412558278654738e-01,1.143669125004226766e-01,8.875769407988040594e-02,9.470548704506094595e-02,8.610278052601724741e-02,6.677436890424547078e-02,-1.509472516033160717e-02,-4.880021947168121724e-03,-1.519940327573834904e-01,-7.557049622447868653e-02,-1.577250416067689787e-01,-1.134124354701488702e-01,-1.103315953329974813e-01,5.037355752906420847e-02,-1.047837155481145810e-01,-7.857381937147035755e-02,-7.949985496014581876e-02,7.646307482821013829e-03,4.104890017530919699e-02,5.387893905822420393e-02,1.020926307652819665e-02,2.204703767938463385e-02,1.073621069941640693e-01,-2.268318017826985184e-03,2.676503818243303537e-02,-7.591984507026017064e-03,9.133555622229269644e-02,7.926689406120621118e-02,3.713650545660369257e-02,1.117254475710405121e-01,8.085128167558126855e-02,6.355823179018021962e-02,8.845838688893459256e-02,3.057919869237765709e-02,1.649997679563114383e-02,1.905990198491541374e-02,-5.179426069711690062e-02,-2.527477253218091136e-02,-7.894394190625235452e-02,-2.495610130489654688e-02,-8.729367220903826163e-02,-1.006342240627008944e-01,-8.519888574349317178e-02,-8.221308485806354260e-02,-1.295363309663766227e-01,-6.659659695548716951e-02,-8.594432130980315943e-02,-1.016051918162066414e-01,3.142583761078893145e-02,8.917563154768309852e-02,1.428133599085495420e-01,6.436587499610849084e-02,1.081107442796735707e-01,-9.774193156377004258e-04,-4.778478971194998620e-03,-5.679401423580138913e-02,-4.988289118858928867e-02,-1.146085641851463388e-01,-3.585427868388729733e-02,-6.379242812035740284e-02,-9.923967840396059892e-02,-9.776987307282746995e-03,-1.836473003077445515e-02,3.114978386835116561e-02,2.299568719373206241e-02,-9.600110886865921220e-03,-9.113263451493250691e-03,-2.656437122015779459e-02,2.280035260096341387e-02,2.839258527450213166e-03,-1.659643083776662920e-02,1.764240740507479893e-02,-1.031904133074364599e-01,-1.198843077174817189e-02,2.028506330042477088e-03,-1.547879451959002957e-02,7.640018890315189437e-02,6.026095137637874771e-02,1.152929005422969472e-01,1.786437215001742893e-02,1.282544968116282602e-01,-1.770710637184346944e-02,-1.493783781283080647e-01,-1.555320569440705736e-01,-1.556240964778989322e-01,-1.950947386622531310e-01,-1.917187230014072985e-01,-1.004551553755319571e-01,-1.123598713327442211e-01,-1.068527279927092843e-01,-1.070155344676733677e-01,-1.002626206668983389e-01,-3.955294000981080665e-02,-1.726509846975595175e-01,-4.004351619410052854e-02,1.601975866650469718e-02,-1.325472710792560960e-01,2.887566947518498822e-02,8.232941196573360931e-02,1.536741243891452946e-01,1.579014672650726758e-01,1.586324178243141148e-01,1.856758676245391093e-01,1.128810829658945664e-01,1.276771249463961866e-01,1.608410290000475140e-01,9.025188200667974558e-02,1.024368243145635238e-01,1.478012614067896469e-01,1.175519832924597080e-01,8.089287287967916740e-02,1.199964150752623471e-01,1.392906282288301767e-01,9.515564665091720553e-02,1.040559300589023600e-01,1.084752600113799564e-01
1.087414972963714754e-01,1.283644694232566885e-01,1.817029971721632609e-01,3.639916026675876215e-01,2.903420552834951596e-01,4.966302114539981605e-01,1.000000000000000000e+00,2.753365974871622712e-01,1.161439230057759175e-01,-1.701964527813549788e-01,-1.124472090595662610e-01,-6.543406575452277718e-02,1.363918075446360172e-02,4.525774132479942757e-02,-8.706118542872799682e-02,9.105141272640693284e-02,-1.498818604536026992e-02,2.645896062821554220e-02,8.673994461069052531e-02,1.154656762731238878e-01,1.843014642188119390e-01,1.650301156460342311e-01,1.288406307493541181e-01,1.170786437324506934e-01,1.239369401391663128e-01,8.952949470324918224e-02,6.246282633284608310e-02,1.153196981916447816e-01,2.697483974973221774e-02,-3.221664650970275379e-02,-3.910029607870973284e-02,-6.819729789187645164e-02,1.225264073932869242e-02,-7.300350225448232200e-02,-2.039993024458092163e-03,-5.670006895822612275e-03,8.800528904048036949e-02,-5.092674605428420403e-02,-6.658557843559231859e-02,-3.605073337138051809e-02,-1.243765811207758580e-02,7.698072898429363098e-02,8.644236292973406233e-02,3.947979154471584207e-02,9.349897923455476045e-02,1.067504044340044783e-01,-3.170154114199744827e-02,-3.853693524634094203e-02,-1.285529553446551447e-02,3.763332362795012570e-02,3.651147704314038761e-02,8.280879412269976508e-03,5.664972760564968013e-02,1.237794986440468592e-02,4.687782474319705101e-02,1.662309935593827290e-03,-3.006055105922058462e-02,-4.241875124587977941e-02,-5.749066114305962510e-02,-8.173214531464688404e-02,-1.869076320172874742e-02,-6.260560748815512111e-02,-1.397865778604659350e-03,-5.069092502450425058e-02,-8.866631536991832763e-02,-5.324195859156617000e-02,-3.293712899495837565e-02,-1.237175557618607064e-01,-1.149351532781615337e-01,-1.452005701092453083e-01,-1.634472911174535414e-01,-8.604795259195642532e-02,6.514417536169727317e-03,1.061856777383630573e-01,-3.499711576282524706e-03,5.597350814186438650e-02,8.407484965028622775e-03,-6.092612626117140627e-03,-5.929595097062095171e-02,-7.291469912769146799e-02,-1.182996126108414592e-01,-6.641560806635943282e-02,-1.342126019746858467e-01,-1.140388028285725108e-01,-7.736050829720551858e-02,-6.638169441226875189e-02,3.688761623492638198e-02,1.124851759271518481e-01,-8.840311263122433566e-03,-4.983013218607219852e-02,2.836770744881581333e-02,9.624380443810283403e-02,-9.438150856203007116e-03,-7.781595779624211895e-02,-1.647765323678195351e-02,-5.902743514363281013e-02,-8.660078151141049896e-02,-2.462059792244870177e-02,6.723371585134330086e-02,1.254007568744830957e-02,-2.758173342005033543e-02,9.053620626439133623e-02,-1.371680199957860460e-02,5.477013425484996562e-02,-6.868318059738509618e-02,-1.164182121340834458e-01,-1.141733821409470218e-01,-8.701578679502147695e-02,-1.389173366312394520e-01,-1.260658080746467069e-01,-5.303669292895978049e-02,-2.785001499925012641e-02,-6.878690686941427157e-02,-4.177858513187052841e-02,-7.133504548810319819e-03,6.136438065052574053e-02,-5.283398077178621394e-02,5.091037193483226309e-02,9.356803047194933720e-02,-4.634274318683805072e-02,1.238824741745649521e-01,1.417306512198627383e-02,3.857402706003583426e-02,1.128027138943357571e-01,2.216949976345388429e-01,1.788230574198161338e-01,1.313733500868923820e-01,1.989172659324242864e-01,1.465198586085409149e-01,6.904637447990859267e-02,9.398063679129681214e-02,6.451496450694994833e-02,1.379766579761299294e-01,7.569952233948243348e-02,8.060549845396289270e-02,1.023315513879283906e-01,4.977038491915353191e-02,5.548814356574690437e-02,5.633336018579088167e-02
1.129806810088620495e-01,5.937624884142851667e-02,9.712261647295911127e-02,6.690730720461121606e-02,1.980534981121741533e-01,8.659596284014856038e-02,2.753365974871622712e-01,1.000000000000000000e+00,3.035250970970337914e-01,9.806551296628393533e-02,2.373378155881074869e-01,-2.280823921981341151e-02,-1.086524906785130556e-01,-1.237181854018695321e-01,-5.714138808361673982e-02,-1.025910490375007700e-01,-6.805545484847670690e-02,-2.925504674597355359e-02,-1.588835437198158132e-02,2.856837275550567698e-02,7.720586228987108557e-03,7.431828532846837532e-02,-1.349232937441801131e-02,2.682523994954489049e-03,-4.694382049737947683e-03,6.742193197623746852e-03,3.718549603116971802e-02,4.791867053112536939e-02,-9.170457039454411874e-03,-2.268860323455540451e-02,-3.754537619375634960e-02,-9.706756695931107208e-04,-3.924907935801563025e-02,1.185345768356550235e-02,2.842315722133356010e-02,5.417432504763926987e-02,4.400176243966695544e-02,1.477718180472066371e-02,-7.833563168486422715e-03,1.157426329457030140e-01,-7.949881388075308655e-03,3.358279279900478614e-02,4.084056313035673569e-02,-3.376577857973438179e-02,6.993781852434593528e-03,-4.371284742343858193e-02,-1.749559197177940478e-02,4.054334519758425251e-03,-1.900364572584270495e-02,-1.535000813298948580e-02,-1.573749195941833226e-02,-1.056656146906605719e-02,2.626801855535007904e-02,-3.665222101812730393e-02,-3.797461709255706055e-03,-4.882505099065446996e-02,-1.479462988138639801e-02,-6.657998732325919045e-02,-1.643081032027549765e-02,3.590855716316090213e-02,5.102762211905086803e-02,3.794162242794059392e-02,8.464335147303951590e-02,5.264331740885509064e-02,-2.710408857892995099e-02,-9.340100684108534196e-03,1.797691342977402254e-02,-5.107090677923888794e-02,-1.701912419538436361e-01,-2.769949764813535442e-02,-1.269633040766991461e-01,-3.592863702249985552e-02,9.708809990987473174e-03,3.069991641251572367e-02,2.812454359600752296e-02,-3.227670218274723835e-02,-5.806654063731234161e-02,3.672666792253091034e-03,-6.063055540988944100e-03,-6.271341002082191085e-02,-8.626765458273968901e-02,-6.927713015527330563e-03,-5.331291041553661708e-02,-4.296380422573914393e-02,-4.635172333627101543e-03,-6.006694174654818308e-02,-8.580695102231268578e-02,3.313443862516068233e-03,-3.152597969977972286e-02,-3.685461490519792438e-02,-4.382232219257448796e-02,-3.728539987486818343e-03,-2.983323676578246778e-02,4.389190389283752214e-03,5.880510130833445023e-03,-6.356922697687497278e-03,-2.934802453437860073e-02,-5.545102680614479376e-03,4.241847268613417599e-02,4.771847668077004723e-02,4.910711292133487782e-02,4.192635497512345322e-02,4.014806185928646021e-02,6.416260675709895001e-02,7.814794325910238981e-02,-1.712038324347259569e-02,8.559194586681612149e-03,-1.311682589040356374e-02,-5.976634143176484323e-03,-7.747395103678765549e-02,-6.606797963701854792e-02,-4.531768728116739031e-02,-3.474275324543574239e-02,-5.792349386912163528e-02,7.217012371241299240e-02,1.982287187157344421e-02,2.151265653997219002e-02,6.421364054281512856e-02,4.971133324863932779e-02,-4.819366735429356577e-03,5.290796548899755897e-02,-1.527024620766867791e-01,-1.068791040186624700e-02,4.412479278522875303e-02,1.366837383575089937e-01,1.442792441922435831e-01,4.348208379695342463e-02,1.135479548809812389e-01,5.725712609514189977e-02,7.373188217392996624e-02,-4.206836788915658751e-03,7.533425749561908046e-03,6.082438837528936909e-02,1.142541412404045054e-01,3.171314865438853298e-02,4.735400100913610133e-02,2.937387942911359393e-02,6.732656683052832235e-03,1.841638325938430368e-02
1.258887912598809500e-01,1.250951501095576290e-01,6.486670917696736594e-02,6.183117234601138990e-02,1.679334622987614933e-01,1.200807206919528580e-01,1.161439230057759175e-01,3.035250970970337914e-01,1.000000000000000000e+00,1.393411839790035800e-01,7.777056940653846728e-02,-5.290274612276773397e-02,-6.716679060947998089e-03,-1.012405059190470830e-01,-1.182799296008124612e-01,-3.195838962946006417e-02,-5.115614437826056932e-02,-3.969261906362869102e-02,-9.016282461305698270e-02,-5.214386766676006729e-02,-1.183435527074311149e-02,-7.781476930923589275e-02,-4.021038284926310713e-02,-4.055108852808619185e-02,-7.390081367226547515e-02,-1.064956973625284277e-02,-3.390532227231360819e-03,-1.274389202344402942e-02,-2.547747956368739963e-02,-3.166935724939943381e-02,-7.551780460963314345e-02,-3.405467013848368502e-02,-1.154403326946817077e-01,-1.219200325206655847e-02,5.744045328855845733e-02,4.877442875274992651e-02,8.363617798815700666e-02,3.745051004870416506e-02,-5.950457205423966174e-03,2.921439994875553101e-02,6.300943349141556460e-02,1.120454852130827253e-02,-1.366205513982697052e-02,4.709695331983896477e-02,3.941900627532456125e-02,-1.129031752679583549e-02,-1.011638844218718386e-01,-4.603668705207146494e-02,-1.115386460118130280e-01,-6.611089336795318572e-02,-9.712960680942020475e-02,-4.902599068631382367e-02,-6.846868255735681641e-02,-6.687663663759096933e-02,-9.514706252357901795e-02,-7.239509299267085640e-02,-9.028606785920940958e-02,-3.061258742488091530e-02,-7.458314651847490484e-02,4.694286557499477430e-02,5.283613013211956727e-02,1.020082159655783943e-01,5.689117558259959573e-02,1.023196320997187547e-01,7.489873463599909520e-02,9.134755250642388746e-02,2.284429249067826059e-02,8.531770289900500459e-03,-9.434166028152705941e-02,-1.125751696349593274e-02,-4.327934318042502698e-02,-5.431688624277145050e-02,-4.447756461380347748e-02,-1.856474732355271537e-02,-5.205975054561501336e-02,-8.191122238091792795e-02,-3.787296768053081963e-02,-5.087771062546397362e-03,4.285263083624060720e-02,-2.818580001272990437e-02,-5.923767010050660226e-02,7.198053441503459056e-03,-1.376291997755211410e-02,2.094903721140039740e-02,2.827256697744900613e-02,-7.265292278448989144e-03,-3.394976318890981226e-02,4.920939045155344610e-02,1.189843296969550317e-02,-4.741592894874999825e-03,-4.201945884242491019e-02,-1.005161218326161218e-02,-4.429665532102709802e-02,-4.743002040150843396e-02,5.155219768437259084e-03,-2.685162423161814235e-02,-1.736657470951135512e-02,-4.893930197955933398e-02,1.568359071194337651e-02,6.574585842686947457e-02,5.874547757010928350e-02,2.176117327693295050e-02,-9.760641022053222551e-03,4.025793270264572954e-02,2.948395904371839751e-02,-1.272467316837838126e-02,9.579657463889916166e-03,9.867215301514102241e-03,-7.455911472719588262e-03,-1.633942728313455411e-02,-4.003669080656186569e-02,9.939237203614856297e-02,8.621253438006883096e-02,4.832860371474113903e-02,1.122905198655302222e-01,1.192794737399839738e-01,3.291850626596259238e-02,1.316351150621809796e-01,1.274755339709800206e-02,2.092900296477485760e-03,6.816734801022422685e-02,-2.356002415942926378e-02,-3.664096017030524233e-02,7.880304514317247599e-02,1.245957222456801766e-01,6.230614093625963523e-02,4.146064514259714673e-02,9.738293953352160359e-02,-1.652063214659833107e-02,-3.703740867726129649e-02,-1.022724756362414222e-01,-5.136490069303354528e-02,2.388365434109853552e-02,1.321951280602564217e-03,-8.505318235348208189e-02,-7.126793260478182790e-02,-1.052552827790838863e-01,-9.301540995867003947e-02,-4.833775405450881774e-02
-4.274612430565571247e-02,-7.513307787994594200e-02,6.054658846669069144e-02,-1.706360201058404469e-01,-1.579183176345974049e-01,-1.581604331659473145e-02,-1.701964527813549788e-01,9.806551296628393533e-02,1.393411839790035800e-01,1.000000000000000000e+00,3.954477266084555631e-01,1.795653013024299249e-01,1.109388445263391615e-01,7.341908344781895857e-02,3.153530815609401766e-02,-1.222955659948061491e-01,6.472009301884440761e-05,-1.277083756192199659e-01,-1.624559088654934647e-01,-4.727572952522444277e-02,-1.649241154665594400e-01,-1.691122991433447742e-01,-1.493121628780163246e-01,-4.766333774891091946e-02,-5.217035758609289697e-02,-9.930315942380338323e-02,2.831891857469306592e-02,-6.657498743494022486e-02,2.933939227311035611e-02,-1.852169733935982512e-02,6.860338001985274992e-02,6.439483919217235675e-02,-3.427541568387877657e-02,7.662450167092052511e-02,2.507967716087218871e-03,3.678111821902204509e-02,-9.066176556504013453e-03,3.532917974969097819e-02,5.191109751651702686e-02,1.144348270381504717e-01,6.814799355143964441e-03,-4.908930243869472076e-02,9.799707646472499614e-04,-2.599227678594281249e-02,-4.525513565147025463e-02,-1.103853816482177896e-01,-1.565517110716567418e-04,4.026686023137745346e-02,1.450987594897330812e-02,-5.112764291206729761e-02,-8.911652780168714816e-02,-7.611658356117123603e-02,-3.717094070498759562e-02,-6.575510303711536164e-02,-7.839563069097130188e-02,-6.015664215980776747e-02,-6.640924277704696350e-03,-5.198436389445890149e-02,-1.084464477154444689e-02,3.374841462628155875e-02,-5.032882463721263452e-03,-3.556368181491557923e-02,-4.574233687812113286e-02,-2.612149274736918006e-02,-2.177777057066320951e-02,-4.632379287131459938e-02,-3.296553196882921061e-02,2.148043280995852802e-02,1.088394487576120964e-02,7.183247719683924504e-02,5.013197256136123908e-02,7.252097827887073189e-02,3.475020050959692908e-02,-9.501680702747370907e-03,6.696306944856428734e-04,-8.473941743533015825e-02,-1.133705912889163003e-01,-4.200622875185156674e-02,1.178717955412319530e-02,2.472727073235744116e-02,1.084846601984225216e-02,3.762299128484555832e-02,6.020011712891144146e-02,1.630258032686230860e-02,8.208147737896939744e-02,-2.808979360201246077e-03,-5.206105710928297242e-02,-4.769427596400677843e-02,-3.964273236073212470e-02,4.121228192830623388e-02,-1.435189504769735121e-02,-8.798748462231689715e-02,5.172286397912317923e-02,1.213433939439178544e-01,9.712268383089103785e-02,2.624652275150131733e-02,1.543310173160597210e-01,-4.599179622489068218e-03,-7.621495664137056814e-02,1.086683856901564799e-01,1.690511141249548821e-01,-5.265248662007375284e-03,3.896199844387449734e-02,3.260883555534344058e-02,1.192218262488741742e-01,5.911325014955452067e-02,3.724124308289861879e-02,2.310199823632418450e-02,9.783458923134051924e-03,-5.705283973020271356e-03,-4.595894484961453308e-02,-6.322037586766938999e-02,1.651339538944382110e-03,-4.118942633386950963e-02,-1.741591173918043828e-02,-9.650841575671079142e-02,-2.690983225655737762e-02,-5.026084453282599757e-02,-9.311969818329407511e-02,-5.517488871293467489e-02,-6.680758952409612816e-02,1.265318158181112304e-02,1.095963089690795284e-01,-2.266935729170113309e-02,-1.113544902719531687e-01,1.429710239490415181e-02,-7.583736351131152575e-02,-9.628137148387924671e-02,-4.754782213971125993e-02,5.938961015467148809e-03,-5.710630699526547671e-02,-5.323805116579024416e-02,-2.930617497369560065e-02,2.135298746389663327e-02,1.090860982738520515e-02,-6.138845105655271056e-02,-1.869246546296086248e-02,-1.512218873879749362e-02,-4.709155300162604085e-02
-1.039448407086774467e-01,-6.787094572216019472e-02,-6.622290180148734939e-02,-1.216248713291196992e-01,-1.202388075503806331e-01,-1.975475305245564528e-01,-1.124472090595662610e-01,2.373378155881074869e-01,7.777056940653846728e-02,3.954477266084555631e-01,1.000000000000000000e+00,2.345040184973035124e-01,1.050379282846196499e-01,6.859212846362405455e-03,1.013887880881603337e-01,-8.115766282618791516e-02,8.338729064946298619e-02,2.138060217760440890e-02,-1.323527475560016230e-02,-7.298583483390644333e-02,-1.427781608091121812e-01,-2.652897813130731045e-02,-1.033360785610932669e-01,-1.185350286659446611e-01,-8.021668014648725142e-02,-7.373885515727807149e-02,-8.553267647721347899e-02,-8.796433246834013675e-02,-9.945343719203042498e-02,-1.513693296082904705e-02,8.717717907835101365e-02,1.818944687258868265e-01,7.228253627826003447e-02,1.502269445497241007e-01,7.454718063570003883e-02,1.163103219915569420e-01,-3.377024328029604866e-02,1.525800088600494653e-01,1.140405298296137265e-01,1.762184392249070974e-01,1.817674754698546955e-03,1.566243230846742218e-02,-2.956003996693829655e-02,-9.795662283098940243e-03,-1.584061881114145684e-02,-1.659543157186781082e-01,-4.729365210359567223e-02,-3.910612533573242650e-02,-1.127875749490004102e-03,-1.377695106977196715e-01,-1.181535040698927508e-01,-8.003052819644392024e-02,-9.715549306996795753e-02,-1.113634962173966347e-01,-7.802133361155780267e-02,-1.047352695549577661e-01,-4.227165068995989566e-02,-6.774988737994211419e-02,-5.131240488909286773e-02,7.681086738256101554e-02,3.576265987309960870e-02,4.062950374323427705e-02,3.820121653117605764e-02,4.136538700722656309e-02,3.410268625741253237e-03,1.238773236316656305e-02,-5.812434721334798320e-03,5.628219744101110866e-02,3.040344409706990589e-02,6.200464195970577241e-02,4.231947897275076947e-02,-9.389027329695468285e-03,-7.566958266442352921e-02,-8.444967231948362352e-02,-1.114278499213559037e-01,-1.442373242917854848e-01,-1.338680376704827757e-01,-1.210287296347433011e-01,-3.477403101345939718e-02,-7.363502047290404473e-02,-2.084984228579466956e-02,-6.017150504889064166e-02,-2.724867627709455509e-02,-1.319260687080875535e-03,3.734538743718578135e-02,1.694825402940995304e-02,-4.169758341068031948e-02,-7.283466879555439491e-03,2.676535258714343377e-02,4.816341009336167628e-02,-2.496554250533513167e-02,-5.732783981195190698e-02,-2.400502159756299700e-02,1.706781188533440519e-02,4.160331898861085315e-02,-3.339263144640003400e-03,4.337140477662278920e-02,-4.000708598778542763e-02,-3.278186407538947328e-02,9.773018795160748340e-02,8.166165186045119817e-02,-2.602731400355823288e-02,1.242713790068796648e-02,-9.961448654206951983e-03,8.685578161926851837e-02,1.420622636427232022e-01,1.238860342836392986e-01,1.145684664800346864e-01,1.204850218815266688e-01,7.417790068711684059e-02,-7.495530262766044415e-03,6.989270207077157016e-02,6.909390508403775999e-02,7.976223307034370491e-02,1.242141236667911458e-01,3.222946036409928688e-02,1.797522346738462673e-01,7.280594845697432871e-02,2.419073320613652003e-02,1.023591548580156524e-01,-1.852031720395414666e-02,-6.279692548522002038e-02,-8.174427245256637997e-02,-8.838769429294260349e-02,-5.953533761172091765e-02,-6.932192289026214982e-02,-8.641328566864822647e-02,-8.175610384582857049e-02,-1.190574779166862912e-01,-5.772675692477677312e-02,-9.157640905328735814e-02,-1.839675138813078592e-01,2.432908170392478187e-04,-2.281547376945059630e-02,-3.844687428410355212e-02,-1.368633842847869209e-01,-6.830948322014000762e-02,-1.000306176864799307e-01,-1.079333822624667927e-01
