1.000000000000000000e+00,4.883206429492193967e-01,3.291931378326148350e-01,7.003724351716851537e-02,1.011701195002689679e-01,1.835021898376517913e-01,2.106187227457328726e-01,-1.873515882547027375e-02,-2.160600515115095599e-01,-2.364220611785035620e-01,-8.959410323636622653e-02,-1.952315530517270137e-01,4.941472789304796748e-02,2.582669803239587836e-01,1.679765854593977814e-01,8.481555389573805503e-02,-9.766056562646924233e-02,1.063938863434198273e-01,4.174231897280601677e-02,-1.129700177390897259e-01,-1.545754257933467379e-01,1.650499600437075123e-02,-1.170025043541489534e-01,-1.952529321405407914e-01,-6.606772134935451346e-02,-3.500552300849225917e-02,-2.118206729390541623e-02,-2.376441993686612131e-02,1.122643335044926950e-02,-3.311055680233015303e-02,-4.678456074511883750e-03,-5.740902751526782977e-02
4.883206429492193967e-01,1.000000000000000000e+00,6.400224787187304143e-01,2.764842739047314035e-01,2.979530493976226824e-01,3.806297961861821455e-01,2.794106765212309718e-01,-2.325377201280937889e-01,-4.464483543135250310e-01,-3.729800826745753306e-01,-2.964886664885433287e-01,-3.538948102778367577e-01,1.222422409480681954e-01,4.154677899106370975e-01,3.625764379454957664e-01,1.434992893341812958e-01,-1.364329878700140941e-01,1.981847665948289761e-01,-1.378169345961169079e-01,-3.141479898056580011e-01,-2.325608410155487471e-01,1.696754167938401558e-01,-3.130748800260772097e-02,-3.024146555272788084e-01,4.255671017704173130e-03,-9.933345198764748085e-02,-1.217998858042122629e-01,-2.803284692161389646e-02,-2.057341978793019235e-02,-9.914845289179974319e-02,-6.582683828740912291e-02,-4.628843742363941000e-02
3.291931378326148350e-01,6.400224787187304143e-01,1.000000000000000000e+00,5.989118771723737078e-01,1.132099913578871880e-01,2.909434441673439675e-01,1.058284977358108503e-01,-2.592204122688486767e-01,-5.240693714784283586e-01,-2.764379609341350297e-01,-1.449020870015664819e-01,-1.386383802900462980e-01,3.227024933456684730e-01,3.074230165899717870e-01,3.290758880333700676e-01,-1.539657717543810866e-01,-3.440121361278016265e-01,-1.660414708216443810e-02,-2.754166982293745902e-01,-3.490007675896379946e-01,-2.256563734946352012e-02,2.581138417619782688e-01,1.217267504388975380e-01,-1.187635637355986956e-01,1.264196592127320440e-01,-1.675796425974160342e-02,-1.450571789169329273e-01,-4.948761644876153998e-02,-2.196154495298984627e-02,-1.292085918964390456e-01,-9.252218445288327986e-02,-3.186229487260497373e-02
7.003724351716851537e-02,2.764842739047314035e-01,5.989118771723737078e-01,1.000000000000000000e+00,2.074882839510836796e-01,3.303969062746899693e-02,-2.296259071995603029e-01,-3.952475292744255242e-01,-4.195444956898122801e-01,5.087603033308484013e-02,-2.344408361447087863e-01,4.964215063823802787e-02,4.072229248224595866e-01,-7.306145102255644057e-03,2.978212858734594071e-01,-2.127556410415467614e-01,-1.626303141301326527e-01,-1.387581272597286086e-01,-3.778424078036430878e-01,-2.432739053946860186e-01,1.688785517107815048e-01,3.169308587696371693e-01,3.231236084287767985e-01,6.267278209671117706e-02,2.919977601529932243e-01,1.318217116175540993e-01,-1.058205378127667073e-01,-1.436676113481413219e-01,-9.252133775331801424e-02,-1.143417891953702054e-01,-1.138575767818754136e-01,-2.047360876825700740e-02
1.011701195002689679e-01,2.979530493976226824e-01,1.132099913578871880e-01,2.074882839510836796e-01,1.000000000000000000e+00,4.622381039597711072e-01,2.696078848153776741e-01,-1.395310134164923777e-01,-2.153193246039179776e-01,-3.411882598108238462e-01,-4.700024420813860848e-01,-4.887915490543536801e-01,-1.198700852262543498e-01,2.697458175749904985e-01,3.540349525681810716e-01,3.706777002515141972e-01,1.617367831242889076e-01,3.891941747547358332e-01,1.771568703670998307e-02,-1.561204546692967488e-01,-2.977993253463519507e-01,7.942033614205176728e-02,-1.358062286924934803e-01,-2.552281205615762327e-01,-1.067443921727987723e-02,-1.631708413915292366e-01,-1.120415575545867515e-01,1.143147074820763213e-02,-4.321167760064728060e-03,-7.205038763569655835e-02,-5.830178069320642031e-02,4.461593625160019047e-03
1.835021898376517913e-01,3.806297961861821455e-01,2.909434441673439675e-01,3.303969062746899693e-02,4.622381039597711072e-01,1.000000000000000000e+00,5.619038227072176150e-01,-1.415385670325270198e-02,-2.552140537206342707e-01,-4.111363942926729576e-01,-1.338182464736814292e-01,-3.876004480385203399e-01,-4.537139565481148468e-02,4.748474004725833919e-01,2.885603745180748692e-01,3.251417366930708930e-02,-3.326726731953698613e-01,1.920580674701256596e-01,-5.723828155410789348e-02,-2.955449618901396236e-01,-2.685515468794131833e-01,9.501213131307607862e-02,-1.479288661421746809e-01,-2.988728668326351978e-01,-8.422494777431739632e-02,-1.683701045049847966e-01,-1.144225545802280142e-01,5.833816193460353294e-02,3.634462987190970051e-02,-8.633216515994333873e-02,-4.487611057175368984e-02,-3.033647771574178587e-02
2.106187227457328726e-01,2.794106765212309718e-01,1.058284977358108503e-01,-2.296259071995603029e-01,2.696078848153776741e-01,5.619038227072176150e-01,1.000000000000000000e+00,3.618873503411648151e-01,-6.022231175830212307e-02,-4.293315836736482094e-01,-6.502403129188179254e-02,-3.769659301777340543e-01,-3.540522105832836774e-01,3.724798904504757480e-01,8.230285160077294160e-02,2.679971951642680095e-01,-1.253802747812746698e-01,3.146832138539293333e-01,2.919494245315201186e-01,-2.616908114731145152e-02,-3.162092015704880965e-01,-1.194609451237833020e-01,-3.678041159484849998e-01,-2.973487029392508085e-01,-2.832612028244888558e-01,-2.477602678596194374e-01,-5.999923512626169353e-02,1.232882918147291396e-01,8.524027832863698140e-02,3.264745368872727649e-02,2.081763866074812230e-02,-2.884586198272397553e-02
-1.873515882547027375e-02,-2.325377201280937889e-01,-2.592204122688486767e-01,-3.952475292744255242e-01,-1.395310134164923777e-01,-1.415385670325270198e-02,3.618873503411648151e-01,1.000000000000000000e+00,5.898675194654764420e-01,-6.733704771970605574e-02,3.494193987711290417e-01,-2.224003184100530831e-03,-4.911109087662931527e-01,-8.075293921953016762e-02,-3.597232071141831522e-01,9.229744074418283484e-02,-3.516963977892788307e-02,1.466686210377593329e-02,4.732554131454563828e-01,3.553127741847871834e-01,4.401544485699063203e-02,-2.517394942822615000e-01,-3.393948053798573339e-01,4.704172798610124773e-02,-2.640301924840838810e-01,-5.858279137238654038e-02,5.395080508818409643e-02,7.721685753169590938e-02,5.967283796878208868e-02,1.296520093717692390e-01,6.662589676695988838e-02,-8.895100087160026994e-03
-2.160600515115095599e-01,-4.464483543135250310e-01,-5.240693714784283586e-01,-4.195444956898122801e-01,-2.153193246039179776e-01,-2.552140537206342707e-01,-6.022231175830212307e-02,5.898675194654764420e-01,1.000000000000000000e+00,4.375877784586127972e-01,4.204017756601681199e-01,3.050023376888295612e-01,-4.097595857154916477e-01,-3.166204147019713311e-01,-4.301598334466126272e-01,4.600809763360615839e-02,1.479030466455200366e-01,-1.300267129935056554e-01,3.585428617350185365e-01,4.411935260885955223e-01,1.163999483436877896e-01,-2.677346893581599163e-01,-1.440078971457911527e-01,1.393353390029208605e-01,-1.597757357361006547e-01,4.555366238960441988e-02,1.581824299271802070e-01,3.425897975855297928e-02,-3.730664853618408019e-03,1.432584403433176112e-01,5.444359779674473598e-02,3.087818977310359189e-02
-2.364220611785035620e-01,-3.729800826745753306e-01,-2.764379609341350297e-01,5.087603033308484013e-02,-3.411882598108238462e-01,-4.111363942926729576e-01,-4.293315836736482094e-01,-6.733704771970605574e-02,4.375877784586127972e-01,1.000000000000000000e+00,4.022787858367424252e-01,5.438718559244916095e-01,1.330904147769551293e-01,-4.164914758729609257e-01,-2.148634547461991950e-01,-2.556631096651875157e-01,2.750958356130472557e-02,-3.675459103378921344e-01,-1.095753062506204661e-01,1.444316303339563679e-01,2.795188721593241388e-01,-7.165943032356041076e-02,2.280324875493207892e-01,2.337422815015276212e-01,1.668423836671320826e-01,2.780779007403578196e-01,9.864322737734090851e-02,-1.694838366418713049e-01,-1.309300197544152333e-01,5.542429337093209701e-02,-2.098961703194533387e-02,4.567680237488120493e-03
-8.959410323636622653e-02,-2.964886664885433287e-01,-1.449020870015664819e-01,-2.344408361447087863e-01,-4.700024420813860848e-01,-1.338182464736814292e-01,-6.502403129188179254e-02,3.494193987711290417e-01,4.204017756601681199e-01,4.022787858367424252e-01,1.000000000000000000e+00,4.779820520999129574e-01,-2.936065419812535979e-02,-1.788734656583351734e-02,-3.631485223243874905e-01,-3.174690305313969119e-01,-3.252610258593065518e-01,-2.846813233760638329e-01,9.405196527567435960e-02,1.162541706655418894e-01,7.996703813417364859e-02,-2.530824884360657889e-01,-7.350201090211737343e-02,8.393511374517116652e-02,-9.507634613417563496e-02,8.788739083148466857e-02,1.351700367462232988e-01,6.785708303799393992e-02,2.941898411714925689e-03,6.898509875673106140e-02,9.129357507049183293e-03,-3.316572277229366816e-02
-1.952315530517270137e-01,-3.538948102778367577e-01,-1.386383802900462980e-01,4.964215063823802787e-02,-4.887915490543536801e-01,-3.876004480385203399e-01,-3.769659301777340543e-01,-2.224003184100530831e-03,3.050023376888295612e-01,5.438718559244916095e-01,4.779820520999129574e-01,1.000000000000000000e+00,3.236837792024143123e-01,-3.581594203608892135e-01,-2.803695518822423849e-01,-3.722113702563040194e-01,-1.063002920809355267e-01,-4.703930062575526483e-01,-1.195459633097704782e-01,1.773983922110845268e-01,3.140111188456456981e-01,-6.400857022298605051e-03,3.466501618743038082e-01,3.275959304382176640e-01,1.764352957486529927e-01,1.620476246786231034e-01,9.494793063151184265e-02,7.975359457773910365e-03,-6.037463154879801203e-02,-5.787704467682213555e-03,-4.653240658792226481e-02,5.183037961780928918e-03
4.941472789304796748e-02,1.222422409480681954e-01,3.227024933456684730e-01,4.072229248224595866e-01,-1.198700852262543498e-01,-4.537139565481148468e-02,-3.540522105832836774e-01,-4.911109087662931527e-01,-4.097595857154916477e-01,1.330904147769551293e-01,-2.936065419812535979e-02,3.236837792024143123e-01,1.000000000000000000e+00,1.286789765716324085e-01,3.445743735196953872e-01,-3.524526196112679477e-01,-2.731127613130746035e-01,-2.676129973610288371e-01,-5.779245577692774249e-01,-3.487802033457940154e-01,7.885546560546548289e-02,2.250167099417954009e-01,4.356085638475689636e-01,2.683008512487056532e-02,3.360114992829333902e-01,1.733869365618429248e-01,-1.947159011930153782e-02,-4.014422188501691469e-02,-1.398589269911449384e-01,-1.443616864104227682e-01,-1.429814409114357199e-01,-4.742316501426219189e-02
2.582669803239587836e-01,4.154677899106370975e-01,3.074230165899717870e-01,-7.306145102255644057e-03,2.697458175749904985e-01,4.748474004725833919e-01,3.724798904504757480e-01,-8.075293921953016762e-02,-3.166204147019713311e-01,-4.164914758729609257e-01,-1.788734656583351734e-02,-3.581594203608892135e-01,1.286789765716324085e-01,1.000000000000000000e+00,5.609561985165456566e-01,2.641551409697867059e-01,-2.354311162653962841e-01,2.648786876409192081e-01,-1.811107440475268893e-01,-4.779296495322134519e-01,-4.914709822673796746e-01,-1.265963361473781135e-01,-2.766465746122668823e-01,-4.672908518001847034e-01,-1.919226110714187805e-01,-1.960212053245142527e-01,1.467683413980925416e-02,7.167426301982732229e-02,7.052767541548256303e-02,9.438194745862346288e-03,-3.266903243907264692e-02,-6.636854832758298274e-03
1.679765854593977814e-01,3.625764379454957664e-01,3.290758880333700676e-01,2.978212858734594071e-01,3.540349525681810716e-01,2.885603745180748692e-01,8.230285160077294160e-02,-3.597232071141831522e-01,-4.301598334466126272e-01,-2.148634547461991950e-01,-3.631485223243874905e-01,-2.803695518822423849e-01,3.445743735196953872e-01,5.609561985165456566e-01,1.000000000000000000e+00,2.909292303074652586e-01,-3.005802311715017206e-03,2.642013386885074255e-01,-3.757798870613227593e-01,-5.289076544692041804e-01,-3.346023741875744917e-01,2.609435491929825573e-02,-2.318528565827243648e-02,-3.399405404313530221e-01,6.612246939631516440e-02,2.933909634881796263e-02,-2.698959179774419737e-02,-9.549216963746828823e-02,-6.827930825792613567e-02,-4.125754170900607781e-02,-6.811433349770881773e-02,-1.217572637428339724e-02
8.481555389573805503e-02,1.434992893341812958e-01,-1.539657717543810866e-01,-2.127556410415467614e-01,3.706777002515141972e-01,3.251417366930708930e-02,2.679971951642680095e-01,9.229744074418283484e-02,4.600809763360615839e-02,-2.556631096651875157e-01,-3.174690305313969119e-01,-3.722113702563040194e-01,-3.524526196112679477e-01,2.641551409697867059e-01,2.909292303074652586e-01,1.000000000000000000e+00,5.998849298949481268e-01,5.273089293468465888e-01,2.393373540556539003e-01,-2.403889122604620666e-03,-3.841869773369522290e-01,-2.219895929171834537e-01,-4.548659155249040742e-01,-2.846724433609000848e-01,-2.644032748816260714e-01,-1.464262182787541000e-01,4.928410312657757059e-02,-4.881312922372860186e-02,9.132625621755340040e-02,1.373433870660129841e-01,1.263058657982431554e-01,9.513174084379660833e-02
-9.766056562646924233e-02,-1.364329878700140941e-01,-3.440121361278016265e-01,-1.626303141301326527e-01,1.617367831242889076e-01,-3.326726731953698613e-01,-1.253802747812746698e-01,-3.516963977892788307e-02,1.479030466455200366e-01,2.750958356130472557e-02,-3.252610258593065518e-01,-1.063002920809355267e-01,-2.731127613130746035e-01,-2.354311162653962841e-01,-3.005802311715017206e-03,5.998849298949481268e-01,1.000000000000000000e+00,4.070261822484372849e-01,1.944082055145452126e-01,2.047486491668716047e-01,-8.134333341599271627e-02,-1.483864436375905704e-01,-2.052123353656731819e-01,7.741513801793205828e-03,-1.160920546328923775e-01,-4.124145138346876904e-02,2.226454880233071868e-03,-9.693382045846486716e-02,4.663035995744783946e-02,9.686351947769192283e-02,1.125229115846585054e-01,8.726021067967515421e-02
1.063938863434198273e-01,1.981847665948289761e-01,-1.660414708216443810e-02,-1.387581272597286086e-01,3.891941747547358332e-01,1.920580674701256596e-01,3.146832138539293333e-01,1.466686210377593329e-02,-1.300267129935056554e-01,-3.675459103378921344e-01,-2.846813233760638329e-01,-4.703930062575526483e-01,-2.676129973610288371e-01,2.648786876409192081e-01,2.642013386885074255e-01,5.273089293468465888e-01,4.070261822484372849e-01,1.000000000000000000e+00,3.024551475598692973e-01,-1.441502317449305792e-01,-4.531993213907390405e-01,-1.717905782384659408e-01,-4.074624194708951763e-01,-2.959596192453623487e-01,-1.985326371674519808e-01,-1.847161825147191072e-01,-7.541582514208373944e-02,3.436750907338166541e-03,3.975120174173599197e-02,6.489244526840563061e-04,2.550010532608206273e-02,8.848426564097001262e-03
4.174231897280601677e-02,-1.378169345961169079e-01,-2.754166982293745902e-01,-3.778424078036430878e-01,1.771568703670998307e-02,-5.723828155410789348e-02,2.919494245315201186e-01,4.732554131454563828e-01,3.585428617350185365e-01,-1.095753062506204661e-01,9.405196527567435960e-02,-1.195459633097704782e-01,-5.779245577692774249e-01,-1.811107440475268893e-01,-3.757798870613227593e-01,2.393373540556539003e-01,1.944082055145452126e-01,3.024551475598692973e-01,1.000000000000000000e+00,5.126460409992532608e-01,-3.582915690586611912e-02,-3.037181603258041762e-01,-3.487086540823508551e-01,3.265591190733237864e-02,-2.881070165333994293e-01,-1.668436575760887663e-01,2.197828005407222521e-02,4.775775347802255211e-02,4.154607889776088664e-02,8.359024638275713848e-02,1.186880852668192043e-01,2.349969882655740527e-02
-1.129700177390897259e-01,-3.141479898056580011e-01,-3.490007675896379946e-01,-2.432739053946860186e-01,-1.561204546692967488e-01,-2.955449618901396236e-01,-2.616908114731145152e-02,3.553127741847871834e-01,4.411935260885955223e-01,1.444316303339563679e-01,1.162541706655418894e-01,1.773983922110845268e-01,-3.487802033457940154e-01,-4.779296495322134519e-01,-5.289076544692041804e-01,-2.403889122604620666e-03,2.047486491668716047e-01,-1.441502317449305792e-01,5.126460409992532608e-01,1.000000000000000000e+00,3.856590526783035267e-01,-1.329357166784075062e-01,5.513067791282792729e-03,3.187431224955115106e-01,-7.076880177000691163e-02,-5.042823081342641400e-02,7.488506639208171445e-02,7.830491597194087772e-02,5.173920865518134155e-02,5.035521801574320555e-02,7.545556205564342422e-02,3.421035845023806532e-02
-1.545754257933467379e-01,-2.325608410155487471e-01,-2.256563734946352012e-02,1.688785517107815048e-01,-2.977993253463519507e-01,-2.685515468794131833e-01,-3.162092015704880965e-01,4.401544485699063203e-02,1.163999483436877896e-01,2.795188721593241388e-01,7.996703813417364859e-02,3.140111188456456981e-01,7.885546560546548289e-02,-4.914709822673796746e-01,-3.346023741875744917e-01,-3.841869773369522290e-01,-8.134333341599271627e-02,-4.531993213907390405e-01,-3.582915690586611912e-02,3.856590526783035267e-01,1.000000000000000000e+00,3.353562011741644810e-01,3.754522279805652674e-01,4.224645042718138677e-01,1.799961313596910584e-01,1.069674809288186784e-01,-4.501127641580220107e-02,-4.782606461238055051e-02,-6.401649404801806886e-02,-1.042865430606861876e-01,-5.547003450332275987e-02,-2.394788739696730728e-02
1.650499600437075123e-02,1.696754167938401558e-01,2.581138417619782688e-01,3.169308587696371693e-01,7.942033614205176728e-02,9.501213131307607862e-02,-1.194609451237833020e-01,-2.517394942822615000e-01,-2.677346893581599163e-01,-7.165943032356041076e-02,-2.530824884360657889e-01,-6.400857022298605051e-03,2.250167099417954009e-01,-1.265963361473781135e-01,2.609435491929825573e-02,-2.219895929171834537e-01,-1.483864436375905704e-01,-1.717905782384659408e-01,-3.037181603258041762e-01,-1.329357166784075062e-01,3.353562011741644810e-01,1.000000000000000000e+00,4.751085600754659244e-01,1.020347480038525656e-01,3.014250709027750386e-01,1.707989309211787807e-02,-1.112661114234641396e-01,3.222731315738264907e-02,-4.980733844443375330e-02,-1.678782838176540171e-01,-1.005478657636564160e-01,-4.927312331339859380e-02
-1.170025043541489534e-01,-3.130748800260772097e-02,1.217267504388975380e-01,3.231236084287767985e-01,-1.358062286924934803e-01,-1.479288661421746809e-01,-3.678041159484849998e-01,-3.393948053798573339e-01,-1.440078971457911527e-01,2.280324875493207892e-01,-7.350201090211737343e-02,3.466501618743038082e-01,4.356085638475689636e-01,-2.766465746122668823e-01,-2.318528565827243648e-02,-4.548659155249040742e-01,-2.052123353656731819e-01,-4.074624194708951763e-01,-3.487086540823508551e-01,5.513067791282792729e-03,3.754522279805652674e-01,4.751085600754659244e-01,1.000000000000000000e+00,4.628846168463126576e-01,5.220796781090413230e-01,1.367431233520766398e-01,-3.993585048555722827e-02,5.066376297176658494e-02,-1.679859864794562563e-01,-1.840729462351979873e-01,-1.448095923957269104e-01,-9.331680390363904232e-02
-1.952529321405407914e-01,-3.024146555272788084e-01,-1.187635637355986956e-01,6.267278209671117706e-02,-2.552281205615762327e-01,-2.988728668326351978e-01,-2.973487029392508085e-01,4.704172798610124773e-02,1.393353390029208605e-01,2.337422815015276212e-01,8.393511374517116652e-02,3.275959304382176640e-01,2.683008512487056532e-02,-4.672908518001847034e-01,-3.399405404313530221e-01,-2.846724433609000848e-01,7.741513801793205828e-03,-2.959596192453623487e-01,3.265591190733237864e-02,3.187431224955115106e-01,4.224645042718138677e-01,1.020347480038525656e-01,4.628846168463126576e-01,1.000000000000000000e+00,4.259143151084889833e-01,1.131877810946415458e-01,-1.347612800241737019e-01,3.629164648346069194e-02,-7.477734641847434693e-02,-1.576376995324797192e-01,-6.825662936591100904e-02,-3.265536872656089190e-02
-6.606772134935451346e-02,4.255671017704173130e-03,1.264196592127320440e-01,2.919977601529932243e-01,-1.067443921727987723e-02,-8.422494777431739632e-02,-2.832612028244888558e-01,-2.640301924840838810e-01,-1.597757357361006547e-01,1.668423836671320826e-01,-9.507634613417563496e-02,1.764352957486529927e-01,3.360114992829333902e-01,-1.919226110714187805e-01,6.612246939631516440e-02,-2.644032748816260714e-01,-1.160920546328923775e-01,-1.985326371674519808e-01,-2.881070165333994293e-01,-7.076880177000691163e-02,1.799961313596910584e-01,3.014250709027750386e-01,5.220796781090413230e-01,4.259143151084889833e-01,1.000000000000000000e+00,4.350383623800412880e-01,-1.611300988197035822e-01,-6.121309563359384615e-02,-2.726850851444607149e-01,-2.425072611376975218e-01,-1.410555115678693572e-01,-1.640910939917798045e-02
-3.500552300849225917e-02,-9.933345198764748085e-02,-1.675796425974160342e-02,1.318217116175540993e-01,-1.631708413915292366e-01,-1.683701045049847966e-01,-2.477602678596194374e-01,-5.858279137238654038e-02,4.555366238960441988e-02,2.780779007403578196e-01,8.788739083148466857e-02,1.620476246786231034e-01,1.733869365618429248e-01,-1.960212053245142527e-01,2.933909634881796263e-02,-1.464262182787541000e-01,-4.124145138346876904e-02,-1.847161825147191072e-01,-1.668436575760887663e-01,-5.042823081342641400e-02,1.069674809288186784e-01,1.707989309211787807e-02,1.367431233520766398e-01,1.131877810946415458e-01,4.350383623800412880e-01,1.000000000000000000e+00,2.300523874225245125e-01,-2.537455097450915242e-01,-2.513773135652437318e-01,3.563624162074649493e-02,1.127634529296249466e-02,-1.020840560026899276e-02
-2.118206729390541623e-02,-1.217998858042122629e-01,-1.450571789169329273e-01,-1.058205378127667073e-01,-1.120415575545867515e-01,-1.144225545802280142e-01,-5.999923512626169353e-02,5.395080508818409643e-02,1.581824299271802070e-01,9.864322737734090851e-02,1.351700367462232988e-01,9.494793063151184265e-02,-1.947159011930153782e-02,1.467683413980925416e-02,-2.698959179774419737e-02,4.928410312657757059e-02,2.226454880233071868e-03,-7.541582514208373944e-02,2.197828005407222521e-02,7.488506639208171445e-02,-4.501127641580220107e-02,-1.112661114234641396e-01,-3.993585048555722827e-02,-1.347612800241737019e-01,-1.611300988197035822e-01,2.300523874225245125e-01,1.000000000000000000e+00,3.467973971593275584e-01,1.114243414489175799e-01,3.866224166844353660e-01,2.216842360866921879e-01,9.844648377856221599e-02
-2.376441993686612131e-02,-2.803284692161389646e-02,-4.948761644876153998e-02,-1.436676113481413219e-01,1.143147074820763213e-02,5.833816193460353294e-02,1.232882918147291396e-01,7.721685753169590938e-02,3.425897975855297928e-02,-1.694838366418713049e-01,6.785708303799393992e-02,7.975359457773910365e-03,-4.014422188501691469e-02,7.167426301982732229e-02,-9.549216963746828823e-02,-4.881312922372860186e-02,-9.693382045846486716e-02,3.436750907338166541e-03,4.775775347802255211e-02,7.830491597194087772e-02,-4.782606461238055051e-02,3.222731315738264907e-02,5.066376297176658494e-02,3.629164648346069194e-02,-6.121309563359384615e-02,-2.537455097450915242e-01,3.467973971593275584e-01,1.000000000000000000e+00,2.893522057665186553e-01,1.495962224960078746e-01,1.144557456311879884e-01,6.302187478472784377e-02
1.122643335044926950e-02,-2.057341978793019235e-02,-2.196154495298984627e-02,-9.252133775331801424e-02,-4.321167760064728060e-03,3.634462987190970051e-02,8.524027832863698140e-02,5.967283796878208868e-02,-3.730664853618408019e-03,-1.309300197544152333e-01,2.941898411714925689e-03,-6.037463154879801203e-02,-1.398589269911449384e-01,7.052767541548256303e-02,-6.827930825792613567e-02,9.132625621755340040e-02,4.663035995744783946e-02,3.975120174173599197e-02,4.154607889776088664e-02,5.173920865518134155e-02,-6.401649404801806886e-02,-4.980733844443375330e-02,-1.679859864794562563e-01,-7.477734641847434693e-02,-2.726850851444607149e-01,-2.513773135652437318e-01,1.114243414489175799e-01,2.893522057665186553e-01,1.000000000000000000e+00,4.002612102512032033e-01,3.065397281619592906e-01,1.999496303468563108e-01
-3.311055680233015303e-02,-9.914845289179974319e-02,-1.292085918964390456e-01,-1.143417891953702054e-01,-7.205038763569655835e-02,-8.633216515994333873e-02,3.264745368872727649e-02,1.296520093717692390e-01,1.432584403433176112e-01,5.542429337093209701e-02,6.898509875673106140e-02,-5.787704467682213555e-03,-1.443616864104227682e-01,9.438194745862346288e-03,-4.125754170900607781e-02,1.373433870660129841e-01,9.686351947769192283e-02,6.489244526840563061e-04,8.359024638275713848e-02,5.035521801574320555e-02,-1.042865430606861876e-01,-1.678782838176540171e-01,-1.840729462351979873e-01,-1.576376995324797192e-01,-2.425072611376975218e-01,3.563624162074649493e-02,3.866224166844353660e-01,1.495962224960078746e-01,4.002612102512032033e-01,1.000000000000000000e+00,5.135471818840338099e-01,2.644031845546920834e-01
-4.678456074511883750e-03,-6.582683828740912291e-02,-9.252218445288327986e-02,-1.138575767818754136e-01,-5.830178069320642031e-02,-4.487611057175368984e-02,2.081763866074812230e-02,6.662589676695988838e-02,5.444359779674473598e-02,-2.098961703194533387e-02,9.129357507049183293e-03,-4.653240658792226481e-02,-1.429814409114357199e-01,-3.266903243907264692e-02,-6.811433349770881773e-02,1.263058657982431554e-01,1.125229115846585054e-01,2.550010532608206273e-02,1.186880852668192043e-01,7.545556205564342422e-02,-5.547003450332275987e-02,-1.005478657636564160e-01,-1.448095923957269104e-01,-6.825662936591100904e-02,-1.410555115678693572e-01,1.127634529296249466e-02,2.216842360866921879e-01,1.144557456311879884e-01,3.065397281619592906e-01,5.135471818840338099e-01,1.000000000000000000e+00,4.138397704731930360e-01
-5.740902751526782977e-02,-4.628843742363941000e-02,-3.186229487260497373e-02,-2.047360876825700740e-02,4.461593625160019047e-03,-3.033647771574178587e-02,-2.884586198272397553e-02,-8.895100087160026994e-03,3.087818977310359189e-02,4.567680237488120493e-03,-3.316572277229366816e-02,5.183037961780928918e-03,-4.742316501426219189e-02,-6.636854832758298274e-03,-1.217572637428339724e-02,9.513174084379660833e-02,8.726021067967515421e-02,8.848426564097001262e-03,2.349969882655740527e-02,3.421035845023806532e-02,-2.394788739696730728e-02,-4.927312331339859380e-02,-9.331680390363904232e-02,-3.265536872656089190e-02,-1.640910939917798045e-02,-1.020840560026899276e-02,9.844648377856221599e-02,6.302187478472784377e-02,1.999496303468563108e-01,2.644031845546920834e-01,4.138397704731930360e-01,1.000000000000000000e+00
