1.000000000000000000e+00,3.805817983486111666e-01,4.669885346281053007e-01,-4.410145160999170422e-01,-2.928553250055001556e-01,5.551050171998342941e-01,1.016845054002546850e-01,-5.978730727151143620e-01,5.229855284337640853e-02,5.523984099255838665e-01,-2.668129928659990768e-01,-5.134754731015040985e-01,3.738193070229072212e-01,3.237785777100889439e-01,-4.428038973073520901e-01,-1.929812078660352592e-01,-4.217150020560994084e-01,2.656275538453798379e-01,-2.084609317932117900e-01,-9.859976034863983385e-02,-3.647799042798317015e-01,-3.235815921749960467e-01,-8.502018475581996082e-02,-1.830906985140254850e-01,-3.674626788229189978e-01,2.843107974845828778e-01,-1.124714742765515196e-01,1.128085490387187029e-01,2.835708548853606570e-01,5.775198730387527402e-01,2.584989849095048475e-01,6.296017011155892185e-01,4.103999649003949313e-01,5.902736371701168272e-01,4.493297155851795344e-01,2.684915889559043034e-01,5.725088201614765282e-01,2.475839733055403835e-01,3.823057884260092631e-01,-5.003628721376036648e-01,5.961769679999913418e-02,-5.116420190600755591e-01,1.177746379970723636e-02,-3.642892343779229325e-01,-4.290902573474054127e-01,-4.459124463347715617e-01,-6.150858582792927409e-01,-3.329168586077029257e-01,-5.724702713214814276e-01,-2.731251645750640833e-01,-5.649588699313407014e-01,2.265021036846176783e-01,4.179419107938725508e-01,6.309924811715167392e-01,3.969095710952028067e-02,-2.496339816695758163e-01,3.262434407453473906e-01,5.288543237433197541e-01,-2.133370194653912977e-01,-1.005883826796951236e-01,5.912405598565418918e-01,2.183178280693094386e-01,-3.220133432672609430e-01,3.237885886168945238e-01,5.548332209249358105e-01,-9.757599244039671937e-02,-1.701695201467595953e-01,4.777208878657055457e-01,3.777502458638970495e-01,-4.441490128662715087e-01,-1.051878060247146557e-01,1.857851342398428307e-01,4.732868321517987309e-01,-1.825750173109955965e-01,2.605105588613902956e-01,-2.497412786070530785e-02,-1.123771527589969843e-01,-6.211690380935287470e-01,-3.835669123775021783e-01,-4.893520077074649532e-01,-5.047280338162415392e-01,-3.188958738552611916e-01,-5.169202098749883234e-01,2.377795833412943427e-02,-5.290372429296403833e-01,-1.109023215155486158e-01,-5.357473885913860423e-01,-1.617280984934862942e-01,-2.810359267569336739e-01,1.263184684575092143e-01,7.036343607869174899e-02
3.805817983486111666e-01,1.000000000000000000e+00,8.185349513374412522e-02,-4.657450189798645890e-01,4.989714529139819832e-01,7.911765634383643997e-01,-3.046937846204933464e-01,-2.993656423766483665e-01,8.136841258747014027e-01,4.506239590963970199e-01,-5.326543707650165382e-01,9.309415071882104487e-02,9.150101331634878932e-01,2.612305696925695808e-02,-6.588524883134946331e-01,3.119929485661266377e-01,-4.103349309964500202e-01,2.222553906902296761e-01,4.446170257026410000e-01,-5.251519683804748428e-01,-7.380171541630655696e-01,3.907679089496567393e-01,2.243044995890457194e-01,-8.386584511820115440e-01,-3.873780436607630051e-01,-4.639433128149010876e-01,-3.750542705185626047e-01,-5.814357254010877885e-01,-2.103068308369160644e-01,8.116116123047012465e-02,-3.198058093746619646e-01,5.354269770266496531e-01,-1.643146037845631957e-01,5.920245894534204023e-01,1.177887954870234788e-01,6.853839000849912821e-01,1.538686902651192900e-01,2.502435602420829408e-01,8.495763312687037994e-01,5.556965074943782945e-02,-1.084004789072995634e-01,-5.434451826624111526e-01,-5.967128683883995421e-01,-7.357433628921145052e-01,2.572548435213973250e-01,-6.697579478029578315e-01,-4.007698748808688483e-01,-8.697791825872616123e-01,-2.198208224969823987e-01,3.979655891953607361e-01,-2.362347059852678011e-01,7.641159572537720157e-01,5.235981694176585766e-01,4.539770952871490795e-01,8.182870789804091993e-01,-2.588455707206151479e-01,-4.323084118968620881e-01,7.958315438880936288e-01,4.400794707304210851e-01,-5.864750282631655542e-01,1.441118971235501034e-01,9.082325518245913942e-01,-6.241647126474888368e-02,-3.298583583863368140e-01,6.071792305443696192e-01,6.987019266567399134e-01,-3.007918080432104291e-01,-1.669048052552172257e-01,8.224023336309257415e-01,-1.256635653452597701e-01,-8.131085216480785638e-01,-5.656428806881524246e-02,-1.684464926018132414e-01,-8.548649684727546161e-01,-2.925091938428964200e-01,-6.245894939557437020e-01,-1.624570677394053531e-01,-4.164706762796262507e-01,-4.088053682587211024e-01,1.398396937120980343e-01,-2.966406177280748735e-01,4.509569625185615438e-01,-1.811380755163847778e-01,7.052979629667407435e-01,-5.843632339515291568e-02,4.906254658453900186e-01,1.873886351567133346e-02,5.404598968027247707e-01,1.407568257898422770e-01,4.544607320799837202e-01,2.538192062644792357e-01
4.669885346281053007e-01,8.185349513374412522e-02,1.000000000000000000e+00,3.012766649291006432e-02,-7.022406734966671893e-01,5.242444575637117410e-01,8.010477919282760206e-01,-5.067124685630534087e-01,-4.006802062546884757e-01,8.892134319967003320e-01,3.538103909514352385e-01,-7.695227762063618915e-01,1.151848322765543081e-01,9.407288859863868202e-01,9.025236869276365148e-03,9.373388281820338452e-02,3.891795859779907663e-02,8.354788220088239514e-01,-9.694312386489262190e-02,5.521482880204013899e-01,-5.466352995898604572e-01,-7.900125688190695605e-01,3.643422938806470945e-01,2.802383374394213922e-01,-8.362071295461230847e-01,3.705101709956362677e-01,-5.776657693623561407e-01,5.358607370097609457e-02,1.123411303340147993e-02,7.387200298361066286e-01,5.452975782318994491e-02,5.857339509877520500e-01,3.043577457482161130e-01,3.649992608064035471e-01,1.472519012358805557e-01,-3.132494949019917208e-01,5.192805746649002963e-01,-3.321750741064969925e-01,3.930721117829975575e-01,-5.012557219933243546e-01,7.275719956204153016e-01,-1.422133746345405902e-01,6.505182430324880638e-01,1.425498784094408888e-01,-5.423886321097213248e-01,9.453801828233165602e-03,-5.211015849128364241e-01,-3.167030308138319983e-01,-4.806470883743499956e-01,-1.958967899422561776e-01,-4.131670818127570199e-01,3.619397395726385858e-01,7.985179450904719145e-01,6.481686663532767456e-01,-3.220301737768385686e-01,-8.137624690271179073e-01,4.801220068760077564e-01,5.333829704770972624e-01,-8.183031777996945255e-01,-3.835700511598520990e-01,8.090100758016106619e-01,-3.850388623225637491e-02,-9.345107434971181570e-01,2.588067432646734556e-01,7.792090877413704320e-01,-5.364439085581425015e-01,-6.978909349832784770e-01,6.021163046356071691e-01,-5.325998565632639875e-02,-9.675521980375166864e-01,-4.118710971017912337e-02,-3.008679576364957642e-01,6.049191015338218902e-01,-9.102396641636524566e-02,5.383890340424574844e-02,5.980653285778417816e-01,5.160322340414329467e-01,-5.586865277100123706e-01,1.370065220301530662e-01,-6.277251049429112273e-01,-1.918269608502752022e-01,-5.378310902332561483e-01,-2.977982272631226612e-01,8.155501998246132700e-02,-4.540630487505311064e-01,8.553444334252004178e-02,-6.315054927079720715e-01,-1.229006594894898607e-01,-8.244241244845059713e-01,-3.144665787148835934e-01,-2.893804242535472082e-01
-4.410145160999170422e-01,-4.657450189798645890e-01,3.012766649291006432e-02,1.000000000000000000e+00,1.833832445555086399e-02,-6.004248018602506010e-01,5.954100633763459438e-01,8.173928911976037215e-01,-3.888748911129032981e-01,-2.502150208208687721e-01,9.125458704502490415e-01,4.087503814416078574e-01,-5.716286497039430037e-01,2.566544586196768396e-01,9.412547059171765262e-01,6.296424296679106192e-01,9.719284568934893898e-01,3.345553449386269862e-01,4.829608696734335460e-01,7.456524777539602633e-01,1.132706237866927118e-01,-2.330276427050850460e-02,6.618918034110878867e-01,5.775880668861670397e-01,-1.398289493313185083e-01,-3.620156605892645429e-01,-4.512052752756426366e-01,-3.369152480195051202e-01,-7.114120920667521553e-01,-5.468875857744363023e-01,-6.228780533785807094e-01,-7.508698743991439883e-01,-6.829434468621363719e-01,-8.821562933732917111e-01,-8.905750711394559982e-01,-8.550812748903714455e-01,-7.594663730186848039e-01,-9.139676648299330797e-01,-3.103317234706889360e-01,6.549160857739364516e-01,6.466669206247642743e-01,9.583676358134378681e-01,5.770175949866925835e-01,8.785904591619718706e-01,4.784857603380045510e-01,9.392529621503578063e-01,8.144820142063976531e-01,2.614690768962015799e-01,8.009251552027343291e-01,5.131735263034230554e-01,8.384312362861751078e-01,9.139694942518570425e-03,1.297492843013590275e-03,-6.983010320011495686e-01,-2.835102279317179841e-01,-3.485644761391483715e-01,-3.403393219492948374e-01,-5.134209838924914671e-01,-3.041547045700843666e-01,-3.036215463162065809e-01,-4.927361610282300353e-01,-3.764341390021058165e-01,-2.780988940695821032e-01,-5.621025197118921790e-01,-3.400011439716530415e-01,-2.195501821406717069e-01,-4.310223736304502618e-01,-5.113256860269375093e-01,-7.904844993521171759e-01,-3.583640923070922218e-02,2.721386210539819203e-02,-8.012292101385097842e-01,-5.006763756903311879e-01,1.805495097315752140e-01,-6.301560718957118779e-01,6.007059804885044318e-01,8.173323680195357932e-01,7.866482447155924707e-01,9.742930706154873111e-01,5.096463240210533652e-01,9.365496839685312214e-01,2.683569698078949184e-01,8.704026746107440538e-01,1.768871553532753160e-01,7.512190770174340670e-01,4.637132792930467318e-01,5.852791881187938694e-01,3.621310257267292276e-01,-2.034446980051924925e-01,-4.089824401781071983e-01,-3.798741082096508959e-01
-2.928553250055001556e-01,4.989714529139819832e-01,-7.022406734966671893e-01,1.833832445555086399e-02,1.000000000000000000e+00,4.385726092851898210e-04,-6.280703171497477033e-01,5.084187119897209950e-01,8.459568393420184851e-01,-4.255606895360167230e-01,-3.313872644914231946e-01,8.720146000984478896e-01,4.445509266082635635e-01,-6.058985648604429120e-01,-1.566886239560923155e-01,4.783740015705770787e-01,4.876134634346365737e-02,-3.206624791699198562e-01,6.795269081719720328e-01,-5.596886460508679884e-01,-1.560021590081061837e-01,9.517799427504994858e-01,2.016356719113933660e-01,-6.889477461155641969e-01,2.656778144995758928e-01,-8.570878141165008124e-01,-6.833866806964984664e-02,-6.977045933490872986e-01,-5.091868788334757978e-01,-7.611582231575253488e-01,-5.994100968222548786e-01,-3.374157374484927363e-01,-6.901272037253567415e-01,-1.708434563244857485e-01,-4.125375413704305827e-01,4.611024934029460121e-01,-6.193248313350329104e-01,7.217336077574629249e-02,2.859316420404602321e-01,7.401608213821611049e-01,-3.834917992950679366e-01,7.031927472427336456e-02,-7.767083108812531389e-01,-3.582230971859763358e-01,8.676652214637733396e-01,-1.675637726869734223e-01,4.307659041965055113e-01,-3.854053913723572977e-01,5.493352822909728372e-01,7.314894066245064552e-01,4.999325393086467284e-01,3.786434533811579572e-01,-1.791980919841959230e-01,-4.335126118377156668e-01,8.381092916629232503e-01,2.653200137725582053e-01,-9.082567830406256260e-01,3.619065088610187719e-02,8.952248959899740122e-01,-3.396210227618995381e-01,-7.382578709435327902e-01,6.494330451058241138e-01,5.634820796736449422e-01,-7.435269748295457726e-01,-2.436578173909781653e-01,9.324500992143456291e-01,9.992770630887157224e-02,-8.489118443970586902e-01,4.017197676032271403e-01,6.418924774050092097e-01,-6.590513085156851636e-01,-1.659878770826095640e-01,-8.473133456820609588e-01,-5.877411389946718412e-01,-5.829636794657307997e-01,-7.485270838862578824e-01,-1.864651901839076698e-01,4.350332779600531441e-01,-2.829236682500108763e-02,8.479523726231327219e-01,3.131075191211020181e-01,9.379101663520338361e-01,4.696769845808247412e-01,6.257125397344495132e-01,6.460436714180428641e-01,5.648855073804756044e-01,7.792942861864442516e-01,7.262229777006795617e-01,6.832731462132654032e-01,4.544490723328408199e-01,2.688863136940039533e-01
5.551050171998342941e-01,7.911765634383643997e-01,5.242444575637117410e-01,-6.004248018602506010e-01,4.385726092851898210e-04,1.000000000000000000e+00,4.998747782248123481e-03,-7.006344971385987108e-01,4.937150053275583539e-01,8.323200296645213436e-01,-4.693270091172471736e-01,-4.327007444453191964e-01,8.737535566625715955e-01,4.086871471033984848e-01,-7.376470634512929392e-01,8.639885165813153411e-02,-5.538259498827255989e-01,4.713656886664013279e-01,1.306046839449556407e-01,-3.199796632435987220e-01,-8.268433186325916395e-01,-1.046646236070296887e-01,1.465563157344073886e-01,-6.252845678264753460e-01,-6.450769240175396879e-01,-4.254170360331969991e-02,-4.194928910017505230e-01,-2.906307777776666046e-01,6.168141792274989266e-02,5.780690129959568102e-01,-2.071247238132967530e-02,8.855695114081071351e-01,2.291393276922061017e-01,8.547033200144553700e-01,4.128056041641424700e-01,5.809067896959233535e-01,5.827577624097302067e-01,2.786697508917144184e-01,8.880488877988287344e-01,-3.953122574538743272e-01,9.331718749864621743e-02,-7.327978823432358402e-01,-2.725046657578625298e-01,-7.068950568429962500e-01,-2.214744046204007166e-01,-7.433228782383566324e-01,-7.761895004165985101e-01,-8.498018365488617665e-01,-6.245839626361533448e-01,3.995986216789418344e-02,-6.126603521774941497e-01,7.191444839133297462e-01,7.639934009203475096e-01,8.433450610762451838e-01,5.068362896048870248e-01,-4.831115837778061084e-01,2.632581713582392638e-02,9.766398400557131376e-01,5.282154899124084219e-05,-5.178930185789832885e-01,6.417319349839822884e-01,7.367444799240279174e-01,-4.224152475861364664e-01,5.447974310560394634e-02,9.138024417633743290e-01,2.976155944171622880e-01,-4.318077741598683739e-01,3.238448394560256016e-01,7.857281809935692252e-01,-5.553855659247232124e-01,-6.056510895360667224e-01,4.331807936328779807e-02,3.242569228930145542e-01,-7.097446896155235052e-01,-3.802309771632744490e-03,-3.235160832809685916e-01,-9.704283767839853858e-02,-7.974235473166876309e-01,-5.026749883942998043e-01,-3.564084948892860538e-01,-5.744734075448039157e-01,-1.982695507828416068e-02,-5.268072423610521415e-01,4.908973401378775026e-01,-4.817917875073003398e-01,2.572576038999669357e-01,-4.657090986010023470e-01,2.174495367915262600e-01,-2.446845261812644612e-01,2.828061987498814989e-01,1.494439030394801027e-01
1.016845054002546850e-01,-3.046937846204933464e-01,8.010477919282760206e-01,5.954100633763459438e-01,-6.280703171497477033e-01,4.998747782248123481e-03,1.000000000000000000e+00,4.857117972794262883e-02,-6.378520698230955022e-01,5.291550780395334330e-01,8.275866941656873088e-01,-4.273298270952727296e-01,-3.273726686468277358e-01,8.895418278231888021e-01,5.805571969906467844e-01,3.542858002272926687e-01,5.848361519877401937e-01,8.159823954275730040e-01,1.067262726639632286e-01,9.001592346954322421e-01,-2.812133626642929762e-01,-7.059970699113313763e-01,6.016768102684518782e-01,6.390287435673049909e-01,-6.939190910564958514e-01,1.794103712406250883e-01,-6.452035436424636838e-01,-4.810695374297866561e-02,-3.250206671412682047e-01,3.065199840521933838e-01,-2.296250468433543857e-01,1.534070334591008423e-02,-8.006217790948330637e-02,-2.383967864321247243e-01,-3.524773245967807167e-01,-7.858483809063918635e-01,1.060153674116004821e-02,-7.707379746963343159e-01,4.079826770186395501e-02,-7.857065306179526754e-02,9.343428819444687949e-01,4.503756166073670797e-01,9.042469226312284114e-01,6.669061594888255895e-01,-2.300641990613004617e-01,5.810929834327088761e-01,5.060306847526224727e-02,-1.245085071610032516e-03,5.148984110651380619e-02,4.868034427094296984e-02,1.275559223497903238e-01,1.911070498152734887e-01,5.733672763148468521e-01,1.040647996443745393e-01,-5.191202514989678996e-01,-8.005970650755693807e-01,2.744532678997126940e-01,5.829522260155241969e-02,-8.784594792073864289e-01,-3.838310136237648718e-01,3.822848737643398387e-01,-3.499096467998880078e-01,-8.891013488316568125e-01,-3.218878176889101300e-02,3.718987867013325843e-01,-6.438177715727048112e-01,-7.425788417546315134e-01,2.489548815205582244e-01,-5.631503409194403842e-01,-7.839400016305609897e-01,9.492752681127174241e-02,-6.450571273700524966e-01,2.571396445490229943e-01,1.392651146303057197e-01,-2.391133447011352942e-01,8.776471971642431091e-01,8.575526223482262678e-01,8.217484321832337416e-03,6.658685576220255697e-01,-2.665954647571980307e-01,3.648547671875675968e-01,-3.603964864907245325e-01,2.292535401777081316e-01,5.807284896032495480e-02,2.491601010832401181e-02,2.377612770016107324e-01,-2.141491580482386414e-01,1.018463788488214138e-02,-7.901307569673864384e-01,-5.261387396824329654e-01,-4.688492701527511852e-01
-5.978730727151143620e-01,-2.993656423766483665e-01,-5.067124685630534087e-01,8.173928911976037215e-01,5.084187119897209950e-01,-7.006344971385987108e-01,4.857117972794262883e-02,1.000000000000000000e+00,1.912497159108448794e-02,-6.467077977051569615e-01,5.575007399119622509e-01,8.370196414887074443e-01,-4.228335334763359543e-01,-2.809851748325588594e-01,7.489503075465933080e-01,6.013896990617622063e-01,8.091291573638370593e-01,-1.095725705102956749e-01,5.962276840140341427e-01,2.863712030078945370e-01,2.658088478711491676e-01,4.971959584062855542e-01,4.624789237383377105e-01,2.193756892627061750e-01,2.596376995043517821e-01,-6.396512891257853939e-01,-1.751004487999216763e-01,-4.621889217875619904e-01,-7.160492619517477841e-01,-9.112066301134900126e-01,-6.793633785999919628e-01,-9.269105548529208427e-01,-8.441817525358094043e-01,-9.147626084568128979e-01,-8.943471655503633100e-01,-4.894847335687950163e-01,-9.720778791198739777e-01,-6.209814775967881229e-01,-3.418047339461273704e-01,9.060847732642373087e-01,1.769496329925472622e-01,8.692745920550630778e-01,5.784668368150098355e-02,5.978465012556543057e-01,8.039665019062079976e-01,7.436264751018164532e-01,9.771361083665237590e-01,2.497164886427711561e-01,9.779709570179364597e-01,6.711776708896584065e-01,9.725241721774378068e-01,-4.345331937222889768e-02,-3.415577175333661675e-01,-9.282709030003928330e-01,7.668482375892440861e-02,7.691566865074231374e-02,-6.746862526937981164e-01,-6.228905377741020821e-01,2.602197792646101515e-01,-1.867873186096904170e-01,-8.875261589869687384e-01,-1.514193024877955318e-01,2.498873928909385034e-01,-7.390749159433865900e-01,-6.345793753172647156e-01,2.322716184988607435e-01,-7.474186883909772483e-02,-8.476204802147497830e-01,-5.480713494711191291e-01,4.832974806220886599e-01,-1.132284225962633395e-01,-5.931083169806575794e-01,-8.402094029603315306e-01,5.319519959556129329e-02,-6.802455710303605407e-01,1.031795040582812323e-01,4.439234842002763304e-01,9.666002474329048466e-01,7.553845794481316434e-01,8.581769577815264727e-01,9.260993182204397822e-01,6.428958265176588638e-01,9.488777333020836924e-01,2.609767537558515538e-01,9.482658533200760687e-01,4.853095835721457640e-01,9.069452076263413431e-01,5.163797979263401450e-01,2.971493203425760177e-01,-1.190509363915824292e-01,-1.503102413840375351e-01
5.229855284337640853e-02,8.136841258747014027e-01,-4.006802062546884757e-01,-3.888748911129032981e-01,8.459568393420184851e-01,4.937150053275583539e-01,-6.378520698230955022e-01,1.912497159108448794e-02,1.000000000000000000e+00,2.845424909981330349e-03,-6.350872710291983747e-01,5.129048817214831857e-01,8.307213043792960327e-01,-4.118419299150819501e-01,-5.914059267616222915e-01,3.338994292449102841e-01,-3.473909212636047683e-01,-1.507306607169275892e-01,5.513204849880750658e-01,-7.391392750643329679e-01,-4.799931348446753732e-01,7.834268898193474939e-01,1.139395550365264326e-01,-9.416804729973964339e-01,5.846503156898276128e-04,-6.910981167240340950e-01,-1.435183326731779008e-01,-6.553311240925854264e-01,-2.885952303383745310e-01,-3.322579344824769798e-01,-4.142843378564032841e-01,1.895128433210654106e-01,-3.838209549083649863e-01,3.443918317813418617e-01,-3.570595346473097453e-02,7.753710343606494693e-01,-1.702425092055702971e-01,3.326226056241065043e-01,6.493608370407347730e-01,3.664662683430240930e-01,-4.072721490537252187e-01,-3.961794094705697322e-01,-8.772524204245071289e-01,-7.414071740801841948e-01,5.756078186455537704e-01,-6.022454815990566646e-01,-7.757747280091625841e-02,-7.116036459298186179e-01,8.638793834076674560e-02,5.548878906055958460e-01,4.223131126246634781e-02,6.059166897089035553e-01,1.452364489860085150e-01,8.091901907377709036e-02,9.703883444357381816e-01,1.016909323555705152e-01,-7.120712985293493613e-01,5.047927532055455080e-01,8.253708322114724494e-01,-4.416087426773619984e-01,-2.975413374255950760e-01,9.151059628078956898e-01,3.692923768085956682e-01,-5.201808848626824355e-01,2.087439584388481317e-01,9.605201843697619424e-01,-7.336816949756340758e-03,-5.147588404464846779e-01,7.936482406211039509e-01,3.405750640085593028e-01,-8.117421037164832542e-01,1.442924514792976246e-02,-5.135780890801096010e-01,-8.155143319374611455e-01,-3.916808613788761440e-01,-8.769318222699969967e-01,-3.422790013542902354e-01,-7.719860233732406263e-02,-3.938603692129725165e-01,4.999242068350379098e-01,-1.203511892591631882e-01,7.524284573965206446e-01,4.396582343453136338e-02,7.004835177299293392e-01,2.344750594653654263e-01,5.060313323745252445e-01,3.850417905155545939e-01,6.465668179906610691e-01,5.301771116489052416e-01,5.749861921727879022e-01,3.607026383054606766e-01
5.523984099255838665e-01,4.506239590963970199e-01,8.892134319967003320e-01,-2.502150208208687721e-01,-4.255606895360167230e-01,8.323200296645213436e-01,5.291550780395334330e-01,-6.467077977051569615e-01,2.845424909981330349e-03,1.000000000000000000e+00,1.386270222892454704e-02,-6.880963409178053602e-01,5.237064974026233166e-01,8.236637350140023628e-01,-3.447226620669009978e-01,1.491190756592520872e-01,-2.207931054939885895e-01,7.978293663066126085e-01,4.746587167677690511e-02,2.075650213001470623e-01,-7.903158323417059927e-01,-5.428061360666377455e-01,3.498129371373082663e-01,-1.405707492111459567e-01,-8.823008678340110711e-01,1.779858488021315022e-01,-6.187483930655880426e-01,-1.534615661579756540e-01,-6.878989203395755384e-03,7.383389257628719671e-01,-2.064942530359538397e-02,8.034596117344238175e-01,2.677864748065846290e-01,6.413879904420277667e-01,2.601479573849445615e-01,7.574944084124561605e-02,5.918181134085048756e-01,-1.095293340396685938e-01,7.172716575937773120e-01,-4.834300894902421875e-01,5.417165341232247355e-01,-4.321718387716468324e-01,2.842678536741014561e-01,-2.486807975034960316e-01,-4.230926849972365122e-01,-3.468749056841906597e-01,-6.981848558113367131e-01,-6.519989832193688883e-01,-5.896670707203723882e-01,-6.214724558264395071e-02,-5.393614685245348150e-01,6.255033446236670791e-01,9.165323596460418498e-01,8.217658426717152631e-01,6.870629628522885446e-02,-7.921462976657618338e-01,2.848734413208819372e-01,8.391433921480796476e-01,-5.204215106272640501e-01,-5.458426576745520897e-01,8.208287125638867865e-01,3.645897189284058593e-01,-8.270699864055478523e-01,1.503301354314899863e-01,9.667599640281412388e-01,-1.760640994134632653e-01,-6.986665717092616079e-01,5.137844575589267659e-01,3.528443372425653646e-01,-9.066361557290311124e-01,-3.628990754554640152e-01,-2.159673840401592215e-01,5.169896351506133581e-01,-4.413621116948390766e-01,-1.274409671228459578e-02,2.254560142145608792e-01,3.179089544143905988e-01,-7.344423977830629724e-01,-1.297476656398094119e-01,-5.489154942872698228e-01,-3.751976073258698197e-01,-3.205186473436161254e-01,-4.182046786236180980e-01,3.372052827051215673e-01,-4.966488585376810927e-01,2.282561955687369137e-01,-6.072673710542029202e-01,7.113687868737753051e-02,-6.545452152244786159e-01,-6.076435693457733073e-02,-1.168364962705462640e-01
-2.668129928659990768e-01,-5.326543707650165382e-01,3.538103909514352385e-01,9.125458704502490415e-01,-3.313872644914231946e-01,-4.693270091172471736e-01,8.275866941656873088e-01,5.575007399119622509e-01,-6.350872710291983747e-01,1.386270222892454704e-02,1.000000000000000000e+00,4.443042594753083413e-02,-6.274343502483200608e-01,5.457350081315410772e-01,9.184154527894469178e-01,4.894879495774456246e-01,9.006873658965286467e-01,5.281964736894603218e-01,2.714371061486213210e-01,9.201811220767381894e-01,5.266291203257935510e-02,-3.821160785866087317e-01,6.297643025733646871e-01,7.508996479707066296e-01,-3.337352603184187139e-01,-7.049749120526611901e-02,-5.007827363735393167e-01,-1.384912068031499965e-01,-5.397895451541927514e-01,-2.048079679861575519e-01,-4.285194211324757640e-01,-5.219403239599224031e-01,-4.205496342440580571e-01,-7.208485646392083224e-01,-7.061889557736940048e-01,-9.574092106346731024e-01,-4.718288965824747883e-01,-9.228816814045351924e-01,-2.913261629473716252e-01,3.482953660753041469e-01,8.144714265381162166e-01,8.504320596517501718e-01,8.309434296625641814e-01,9.277382324754872567e-01,1.479152174888315185e-01,9.174041592404711398e-01,5.697906408232027431e-01,2.830581771155535886e-01,5.359587531174984099e-01,2.714224210649123781e-01,5.936228459836008220e-01,-2.210851358552319221e-02,1.773519733118140151e-01,-4.391422334755095691e-01,-5.182122801115464084e-01,-5.248643530599906848e-01,-2.015205140836128644e-02,-3.982334651130509662e-01,-6.342515384771262310e-01,-2.660695346993492416e-01,-1.479663393853024311e-01,-5.128070988346045134e-01,-5.500367134803243463e-01,-3.032570232934687082e-01,-1.281379023873756851e-01,-5.194713023778040339e-01,-5.430517214566967787e-01,-1.703350388320107045e-01,-8.418093402441709783e-01,-3.487869314522214492e-01,1.780332391739295195e-01,-7.555078769416158080e-01,-1.612042278483765689e-01,2.957635149500170701e-01,-4.381531327613830684e-01,8.367529848191880282e-01,8.901552512444296239e-01,5.335933576562995606e-01,9.371711998221042839e-01,1.677221673975586025e-01,7.639317157474094788e-01,-6.330878037139114900e-02,6.501833666584870830e-01,2.882381650396653033e-02,4.705376211586261292e-01,3.114472993941378998e-01,2.538286076784289635e-01,1.431751706852212314e-01,-4.924619847771290471e-01,-5.430591021182210598e-01,-4.705318154071172487e-01
-5.134754731015040985e-01,9.309415071882104487e-02,-7.695227762063618915e-01,4.087503814416078574e-01,8.720146000984478896e-01,-4.327007444453191964e-01,-4.273298270952727296e-01,8.370196414887074443e-01,5.129048817214831857e-01,-6.880963409178053602e-01,4.443042594753083413e-02,1.000000000000000000e+00,-1.496346216150434318e-03,-6.151115192744532889e-01,2.882373219740625436e-01,5.252085363327165801e-01,4.167717185818708980e-01,-3.607405245404756156e-01,6.580960427893145503e-01,-2.390705847083222924e-01,1.442118600757576197e-01,8.668562730387091575e-01,2.688222295918502036e-01,-2.921491370462148685e-01,4.065983969941842635e-01,-8.169360797164755272e-01,-2.278413745453865616e-02,-5.939945901749557056e-01,-6.154497867632768848e-01,-9.650648285130885018e-01,-6.514827106571519089e-01,-7.297206851658319948e-01,-8.210482724379379871e-01,-6.002171463566993159e-01,-6.761704473780074665e-01,4.755581985747758117e-02,-8.835122670873868378e-01,-2.123704874725113045e-01,-8.981101809002429992e-02,9.099958667543314172e-01,-2.330217126122965388e-01,4.883765833216432428e-01,-4.789683890640772379e-01,8.700471876638733726e-02,9.320396975960586472e-01,2.794388045860627945e-01,7.909651242886042155e-01,-2.001051658468487940e-02,8.453987197035588430e-01,7.386810734775430820e-01,8.064691265873992210e-01,1.098224133957260013e-01,-3.965119857436698592e-01,-7.903680414741686144e-01,5.209756447095826859e-01,3.131652533223558965e-01,-8.795321443257048122e-01,-3.802908143301050314e-01,7.259436787924222756e-01,-1.999974094822543902e-01,-9.539674753398749152e-01,2.636809283025774997e-01,5.711689092339827800e-01,-7.895870138295868479e-01,-5.710456443583256103e-01,6.839956745803222882e-01,1.328459522937485704e-01,-9.540039502287921414e-01,-5.581029601685968955e-02,7.309553648342473897e-01,-3.857746236167949871e-01,-3.250687532300810534e-01,-9.497084392143317899e-01,-2.573628022763588818e-01,-6.417470652415256938e-01,-4.335909582826661390e-01,3.493086310528945720e-02,7.933788264870811346e-01,3.334623325541683503e-01,9.631167440227083043e-01,6.491304125823050830e-01,8.877365374054501101e-01,7.597310026997735610e-01,4.354928857287317934e-01,8.758082895356150699e-01,5.141175984736057192e-01,9.539673871622190715e-01,6.469848648786122869e-01,6.374566150527282149e-01,2.277328528293551257e-01,1.107756177763978694e-01
3.738193070229072212e-01,9.150101331634878932e-01,1.151848322765543081e-01,-5.716286497039430037e-01,4.445509266082635635e-01,8.737535566625715955e-01,-3.273726686468277358e-01,-4.228335334763359543e-01,8.307213043792960327e-01,5.237064974026233166e-01,-6.274343502483200608e-01,-1.496346216150434318e-03,1.000000000000000000e+00,3.534727961438775129e-02,-7.742771541475067520e-01,2.319004122962758097e-01,-5.254368703463542234e-01,2.164584941772206006e-01,3.748007773829671874e-01,-5.876755030549905001e-01,-7.704327417279417389e-01,3.480548296481958959e-01,1.544327758483576007e-01,-8.862359556390038140e-01,-4.037669597212466543e-01,-3.930606372460525577e-01,-3.401003452377813763e-01,-5.296046615210918684e-01,-1.163334298701471231e-01,1.841920325996747876e-01,-2.342033877975475964e-01,6.510824297178375852e-01,-6.199944146283651453e-02,7.126394499531181204e-01,2.354834301613272507e-01,7.684810720445564014e-01,2.706687190489402983e-01,3.454415402395190626e-01,8.970930793179352492e-01,-5.055260976054087863e-02,-1.536588206290309955e-01,-6.632000317710514681e-01,-6.307814116468727361e-01,-8.291431538029003789e-01,1.669985006095533742e-01,-7.789023609949374816e-01,-5.233974448201986762e-01,-9.060477244100857419e-01,-3.425624511567020858e-01,3.199527362530431573e-01,-3.580543439932115657e-01,7.701225186692360891e-01,5.549007907069253287e-01,5.679693466830522119e-01,8.286325164737023963e-01,-2.496631631111983496e-01,-3.609380682366496451e-01,8.758871936653273016e-01,4.351518457240555748e-01,-5.586671553683942859e-01,2.423254047195284311e-01,9.433332315362831233e-01,-7.051438156724412765e-02,-2.439364372924080204e-01,6.817678441441927806e-01,6.937931053069466003e-01,-2.781233894756023894e-01,-7.205489154160894805e-02,9.056547238634884422e-01,-1.688087969523402732e-01,-8.076151544113980840e-01,3.117315486433206231e-02,-7.103026220052985340e-02,-8.723831333096553342e-01,-2.122570663189624063e-01,-6.627435669794290440e-01,-2.373316599036899566e-01,-5.350357300611290334e-01,-5.176707879661034406e-01,4.299894406837294347e-02,-4.189197379003452015e-01,3.862186269236077552e-01,-3.029969341984767306e-01,6.780502171287243751e-01,-1.750509564825844522e-01,4.303288857474619200e-01,-8.586512198379202265e-02,4.789614713816677249e-01,1.259781052434293669e-01,4.790306233466309904e-01,2.806713089123916705e-01
3.237785777100889439e-01,2.612305696925695808e-02,9.407288859863868202e-01,2.566544586196768396e-01,-6.058985648604429120e-01,4.086871471033984848e-01,8.895418278231888021e-01,-2.809851748325588594e-01,-4.118419299150819501e-01,8.236637350140023628e-01,5.457350081315410772e-01,-6.151115192744532889e-01,3.534727961438775129e-02,1.000000000000000000e+00,2.080871285838666873e-01,3.052677743690839773e-01,2.695266332590854907e-01,9.164025212719193458e-01,9.454832220870428017e-02,6.818939215339322457e-01,-5.684055635108418159e-01,-7.187326987349428320e-01,5.615100377551819344e-01,3.426061792274360251e-01,-8.800643126516676240e-01,2.005689921900568884e-01,-7.211133771279170102e-01,-1.085301570111011221e-01,-2.163911743707249424e-01,5.573466567458024157e-01,-1.608479589526373155e-01,4.014708342157626286e-01,7.734576253128537526e-02,1.577521781879885898e-01,-1.026245034962788155e-01,-4.699571999252344368e-01,2.941893080036386832e-01,-5.520205363826105049e-01,3.780339540416121080e-01,-2.856833462309206206e-01,8.683287285016735302e-01,8.012667988635469030e-02,7.221518835336392383e-01,3.098266743536471912e-01,-3.533521098736930877e-01,2.070424487273905545e-01,-3.066180626569661727e-01,-3.201726681910329608e-01,-2.529785404147532057e-01,3.385768769107505051e-03,-1.799118202529114974e-01,4.310418970438782971e-01,8.194659364493755982e-01,4.679578480525675710e-01,-3.002539494070051718e-01,-9.059680104069498530e-01,3.144759456796212826e-01,4.485697420140878355e-01,-8.216558159689327789e-01,-5.172474161288762584e-01,6.478571113175695118e-01,-4.728421881375873687e-02,-9.801751053986699214e-01,5.228198491614062526e-02,7.137941092807910115e-01,-5.046914794502301849e-01,-8.227726033423146124e-01,4.116626836257382682e-01,-1.928668724614618635e-01,-9.475335263910593664e-01,-1.163910042005636136e-01,-5.230372133185099415e-01,4.164463009178910324e-01,-1.277835980092243695e-01,-1.613130621473093385e-01,6.758457849788866989e-01,7.099005077334648028e-01,-3.528160015168973485e-01,3.689055688921911158e-01,-4.389869689779754003e-01,5.329081512584069730e-02,-3.875217397594378221e-01,-5.418622827960987293e-02,2.040932779502032668e-01,-2.242974499472674133e-01,2.678192272284937170e-01,-4.329643038287694923e-01,4.351296272303824264e-02,-8.298558245607772221e-01,-3.675983610838493010e-01,-3.561981186115666942e-01
-4.428038973073520901e-01,-6.588524883134946331e-01,9.025236869276365148e-03,9.412547059171765262e-01,-1.566886239560923155e-01,-7.376470634512929392e-01,5.805571969906467844e-01,7.489503075465933080e-01,-5.914059267616222915e-01,-3.447226620669009978e-01,9.184154527894469178e-01,2.882373219740625436e-01,-7.742771541475067520e-01,2.080871285838666873e-01,1.000000000000000000e+00,4.049331567765575013e-01,9.217673318539322258e-01,2.017693345881956535e-01,2.355646018952604615e-01,7.885776523672710647e-01,3.367984499752421645e-01,-1.608327829920087326e-01,4.619151252771984129e-01,7.548152191298765912e-01,9.748514390709358754e-03,-1.297218898201450976e-01,-2.422797843212882718e-01,-7.260616858332165358e-02,-5.027127786050076264e-01,-4.610482946233792068e-01,-3.928535379281505868e-01,-7.828551608669027662e-01,-4.902635043751819577e-01,-9.086665389938083370e-01,-7.550819221472184761e-01,-9.260613873486439607e-01,-6.571028286572638821e-01,-8.243131512277457329e-01,-5.367929641713725664e-01,5.013554691598736124e-01,5.651841739322172042e-01,9.551868474128416553e-01,6.760761438101640097e-01,9.601354417152627718e-01,2.918849577828016018e-01,9.858664929292701995e-01,7.880324965888149125e-01,5.043974276011338187e-01,7.166935682732005208e-01,2.758212162909762233e-01,7.527166348071614443e-01,-2.497157549402547472e-01,-1.689950138731636797e-01,-7.114798571828856444e-01,-5.120160074408844908e-01,-2.009852192794346071e-01,-1.215701231042103925e-01,-6.808711069703720087e-01,-4.051176557955346036e-01,-4.797850471916974974e-02,-4.380105539320157670e-01,-6.162903826966635856e-01,-2.137156622958247265e-01,-3.370745366851570224e-01,-4.746883696485212911e-01,-4.270265698619098993e-01,-2.527274642169439201e-01,-3.437487113222576496e-01,-9.173398749455423662e-01,3.436208858113411983e-03,3.024291804922917826e-01,-6.260284362068374575e-01,-3.378764749493434749e-01,4.383792676353085449e-01,-4.037670717017655120e-01,7.031632522266000329e-01,7.166434853141172567e-01,7.681211116056479993e-01,9.235752340941035810e-01,3.561888849177042293e-01,8.518710350278489996e-01,5.556297626684707919e-02,7.619811399862952417e-01,-9.702034693727697168e-02,6.215534021638311479e-01,2.077427506449933958e-01,4.590851366255424004e-01,1.075546629628496426e-01,-2.223254698991305178e-01,-4.856325119577087346e-01,-3.982968718269980779e-01
-1.929812078660352592e-01,3.119929485661266377e-01,9.373388281820338452e-02,6.296424296679106192e-01,4.783740015705770787e-01,8.639885165813153411e-02,3.542858002272926687e-01,6.013896990617622063e-01,3.338994292449102841e-01,1.491190756592520872e-01,4.894879495774456246e-01,5.252085363327165801e-01,2.319004122962758097e-01,3.052677743690839773e-01,4.049331567765575013e-01,1.000000000000000000e+00,6.642304166292021250e-01,5.639957836833878746e-01,9.379187839853881936e-01,3.085205779911080470e-01,-5.671965433382670785e-01,3.393571648005010988e-01,9.234950702546406154e-01,-1.595507539977973899e-01,-5.111576627602110179e-01,-8.250375109539842544e-01,-8.374225622216204812e-01,-9.094309965710343224e-01,-9.654219434593164229e-01,-5.179441228425416544e-01,-9.719622406394566871e-01,-3.130501778293235948e-01,-8.914212765557527618e-01,-3.998574597019664556e-01,-8.493909966587506188e-01,-2.799173958342742186e-01,-6.769962333591558190e-01,-7.494888058195287028e-01,4.562522409925161559e-01,7.601980901663909496e-01,5.913525814222996280e-01,5.254831993451585248e-01,6.216128240617488365e-02,2.602144631509922812e-01,7.573081348312614702e-01,3.887191497948799812e-01,5.065692018644182282e-01,-5.289235696859081459e-01,6.606662679735965105e-01,9.289618143914528670e-01,6.885438774819798713e-01,7.225923369549799302e-01,4.886023064304802488e-01,-3.317064755354520167e-01,4.604853375857765330e-01,-6.162649856933232195e-01,-7.746612115300051116e-01,1.865495439250098031e-01,8.577385644166471423e-02,-8.751531703318906619e-01,-4.007602895835764012e-01,4.404097984980366864e-01,-3.567664394595224109e-01,-9.151848312946259112e-01,1.988918939293692623e-01,4.116004916411535874e-01,-7.461797352249927018e-01,-7.011949778127856137e-01,-8.799229980984450694e-02,-1.563156182092343138e-01,-7.227029526593559128e-01,-9.098494560337766490e-01,-6.937098213426453608e-01,-6.015918202206058663e-01,-9.566932132354629692e-01,6.094590389073299697e-02,7.250618119513884130e-01,4.608135477429040061e-01,6.678253047147729715e-01,6.809822952632718085e-01,7.318487057483377134e-01,7.116442851554904969e-01,7.730750862693855918e-01,8.498770302837944657e-01,7.587801554931086212e-01,9.596440756194378752e-01,6.525421771966674056e-01,8.960445910391537927e-01,-9.196356313530910931e-02,-2.598916663120260859e-02,-1.802900255675392305e-01
-4.217150020560994084e-01,-4.103349309964500202e-01,3.891795859779907663e-02,9.719284568934893898e-01,4.876134634346365737e-02,-5.538259498827255989e-01,5.848361519877401937e-01,8.091291573638370593e-01,-3.473909212636047683e-01,-2.207931054939885895e-01,9.006873658965286467e-01,4.167717185818708980e-01,-5.254368703463542234e-01,2.695266332590854907e-01,9.217673318539322258e-01,6.642304166292021250e-01,1.000000000000000000e+00,3.641619203350389689e-01,5.259022832648051482e-01,7.392547979631508559e-01,6.809918401494075013e-02,-5.988220896478922174e-03,6.978184189841840634e-01,5.464690798890471379e-01,-1.732019601161071676e-01,-4.017527398951889483e-01,-4.920329613539561331e-01,-3.829701354690401294e-01,-7.472924082785550315e-01,-5.552193071154104542e-01,-6.603523824033789014e-01,-7.374118562139134747e-01,-7.104388714686430406e-01,-8.677285088304745875e-01,-9.052881580104131798e-01,-8.359433315845176127e-01,-7.669872195594755748e-01,-9.233761660354715683e-01,-2.624431382415827740e-01,6.725729940893757641e-01,6.591071574691187429e-01,9.472586190665051031e-01,5.584638136376106621e-01,8.565092303088734926e-01,5.047349715624178668e-01,9.245499721877933341e-01,8.102678322067221606e-01,2.140230195391105705e-01,8.087769538047652196e-01,5.528363298665575076e-01,8.484686923760488275e-01,5.811247345059127739e-02,3.780353438965478041e-02,-6.878650625159371534e-01,-2.440722358202957465e-01,-3.787030949871210139e-01,-3.753640975557606119e-01,-4.777977382111543436e-01,-2.908003433437091889e-01,-3.510350393321162721e-01,-4.941345867909219813e-01,-3.329513778525388656e-01,-2.959763162332393893e-01,-5.957699070560233956e-01,-3.052829529527348318e-01,-1.870000234666285843e-01,-4.682782500301997386e-01,-5.268243621557874290e-01,-7.568898232194849474e-01,-5.199206184047160811e-02,-2.003244058475246725e-02,-8.227674258610681024e-01,-5.190870594161595131e-01,1.310191640073603003e-01,-6.647926470044926983e-01,5.786648460159377061e-01,8.286999161967115723e-01,7.777459619117940148e-01,9.738934191485305591e-01,5.293380504189177937e-01,9.412128699536178589e-01,3.004123469648943834e-01,8.839766326097324711e-01,2.251722400577099714e-01,7.683734186604443961e-01,5.084446796142448877e-01,5.994509493173212356e-01,4.058144385501482598e-01,-2.105702213598102945e-01,-3.983495340177797828e-01,-3.750782524837133480e-01
