1.000000000000000000e+00,5.620570411955029266e-01,5.458347978442792403e-01,6.094560635301805585e-01,-5.879480077976160235e-01,-5.274698668222919107e-01,3.356151291583769902e-01,-1.546927740890400305e-01,2.399311589575018333e-01,-1.286340015813308146e-01,3.576724163165737047e-01,-4.245677500858927034e-02,-8.159462049406006334e-03,4.267592439485698441e-01,-5.268324661710442891e-01,-9.513125786717531451e-02,7.157311901651319808e-01,2.184250348358666993e-02,-5.435187724672664311e-01,2.828308923095713134e-01,5.964255338544798279e-01,-3.383566480730909598e-01,-2.988013602531079393e-01,6.125668031181862316e-01,2.535751844991351867e-01,-5.196174775753669151e-01,-2.382068622704823155e-02,3.671022638203317312e-01,-8.338191388415149008e-02,-1.962581684489700384e-01,2.370982586051928742e-01,2.729180994338613608e-01,7.954586815072006711e-01,4.472132470416916306e-01,5.369106367698145421e-01,8.013205015223298089e-01,5.745325245838884820e-01,2.259254857211898393e-01,-4.756817718810947282e-01,3.219945829320844388e-01,4.749704776066843159e-01,-2.430293294729264919e-01,3.664187997150773063e-02,-2.856351045008455047e-01,-6.601870626095020234e-02,-2.138245161579024611e-01,-3.399966761789642300e-01,-2.037991776700931734e-01,-3.734834916989862030e-01,-5.977501887882599174e-01,-2.441271199378867440e-01,1.112194483979969811e-01,-2.665702291937435686e-01,-5.170963831462356275e-01,-1.478737000661909939e-01,-8.530174192164614866e-02,-2.763208031828332523e-01,-5.202282120890071582e-01,-2.990619989377196752e-01,-1.700757845173018479e-01,-4.524253018858060416e-01,-1.431700943958377215e-01,-1.873665158194940394e-01,-2.692949083803614641e-01,-5.793557679620641165e-01,-2.943426941356901971e-01,-2.000520877568350286e-01,-1.952380128658302572e-01,-2.927451667652331002e-01,-4.547022939594183022e-01,-3.297026673197991364e-01,-2.645996361249804973e-01,1.340248502028925648e-01,-4.512608397836837676e-02,-1.375071216033186827e-01,-2.780541747988420909e-01,3.617329618503106747e-02,6.107807426930263878e-02
5.620570411955029266e-01,1.000000000000000000e+00,5.204269689509246621e-01,9.237619937678192006e-01,-3.685299821853447316e-02,-1.452360951862066152e-01,7.547726775659290288e-01,3.730609916586618557e-01,6.844162977108110280e-01,2.977128714299353551e-01,2.279980559195988465e-01,3.457247478454483214e-01,-7.186502186971355233e-02,5.377260949527750133e-01,1.265447562201156284e-01,1.900015028738338552e-01,5.095410905216088970e-01,3.294627411530922090e-01,1.085287812436373789e-01,3.306415468974704397e-01,4.916169922831870043e-01,2.323355774094562065e-01,1.618971698163438055e-01,4.252828299348447305e-01,4.259098778533121910e-01,1.681866106941625194e-01,1.268347758620251287e-01,6.687214915207186916e-01,1.642802675781305510e-01,-4.771459981862885003e-01,1.010559675528540230e-01,6.235847706982766692e-01,5.889578464161813187e-01,1.943068477549398376e-01,7.468737168727697107e-01,4.945299770983688226e-01,5.480919731119799909e-01,3.591268588738834588e-01,-9.893100987448983849e-03,2.980363123656316615e-01,4.469616801793410144e-01,1.223824563801302334e-01,3.383885261732332284e-01,-5.800417540126669852e-02,1.637459370497146849e-01,-3.478521974112948612e-01,-3.217268052907716336e-01,-3.542387210645513151e-02,-2.984570553216291944e-01,-3.979968143169106409e-01,-1.303397903663217061e-01,4.693485049771827129e-03,-3.093031203614614588e-01,-3.629999685064779213e-01,-7.509621462846945150e-02,-3.772832949487036625e-01,-4.557353899802955022e-01,-4.272961689964138166e-01,-3.566589134038279374e-01,-3.412287433533373049e-01,-5.758861697104964428e-01,-5.236579714505892325e-01,-3.145694143034794554e-01,-3.740230755931738815e-01,-1.882658393370494065e-01,-7.196909990636303489e-02,1.880098241337183063e-02,1.282670638322271905e-01,1.456449624071842752e-01,-3.308073592472543512e-01,-1.659264197286823006e-01,2.318903172610077557e-02,5.190643691168626006e-01,2.420781156339743834e-01,1.743809682597098898e-01,-1.617729859111293744e-01,4.617001928830587465e-01,2.925179674093066340e-01
5.458347978442792403e-01,5.204269689509246621e-01,1.000000000000000000e+00,7.358669058612131719e-01,1.535494430668643551e-01,-8.532448407358720344e-01,5.116287775212974981e-02,-2.544907665486134118e-01,4.535148832728081447e-01,3.890037175014419146e-01,7.950898120600582430e-01,3.166718832557907648e-01,5.537235362150777496e-01,7.698288684891031464e-01,-1.105352523746466198e-01,-5.859024126059679816e-01,4.866962979080370899e-01,6.268255151986743545e-01,-4.671079367800103910e-01,-2.897445911106825700e-01,7.563224639398822280e-01,2.147958080065763276e-01,-6.451086938596711784e-01,1.987564038797363097e-01,7.575769167913326552e-01,-2.843182708552318694e-01,-6.044357548964603977e-01,1.231563563014197865e-01,-5.588956827669744332e-01,-5.424832850617481439e-01,-3.923814551769321812e-01,-7.034684730819235066e-02,4.857165821768364422e-01,-2.366227111803052841e-01,6.324386532845984732e-01,6.511706416307494472e-01,9.588935274709070589e-02,7.510372256566010263e-01,-1.741722458164288445e-01,-2.671084413602531904e-01,6.453719772104777874e-01,3.517043914605947341e-01,1.380799033633755279e-01,-2.484073880116717536e-01,5.183987158864908906e-01,2.433359426909810774e-01,-4.375297315747841975e-01,1.851282467285599032e-01,3.078295449886908619e-01,-2.186361570331650517e-01,2.728775493173580223e-03,2.021860324841133483e-01,-3.546702499930757396e-02,-1.452873332539037221e-01,1.637117384818814747e-01,4.252468678763482446e-01,-1.225236973135088725e-01,-1.714520576339509383e-01,-4.213989574937448412e-01,5.008059034054239932e-03,-2.116464115487445008e-01,-3.051452860764378161e-01,-5.572442318045303100e-01,-5.436913866838927190e-01,-5.996452083509355990e-01,-2.220060463668903084e-01,3.730003304055619640e-01,5.061636609280955046e-01,3.138936473020721984e-01,-7.471942549704727043e-02,-3.330575496519513901e-01,-7.838936974359785037e-02,2.319077075859732606e-01,-1.328309146906567761e-01,3.973609588505970791e-01,3.258483951171310400e-01,4.055405729534430348e-01,2.448143391037629624e-01
6.094560635301805585e-01,9.237619937678192006e-01,7.358669058612131719e-01,1.000000000000000000e+00,1.024751503895794322e-02,-4.251328108583441456e-01,6.135778615191019858e-01,2.135769236084331113e-01,7.032140589282940280e-01,3.820169838910424942e-01,4.604853642484931231e-01,4.034238755373636964e-01,1.535256715287278417e-01,7.020421375583523194e-01,5.522330072884043539e-02,-7.340833164347777828e-02,5.697550191942184483e-01,4.846324441335282396e-01,-9.022861768400540494e-02,1.429089707880910054e-01,6.541049461884461680e-01,2.586293924379426401e-01,-1.167798604527157946e-01,3.953963333646854372e-01,6.050754812706475860e-01,2.349583037076513614e-02,-1.245571935080603404e-01,5.556474773070437800e-01,-8.714927733659948161e-02,-5.617565770230898980e-01,-4.661122097640324480e-02,4.439589340780497606e-01,6.349711449976550570e-01,8.044653565342661794e-02,8.130566902199609647e-01,6.122984110463779439e-01,4.673408892712525020e-01,5.285292811028899918e-01,-5.568047031130853031e-02,1.610652156498736109e-01,5.850733839258664970e-01,2.239978402757439035e-01,3.283433457171388570e-01,-1.334098855365892788e-01,3.095876775628838007e-01,-1.868937147752510464e-01,-4.134482337322317735e-01,3.747082755869793336e-02,-1.019733212188522892e-01,-3.949942543561439368e-01,-1.272755738851243379e-01,9.431393378604274735e-02,-2.363779835630349935e-01,-3.612151763090501455e-01,-8.191648919971204409e-03,-1.348188803709048089e-01,-4.113056514760903282e-01,-4.050887953670251895e-01,-4.435969420692637000e-01,-2.906361918275564005e-01,-5.420320232072849409e-01,-5.385211774515568095e-01,-4.672105849458750293e-01,-4.856190366796910296e-01,-3.287047243808685626e-01,-1.104777403392028928e-01,1.445710254245735349e-01,2.652331549993983684e-01,2.016974324041473643e-01,-2.950109749416135463e-01,-2.725623592037388909e-01,-2.904235105713804527e-02,4.761651631812820473e-01,1.033628414108966609e-01,2.614750394730114280e-01,-5.728166373556240441e-03,4.938484998735193643e-01,3.168524168228820659e-01
-5.879480077976160235e-01,-3.685299821853447316e-02,1.535494430668643551e-01,1.024751503895794322e-02,1.000000000000000000e+00,2.470538860801543141e-02,-1.995749403319475868e-01,2.591348118702937464e-01,1.756220467855792722e-01,6.079212550992679764e-01,1.760557766224613019e-01,4.055487274798377784e-01,4.491415226577377684e-01,1.347118846737494768e-01,7.434233495692428306e-01,-2.889730472137691519e-01,-5.438280807082278567e-01,5.770361784951696382e-01,4.862433385365977911e-01,-5.881000182159269452e-01,-1.676411944016713007e-01,7.675760539091139867e-01,-1.701946695470004170e-02,-6.749526173905462390e-01,3.460501523641487664e-01,6.291146857903744394e-01,-4.202821875422939613e-01,-2.805910364157942483e-01,-1.788527834863442856e-01,-2.376715857267155396e-01,-6.539593436615388500e-01,-2.868030545978960122e-01,-5.456472185327964075e-01,-7.873698925474528210e-01,-1.552453598975237544e-03,-4.275846913603084665e-01,-5.684414687885751549e-01,3.672759478512644948e-01,5.202369205726307122e-01,-5.613145436222186646e-01,2.645763060620351728e-02,6.809154699411349432e-01,2.232893821969419157e-01,2.955582417887190894e-01,5.499230723765072826e-01,3.008571557280424469e-01,9.889675419460569605e-02,4.606692942472153662e-01,6.203456151219700621e-01,4.451876332225264687e-01,4.361079478352116179e-01,1.634077979101227485e-01,1.401737197213748232e-01,4.698386487873443262e-01,4.347432361822314295e-01,2.509697010492283331e-01,7.529546100140355191e-02,4.865028238613986478e-01,-1.781109027553513108e-02,1.239994089904501440e-01,3.310524440570044025e-01,-1.288899758451273747e-01,-2.559973180894745126e-01,-8.947408874857884498e-02,2.879451158996995663e-01,3.168146919557203733e-01,6.263695241744184905e-01,7.040331492311082684e-01,6.511216669198361950e-01,5.236222293644994252e-01,2.193276619479366807e-01,4.158839675260689872e-01,1.602856616690568337e-01,1.302649097132347888e-01,5.731804446211248294e-01,5.712853438304513753e-01,4.742358399626019905e-01,3.224734493501508203e-01
-5.274698668222919107e-01,-1.452360951862066152e-01,-8.532448407358720344e-01,-4.251328108583441456e-01,2.470538860801543141e-02,1.000000000000000000e+00,3.080526606056889771e-01,5.564597660115416788e-01,-1.231061586544549141e-01,-1.728658496793060995e-01,-7.812096942470629912e-01,-9.792461193037194089e-02,-6.165142590891093954e-01,-6.176044906504174481e-01,3.800661346187024225e-01,7.484950179685978533e-01,-4.430298483502449480e-01,-4.422887283317327722e-01,7.378899968839994772e-01,3.916601894129518868e-01,-6.786668287837425151e-01,5.114835242450820052e-02,8.567523464661703780e-01,-1.649637002957453913e-01,-5.903428000264727693e-01,5.815397813374729719e-01,7.061096366558717863e-01,1.792538282732812627e-01,6.896469311986339612e-01,3.135861885042979802e-01,3.981382521851978273e-01,3.694203319172739697e-01,-4.221348985214208871e-01,2.222226407132650572e-01,-3.688697525521221765e-01,-6.199921293382487653e-01,6.508102309553610854e-02,-5.987639370696304919e-01,3.324598580181606922e-01,3.761084956036634952e-01,-5.235995946008935586e-01,-1.983476970797982131e-01,1.127673981957685173e-01,3.161484876949622325e-01,-3.478610232901284682e-01,-4.297198678199091737e-01,3.129767258962472543e-01,-1.323112065836822560e-01,-3.839066894135693131e-01,1.636356754566158644e-01,5.700243429141394098e-03,-1.655163985475078259e-01,-4.472089421700677775e-02,6.297196262275094047e-02,-1.399599943879548114e-01,-6.099463441256794960e-01,-1.070243864717641963e-01,4.092450099206722258e-02,2.598620973020694946e-01,-2.050241981846712136e-01,4.405824804093105493e-03,2.142826062229940751e-02,4.577397962415232224e-01,4.217303609907278594e-01,7.095753284810858430e-01,2.734613580594981164e-01,-2.760621567086873340e-01,-3.681606603752924922e-01,-1.241224484652708321e-01,2.969490645596748260e-02,3.486536332986656661e-01,2.143017544411529030e-01,7.979401294281281143e-02,3.244732387137098106e-01,-2.175770261840123676e-01,-3.431936967832745489e-01,-1.128473851014716867e-01,-4.707200526056233569e-02
3.356151291583769902e-01,7.547726775659290288e-01,5.116287775212974981e-02,6.135778615191019858e-01,-1.995749403319475868e-01,3.080526606056889771e-01,1.000000000000000000e+00,5.824950306141331025e-01,6.678631453424122011e-01,2.365825888569815794e-01,-6.614530518806475967e-02,4.029817797908263333e-01,-3.402531969318097205e-01,2.655727975337798252e-01,2.016609908550315300e-01,5.014926069733081082e-01,3.652761473769001177e-01,1.057063396806754568e-01,3.445948522779417877e-01,5.005999226335398067e-01,2.343969422688206294e-01,1.917781394283837870e-01,4.674467126822965946e-01,3.916269794082323785e-01,1.752293892202210768e-01,3.300626531508615291e-01,4.135127690310478887e-01,8.185456419809898909e-01,3.594257809155224637e-01,-4.346615583845901964e-01,4.179812456589341862e-01,8.110071507150191650e-01,4.632752949900224015e-01,4.158456918776581301e-01,6.063649199658168731e-01,2.507414469179707339e-01,7.001508407738887829e-01,1.176858059476078855e-01,1.523765420495915568e-01,6.613589479239170288e-01,2.859753675247108662e-01,4.716778837637614075e-02,5.572303385255406027e-01,9.542270048275112992e-02,8.985033088035106197e-02,-7.010119778168634186e-01,-3.207400859293513262e-01,-3.150916260806799207e-02,-4.769867407741504306e-01,-4.666472129613555286e-01,-2.561010253366453604e-01,9.188673942191581678e-02,-2.642668630074976877e-01,-5.371325946454822420e-01,-1.301831591998073578e-01,-5.566713364446256307e-01,-7.008405040592751156e-01,-5.790843965895994261e-01,-4.436951652389803380e-01,-6.678278677344120506e-01,-7.234523001000492393e-01,-6.514463094841334012e-01,-8.011084432069949524e-02,-2.806889254406715883e-01,1.422563054090655865e-01,1.124752174845595754e-01,-6.844772447299257712e-02,-1.754211697538765879e-01,-6.350450043354181028e-03,-4.602581743345215415e-01,-1.551099251329791928e-01,6.592119739513493948e-02,5.947826685906482114e-01,3.355366338912402213e-01,1.456320692110885939e-01,-3.338410517906830188e-01,4.114670684616644758e-01,3.052614968122154271e-01
-1.546927740890400305e-01,3.730609916586618557e-01,-2.544907665486134118e-01,2.135769236084331113e-01,2.591348118702937464e-01,5.564597660115416788e-01,5.824950306141331025e-01,1.000000000000000000e+00,2.479583206283182129e-01,3.011402407036841145e-01,-4.266970629385813396e-01,2.712445614029961316e-01,-1.982451432282543446e-01,-1.783724513968246717e-01,6.661907089741709864e-01,3.957207071963187439e-01,-4.037600358889844032e-01,1.015681670692652333e-01,7.900599227411637671e-01,4.563031749892343392e-02,-4.030769319968402487e-01,5.209464661895313320e-01,6.263611028681691506e-01,-3.480626707868298420e-01,-9.627140026930036676e-02,7.851409089672943820e-01,3.093385116615035568e-01,2.366568533643074457e-01,6.112682789195881261e-01,-7.337168124313109274e-02,2.049780895238606862e-02,3.151781873441760196e-01,-2.241212275217605299e-01,-1.365258858047303098e-02,1.056139736523380446e-01,-2.939348769157062446e-01,1.166287677782533866e-01,-1.287025810605284259e-01,5.398962367433237652e-01,3.484384381925532126e-01,-1.442018662650253469e-01,2.875975824533000824e-01,5.788217801086438241e-01,6.187485710380943305e-01,5.533690530363119531e-02,-6.098198984778293585e-01,2.265466753965623414e-01,2.694136570214913373e-01,-2.748454345969275625e-01,-2.065692480292561639e-01,3.398606525921273325e-01,2.136250510387562862e-01,-4.447122463759752842e-01,-7.548102980974247256e-02,3.418822081840677818e-01,-6.472789326231882523e-01,-4.526417068439173574e-01,-1.490785501563586350e-02,-8.162453538886470239e-02,-3.944916647682712441e-01,-1.789917771435326210e-01,-2.504684388967672870e-01,1.570267268637711711e-01,1.536308226052092996e-01,5.794088822730334432e-01,5.316773709335675946e-01,1.468897675771804467e-01,-5.785204699747917290e-02,1.006206756335328856e-01,1.891685989589413364e-01,4.733266937380823935e-01,5.755239958040827553e-01,4.888093661574019477e-01,5.528196075210407567e-01,2.136663756614194110e-01,-1.310690228312706429e-01,4.034049372621624774e-01,2.864240780008608933e-01
2.399311589575018333e-01,6.844162977108110280e-01,4.535148832728081447e-01,7.032140589282940280e-01,1.756220467855792722e-01,-1.231061586544549141e-01,6.678631453424122011e-01,2.479583206283182129e-01,1.000000000000000000e+00,6.418111288711187967e-01,4.148300791336339000e-01,7.192318552776184593e-01,1.768149419804234956e-01,7.100584118939161637e-01,2.920827956463570296e-01,5.473679922379903751e-03,4.490407795076298836e-01,5.969991494145298061e-01,1.286570681054443055e-01,9.677441265400339721e-02,6.080132419630711604e-01,4.651332227626601701e-01,-6.786041855085894053e-03,2.805175106835866017e-01,6.819889999935041525e-01,2.553835832391266880e-01,-1.167235666582404630e-01,6.605342995980466592e-01,-1.517303828194110638e-01,-7.483666129744931395e-01,2.162201825723887236e-02,5.780310951513828455e-01,4.476661608812647075e-01,1.184818931085743383e-02,7.898368487106189884e-01,2.596773799431771890e-01,3.895512986420696655e-01,5.469691489246143457e-01,2.869984314307021389e-01,2.683711773577552862e-01,4.915580622160087287e-01,3.989635377495669988e-01,5.287859465895262678e-01,1.354128396031392678e-02,4.532940154122638288e-01,-2.994005826446336505e-01,-4.266931554845496133e-01,1.810592963784189713e-01,-2.506021006670366633e-02,-2.220900278056357202e-01,-2.006866089019159749e-01,1.226574189392435760e-01,-1.700112342290948514e-02,-3.446895891783405830e-01,1.477651949098121066e-02,-7.283069629355949648e-02,-6.084154054453321248e-01,-4.002878721953105345e-01,-6.565406667906209526e-01,-5.530481097162588400e-01,-5.400155074319448190e-01,-8.541296013727323055e-01,-5.282741338035829015e-01,-6.516975734884232763e-01,-9.033410643210448843e-02,1.243324561234838976e-01,3.409312296368180450e-01,2.858722381116818867e-01,4.539687399769025133e-01,-3.433696658225535159e-01,-4.168376545069568118e-01,-2.613913820690693182e-02,6.147257847300509059e-01,2.176390383945795426e-01,4.052256900035514642e-01,-1.508081538692416894e-02,5.533968308313395035e-01,5.526951643542932224e-01
-1.286340015813308146e-01,2.977128714299353551e-01,3.890037175014419146e-01,3.820169838910424942e-01,6.079212550992679764e-01,-1.728658496793060995e-01,2.365825888569815794e-01,3.011402407036841145e-01,6.418111288711187967e-01,1.000000000000000000e+00,4.619170593573801442e-01,8.674423035515353986e-01,6.597477265863568308e-01,6.106031916208862764e-01,6.563386461514753023e-01,-4.438789290382683661e-01,-1.123220533045278663e-01,8.791921788679512018e-01,2.695922755562563111e-01,-5.596231279712853279e-01,3.413209717402266308e-01,8.511908603286107988e-01,-2.509043830265905717e-01,-3.830089868754250060e-01,7.771040841590430848e-01,4.931087786195018641e-01,-5.632320510849522233e-01,1.181684258018149691e-01,-3.425302676412078640e-01,-7.242447243525423906e-01,-5.128990966808981700e-01,7.632315008368874797e-03,-5.536727379008619249e-02,-5.614292262718616477e-01,4.887633121534787350e-01,-1.277501217152612889e-01,-1.965894937213717719e-01,6.154291160970843944e-01,6.118441481864650422e-01,-1.623710148321781677e-01,3.201001233915621857e-01,8.448837612907968975e-01,6.009122893975711310e-01,4.290953575477424731e-01,6.222918628019626919e-01,-9.449586015036955111e-02,-5.636643589984932645e-02,6.367955708122584602e-01,4.149875733732316108e-01,-2.243052226112366918e-02,3.390127196294744905e-01,2.803518862797881317e-01,-1.514224853447035390e-01,4.178334834567492412e-02,5.069976427604909741e-01,1.638471447651136392e-01,-3.970838609441629252e-01,1.321360799024269839e-01,-4.749565784125915346e-01,-3.273187601387289036e-01,-7.279593598403701071e-02,-5.833614324441731558e-01,-5.287571246883412401e-01,-6.041194911221940966e-01,7.266656640321955685e-02,5.428281084199204631e-01,7.470829229503861413e-01,5.549275024778618226e-01,6.699827828904194593e-01,2.540899456347000540e-01,-7.567691985014841916e-02,3.567399360272309750e-01,5.114443971559714530e-01,2.586469834822463509e-01,6.289017070445748203e-01,4.060594621929966008e-01,6.686357538280132129e-01,5.997234113678946432e-01
3.576724163165737047e-01,2.279980559195988465e-01,7.950898120600582430e-01,4.604853642484931231e-01,1.760557766224613019e-01,-7.812096942470629912e-01,-6.614530518806475967e-02,-4.266970629385813396e-01,4.148300791336339000e-01,4.619170593573801442e-01,1.000000000000000000e+00,4.378082096842186854e-01,6.532853033044805358e-01,8.024002331789867881e-01,-1.585964819568788653e-01,-6.929991484532850299e-01,4.687964942767493537e-01,6.659309089703325801e-01,-5.668811168453242733e-01,-3.953718078129205837e-01,7.905350724181913202e-01,2.078365587985307461e-01,-7.842116966227913322e-01,1.563917705518655665e-01,8.098466687122373164e-01,-3.621713376645878113e-01,-7.231745900085289058e-01,1.141505560531779345e-01,-7.552123605969158771e-01,-6.338364675180188090e-01,-3.492730288811443096e-01,-1.315479836647807099e-01,4.425636081260387877e-01,-2.895316206700990214e-01,6.040493198097005578e-01,5.625964193924700707e-01,7.197722559728819691e-02,8.044547364050927962e-01,-2.110428802278647153e-01,-3.006660045532661973e-01,7.342391007104622780e-01,4.227152380523328534e-01,1.801946234177709272e-01,-2.864520022200399141e-01,5.971088883248832913e-01,2.581179870704397583e-01,-5.345232225569575002e-01,2.158162165735169891e-01,4.808538785324286136e-01,-1.531046170056541700e-01,-1.546550899955487779e-01,3.200072847996813241e-01,2.196895266723269124e-01,-2.218180208354111616e-01,9.498821554233566333e-02,6.646889163365524711e-01,-1.627280081487091912e-01,-2.091279029708476844e-01,-5.734630076552350575e-01,-9.288822768798228602e-02,-2.250336069893047186e-01,-3.646890736692232626e-01,-5.718158769563485011e-01,-6.271898535576804212e-01,-6.023479449898094806e-01,-1.987648949935462983e-01,4.523989499466181674e-01,4.895806998950316125e-01,2.345833700981170278e-01,-1.776957683077131644e-01,-5.601876894319660627e-01,-2.538892510276912207e-01,1.099886404827557368e-01,-3.497230333349911069e-01,4.745332486483778145e-01,4.276378345728716890e-01,3.741288047909407943e-01,3.220795865383908607e-01
-4.245677500858927034e-02,3.457247478454483214e-01,3.166718832557907648e-01,4.034238755373636964e-01,4.055487274798377784e-01,-9.792461193037194089e-02,4.029817797908263333e-01,2.712445614029961316e-01,7.192318552776184593e-01,8.674423035515353986e-01,4.378082096842186854e-01,1.000000000000000000e+00,5.047129246274321135e-01,6.780300108960211070e-01,5.687719005720589527e-01,-2.874062287163798302e-01,7.264626040639217408e-02,8.081615559717710839e-01,2.394778003470613426e-01,-3.494031313312496723e-01,4.481433626859820385e-01,7.445722211071978958e-01,-1.769422925643984179e-01,-1.615121952529675053e-01,7.665370926439017962e-01,4.202244960287610520e-01,-3.997528898479510429e-01,3.455148523276279082e-01,-3.323698845034365745e-01,-8.314493216011730192e-01,-3.274139592249372677e-01,2.068262558453061450e-01,7.750652498543619817e-02,-3.119923712866625731e-01,5.508701905487749517e-01,-7.228463557943391737e-02,1.449731750716262355e-02,5.231710214192363262e-01,5.787011442862789456e-01,7.379735316597102468e-02,2.749394827457656842e-01,7.275367484052052136e-01,6.433397837142469378e-01,3.431207868982614761e-01,5.376774973644037336e-01,-2.278228289984925159e-01,-1.492867148545403422e-01,5.659931446519247400e-01,2.532150247187429093e-01,-9.024707459697108025e-02,1.960344624916849354e-01,2.129915397997146631e-01,-1.440336472842867477e-01,-9.215961748011378130e-02,3.444051282159175109e-01,1.051010573973800849e-01,-5.356048651982653341e-01,-7.179104128103692972e-02,-5.653194540387004308e-01,-5.445031356301787140e-01,-2.386393115651382901e-01,-7.378947433551736879e-01,-4.680989254462082916e-01,-6.445510908785059279e-01,1.313496354349230621e-01,5.300805886380862697e-01,5.935517005910362354e-01,3.696837193256877208e-01,6.038190034619942415e-01,6.688526554886942144e-02,-1.682295949861253859e-01,2.385932419035106944e-01,5.384892904618738818e-01,2.186891489155977364e-01,5.516394884167785673e-01,3.389864375205569047e-01,6.047459425401067179e-01,5.072713371781475411e-01
-8.159462049406006334e-03,-7.186502186971355233e-02,5.537235362150777496e-01,1.535256715287278417e-01,4.491415226577377684e-01,-6.165142590891093954e-01,-3.402531969318097205e-01,-1.982451432282543446e-01,1.768149419804234956e-01,6.597477265863568308e-01,6.532853033044805358e-01,5.047129246274321135e-01,1.000000000000000000e+00,5.994860417373819583e-01,2.555232750330933000e-01,-9.252379099863573542e-01,-9.298644219883721307e-02,8.161827007793843736e-01,-2.709669382845363295e-01,-8.582726471614707808e-01,4.214887395059694342e-01,5.419467195633381751e-01,-7.771817547548057759e-01,-4.315491560092085122e-01,7.495863756482060714e-01,-2.343959714292886964e-02,-9.284389284737470938e-01,-3.811204842950399740e-01,-6.400231295555688371e-01,-4.533507527100040235e-01,-7.341052548421813650e-01,-5.183163170539848430e-01,-8.263127336264296241e-02,-6.857156366370497080e-01,1.878959088110400133e-01,2.529911868682341476e-03,-4.997593707586366341e-01,6.261689711606780451e-01,3.065475387046860400e-01,-5.415622653177758483e-01,2.726117397387092245e-01,7.154509612733906954e-01,1.701329927949343512e-01,2.613960283041779076e-01,4.753481233744876744e-01,3.359172851851029984e-01,9.361271081418404139e-02,6.302568333415874413e-01,5.824104012623505522e-01,9.789647345379355603e-02,4.458691720339424402e-01,1.507384251928714225e-01,-9.455109739748619735e-02,2.868369727190432372e-01,5.198640938337742989e-01,5.468135628133055093e-01,7.043296014384174686e-02,3.727557611393947368e-01,-2.491777784056486700e-01,1.675080933925866267e-01,2.755859344072471018e-01,-1.287931267563701410e-01,-5.692424435615331957e-01,-4.930491349090185271e-01,-2.557067322589551273e-01,3.647747333855897445e-01,6.923143306211337888e-01,5.481552035556718216e-01,4.724917164240852729e-01,4.219162287465981209e-01,-6.353593659557221773e-02,1.429582920231459997e-01,6.878553758186504996e-02,-1.061835828399054493e-01,4.522545528541054294e-01,5.585121252467967201e-01,3.599079388422044556e-01,2.719009742349542957e-01
4.267592439485698441e-01,5.377260949527750133e-01,7.698288684891031464e-01,7.020421375583523194e-01,1.347118846737494768e-01,-6.176044906504174481e-01,2.655727975337798252e-01,-1.783724513968246717e-01,7.100584118939161637e-01,6.106031916208862764e-01,8.024002331789867881e-01,6.780300108960211070e-01,5.994860417373819583e-01,1.000000000000000000e+00,3.074640368307325622e-02,-5.117267146468211791e-01,6.012388149370804236e-01,7.883154868575174001e-01,-3.591161881948088386e-01,-2.149839369552981327e-01,9.041302002945930116e-01,3.605118689401315968e-01,-5.667436750192815786e-01,2.928818815713821744e-01,9.225247127600543218e-01,-1.598476293897067857e-01,-5.469028515077443142e-01,3.798548260611526173e-01,-5.683701021306779566e-01,-7.959800428772126901e-01,-2.810672241519363568e-01,1.814462669176570286e-01,5.366603683989337181e-01,-1.811633339558733069e-01,7.586345215180603230e-01,4.621377766556326594e-01,1.854130998807224651e-01,7.296179967860205728e-01,5.477366539749229518e-02,-8.140293205164803036e-02,6.096669942321030211e-01,4.643473392113183218e-01,2.729816252957312783e-01,-1.423560803967099664e-01,4.561157700277173599e-01,7.879911593186308960e-02,-3.960124574652792440e-01,2.586819061566331679e-01,2.001657145261678261e-01,-1.773407884553638014e-01,-8.091222903218583951e-02,8.507455055268869915e-02,-2.011395365378286504e-02,-1.961988525250610016e-01,5.250684108259193877e-02,3.263463880300397357e-01,-3.236706272007390806e-01,-2.580332395496278686e-01,-5.877327256353135354e-01,-2.639710129127272875e-01,-3.191203699601105059e-01,-6.059740467906750139e-01,-6.975974806920463012e-01,-7.806170503691114426e-01,-4.214805727558884052e-01,4.322170518438683134e-02,3.956760013118030272e-01,4.080488295113403607e-01,4.001511432858346207e-01,-2.055263747452592826e-01,-5.029946927246918831e-01,-2.091258292905974203e-01,3.182703534101266052e-01,-1.422523385362835513e-01,3.597601214404190229e-01,2.662385953755890267e-01,4.497523423898315831e-01,3.498557935079001369e-01
-5.268324661710442891e-01,1.265447562201156284e-01,-1.105352523746466198e-01,5.522330072884043539e-02,7.434233495692428306e-01,3.800661346187024225e-01,2.016609908550315300e-01,6.661907089741709864e-01,2.920827956463570296e-01,6.563386461514753023e-01,-1.585964819568788653e-01,5.687719005720589527e-01,2.555232750330933000e-01,3.074640368307325622e-02,1.000000000000000000e+00,1.284568364479917802e-04,-6.447362260253027832e-01,5.341720875780526789e-01,8.361134504055928174e-01,-4.339644377456149948e-01,-3.185221212542689306e-01,9.031964827890108793e-01,3.360520311527992465e-01,-6.940732297019099883e-01,2.455299941217169435e-01,9.242901037531451314e-01,-1.296252367507933767e-01,-6.588402860224545909e-02,1.708206526812895698e-01,-2.930202095632551407e-01,-4.626013644647402612e-01,-4.257548999442511224e-05,-5.364505593990543941e-01,-5.535135737464184080e-01,1.839575596630881743e-02,-5.770847570750022859e-01,-3.815348269663605962e-01,1.422554763911277331e-01,8.074592430934611764e-01,-1.464622963956234425e-01,-1.917001875994309434e-01,6.926034133172322971e-01,5.110749482695673418e-01,6.548236398998642516e-01,3.589861693078117977e-01,-1.923789380415939498e-01,3.018599895288280877e-01,5.740076467025320150e-01,2.746874844518554237e-01,2.630943370986628671e-01,5.538896837689998298e-01,1.135810555836376384e-01,-2.045976314025209353e-01,3.604101073383944587e-01,4.972813589655364352e-01,-2.211192252684045512e-01,-2.013174935363595541e-01,3.859051907651601110e-01,-5.387072124091379227e-02,-1.787966363490301747e-01,1.578061647280563085e-01,-2.871771631609327247e-01,-1.181186186933411708e-01,-7.526399620913587496e-02,5.903065729282492846e-01,6.768598375689484081e-01,5.690213023691561567e-01,4.230383530215676702e-01,6.129178283053688947e-01,5.083489381823173003e-01,4.352114611052441129e-01,6.477685372893571270e-01,4.623162609662988531e-01,4.866641919718238674e-01,4.711072815251171053e-01,3.074657654606354207e-01,5.112171322315134381e-01,3.670787144940219071e-01
-9.513125786717531451e-02,1.900015028738338552e-01,-5.859024126059679816e-01,-7.340833164347777828e-02,-2.889730472137691519e-01,7.484950179685978533e-01,5.014926069733081082e-01,3.957207071963187439e-01,5.473679922379903751e-03,-4.438789290382683661e-01,-6.929991484532850299e-01,-2.874062287163798302e-01,-9.252379099863573542e-01,-5.117267146468211791e-01,1.284568364479917802e-04,1.000000000000000000e+00,2.411827128737278891e-02,-6.601318268478794105e-01,5.009426370619577407e-01,8.410942423387760547e-01,-4.278998477699944014e-01,-3.076767789801901909e-01,9.095447389843431818e-01,3.519575292566512470e-01,-6.396468771185678248e-01,2.677446234975784378e-01,9.474381078667725165e-01,4.913318612201426627e-01,7.241604984157995473e-01,3.148701059660838908e-01,6.914106710631490182e-01,6.589171008373344574e-01,2.557492532731865664e-02,5.905149334637961323e-01,-1.114704766257299945e-01,-1.510983735809878215e-01,4.727354593927588500e-01,-5.594717323308189272e-01,-7.611210743898712272e-02,5.708348197892610942e-01,-2.878952648450721630e-01,-5.688720072375276215e-01,-4.108907184895257969e-02,-1.151443117239414060e-01,-4.305983367735536915e-01,-4.223989648344662062e-01,-2.766018538913867994e-02,-5.189446280825029678e-01,-6.031804834335667831e-01,-6.199715948473688565e-02,-3.483268822134922837e-01,-1.960902194553002242e-01,7.890062654656554431e-03,-2.277200432532182350e-01,-4.580740223204959327e-01,-6.725122135735945861e-01,-1.764810786415694499e-01,-3.376737456851618413e-01,1.864886244485733924e-01,-2.633691843339015515e-01,-3.046792526082034436e-01,-4.703966368351494148e-02,4.658246644800304592e-01,3.929385160193155091e-01,4.122950935389900207e-01,-1.771545227842719894e-01,-5.836677668942708008e-01,-4.736098272982903756e-01,-2.957490440066389836e-01,-3.618832790260660404e-01,1.140095284882559346e-01,-6.068854323744277829e-02,6.288451090850635805e-02,2.156901633310875088e-01,-3.631304708715035190e-01,-5.373217246825413573e-01,-1.881868626594520033e-01,-1.613338350900329621e-01
7.157311901651319808e-01,5.095410905216088970e-01,4.866962979080370899e-01,5.697550191942184483e-01,-5.438280807082278567e-01,-4.430298483502449480e-01,3.652761473769001177e-01,-4.037600358889844032e-01,4.490407795076298836e-01,-1.123220533045278663e-01,4.687964942767493537e-01,7.264626040639217408e-02,-9.298644219883721307e-02,6.012388149370804236e-01,-6.447362260253027832e-01,2.411827128737278891e-02,1.000000000000000000e+00,2.074613194120133661e-02,-6.506925391299221983e-01,5.169389411045000049e-01,8.265041157102974712e-01,-4.438720609495303004e-01,-2.918451085827756253e-01,9.121374071950808515e-01,3.485534281952273883e-01,-6.367070151115673537e-01,6.328145078983940519e-02,6.331254932089959153e-01,-2.577532384829475109e-01,-3.663749696849110116e-01,4.050278753403107057e-01,5.009610201694010279e-01,8.636096375969803951e-01,5.128381657403507932e-01,6.133776466560251217e-01,7.359177360427463510e-01,6.696099902164265316e-01,2.819301758136562031e-01,-5.252815763995918319e-01,3.266987117106029404e-01,5.246716492516591002e-01,-3.275967302069378584e-01,-1.044356421897953691e-01,-5.998851208148503478e-01,-4.352728082176569868e-02,-3.610454398320063485e-02,-5.627004953486879346e-01,-4.034622111862454230e-01,-3.230885944330167403e-01,-3.990649421715108391e-01,-5.934165060174062534e-01,-1.030756150425895940e-01,7.517631437455667143e-02,-5.405307211678290757e-01,-4.855893864858384368e-01,9.441686843866431422e-02,-2.493535932047510617e-01,-6.589307823775251149e-01,-3.961693071195743765e-01,-2.378221518430277959e-01,-5.494624928596479885e-01,-3.763658344918271448e-01,-3.119959049239551252e-01,-4.708048151115260538e-01,-5.933547177256334182e-01,-5.027569422757475204e-01,-3.213876309758745276e-01,-1.771066797654854141e-01,-1.924236593297959930e-01,-6.873825270035059942e-01,-6.673614366349320814e-01,-6.098989573701689704e-01,3.665339837671824363e-02,-3.034263860960575432e-01,-1.682051820458342339e-01,-2.565314555574786937e-01,-1.783078837901587790e-02,6.095432115054780393e-03
2.184250348358666993e-02,3.294627411530922090e-01,6.268255151986743545e-01,4.846324441335282396e-01,5.770361784951696382e-01,-4.422887283317327722e-01,1.057063396806754568e-01,1.015681670692652333e-01,5.969991494145298061e-01,8.791921788679512018e-01,6.659309089703325801e-01,8.081615559717710839e-01,8.161827007793843736e-01,7.883154868575174001e-01,5.341720875780526789e-01,-6.601318268478794105e-01,2.074613194120133661e-02,1.000000000000000000e+00,3.997577255549610020e-02,-6.594966052061755901e-01,5.405140021815355578e-01,8.059480328419902362e-01,-4.950571421477596434e-01,-3.111705024506236095e-01,9.229365002055102130e-01,2.955770845590129925e-01,-7.428958565483548826e-01,3.632221008720530608e-02,-5.226400069751034883e-01,-7.610224577567590298e-01,-6.430898409167850049e-01,-1.117753049171623658e-01,4.361944132466062662e-02,-6.060856367603981720e-01,5.211847159333810042e-01,5.313451267088904056e-02,-2.319800566997188285e-01,7.495315507612149153e-01,4.701035218221704115e-01,-3.178580111909731776e-01,4.099181108337009993e-01,8.581625246849682309e-01,4.814576023907013447e-01,2.908785597875770956e-01,6.629869475152891933e-01,7.445551292845623004e-02,-1.169885437193200067e-01,6.477474068515676198e-01,4.897482994769158382e-01,3.059640594380576631e-02,3.466982849937796929e-01,2.199462107753249740e-01,-1.085030727062594319e-01,1.173609747954548477e-01,4.642573801454016880e-01,3.379979203198606452e-01,-2.642619053650259175e-01,1.426890288010047303e-01,-4.845816471367094258e-01,-1.831646857487780611e-01,-3.656864507489620414e-02,-5.172092295454381317e-01,-6.420574863940328170e-01,-6.665668347610447242e-01,-1.189318853623786698e-01,4.210492461534258157e-01,7.713130660424206697e-01,6.457599267060687431e-01,6.651383376779312906e-01,2.535949539182106860e-01,-1.345380343836226622e-01,2.482314892906205550e-01,4.437587146702896557e-01,1.070360546736834478e-01,6.350562991059772733e-01,5.085476257108717535e-01,6.394243578071562295e-01,4.945322681654497621e-01
-5.435187724672664311e-01,1.085287812436373789e-01,-4.671079367800103910e-01,-9.022861768400540494e-02,4.862433385365977911e-01,7.378899968839994772e-01,3.445948522779417877e-01,7.900599227411637671e-01,1.286570681054443055e-01,2.695922755562563111e-01,-5.668811168453242733e-01,2.394778003470613426e-01,-2.709669382845363295e-01,-3.591161881948088386e-01,8.361134504055928174e-01,5.009426370619577407e-01,-6.506925391299221983e-01,3.997577255549610020e-02,1.000000000000000000e+00,1.056324179919521968e-02,-6.251307600085417304e-01,5.877194520366266772e-01,7.731691526891277810e-01,-5.121603202138541588e-01,-2.254237168584967144e-01,9.406143257661441215e-01,3.783632493587197332e-01,6.607808761833314226e-02,5.603269127773796709e-01,3.784211505385608881e-02,-6.017653774151533741e-02,2.274830145013629068e-01,-5.306985115851775570e-01,-1.916444849705228326e-01,-1.469620067410137843e-01,-6.172000787900425722e-01,-1.602169800113634746e-01,-2.433103401146394784e-01,6.528051562487537929e-01,1.389348125331325290e-01,-3.815038149578167115e-01,2.738285229764274020e-01,3.832449139591541099e-01,5.507814342747368030e-01,4.608840684657367071e-02,-3.642551952607866461e-01,3.247885821438108445e-01,2.368212179846065912e-01,-6.084817308648778067e-02,1.976495660726398096e-01,3.576512665271823765e-01,3.955632601292119466e-02,-1.894111840034929661e-01,2.301011038530437480e-01,2.453449966438129570e-01,-5.462500635233957791e-01,-2.032360396207020803e-01,2.325979222929995816e-01,1.294762616186395932e-01,-2.388045436565804647e-01,6.529337097359452780e-02,-1.507217409972834432e-01,2.095208197290073515e-01,2.548204560789152362e-01,7.572903544695851474e-01,5.153585814467920301e-01,1.816222286791412399e-01,1.017127301257164523e-01,3.240062872284649176e-01,3.140375394769618356e-01,5.241630187685810682e-01,5.759424979901416330e-01,3.708482822040726767e-01,5.401529780035435602e-01,1.907398914952604940e-01,-2.167507528911744377e-02,2.700710538895819690e-01,1.896867267161416182e-01
2.828308923095713134e-01,3.306415468974704397e-01,-2.897445911106825700e-01,1.429089707880910054e-01,-5.881000182159269452e-01,3.916601894129518868e-01,5.005999226335398067e-01,4.563031749892343392e-02,9.677441265400339721e-02,-5.596231279712853279e-01,-3.953718078129205837e-01,-3.494031313312496723e-01,-8.582726471614707808e-01,-2.149839369552981327e-01,-4.339644377456149948e-01,8.410942423387760547e-01,5.169389411045000049e-01,-6.594966052061755901e-01,1.056324179919521968e-02,1.000000000000000000e+00,6.022649657046043152e-03,-6.160872478800480945e-01,5.978331336600346546e-01,7.822092383017663630e-01,-4.695768313173077635e-01,-2.000819257453741451e-01,8.536344287393492491e-01,6.478877411804053743e-01,4.957367997535205295e-01,2.138107407991099995e-01,8.101636059664640843e-01,7.329881138614223746e-01,4.327444954889927420e-01,7.831201013882341799e-01,1.155153346128422881e-01,2.493027962578620582e-01,7.053068507620389171e-01,-4.164245533974638702e-01,-4.207181672283473173e-01,6.050078281606039443e-01,-3.795238821101655502e-02,-7.483286622583640302e-01,-2.164866038834563355e-01,-4.546869458607451508e-01,-4.806229055727088140e-01,-3.022579876087062578e-01,-2.617082028102434843e-01,-7.201705611437660970e-01,-6.857634692128139475e-01,-2.247408934909984057e-01,-6.103503458297674378e-01,-2.741329527936389177e-01,6.647428571266932040e-02,-4.252860236427022378e-01,-6.740620898265956562e-01,-4.981162876279154883e-01,-1.630873148635761105e-01,-5.810684799494331143e-01,6.001661656318605514e-02,-2.319130872421488188e-01,-4.588926415137591364e-01,-9.252695112563440183e-02,2.904879959877770812e-01,1.886151193553153305e-01,1.304234632461264559e-02,-4.727840593007511805e-01,-7.418992624522240398e-01,-5.459535242211901451e-01,-4.441667493580964132e-01,-6.468906778555122417e-01,-2.208915205396201897e-01,-4.158132145374371924e-01,-5.592526648383806115e-02,-4.064349766906862754e-02,-4.911217828368091287e-01,-6.025796695565345251e-01,-2.838843075674421512e-01,-2.307114729881200588e-01
