1.000000000000000000e+00,1.674952478330749839e-01,-3.459079279063093093e-01,1.963576031438993563e-01,5.637555436643232332e-01,-1.102738816713846048e-01,-2.576659405769277100e-01,4.541023141611986724e-01,3.483887565132010589e-01,-3.162252373782124537e-01,-2.068610018536411535e-02,5.234884744288242908e-01,5.685276996650702463e-02,3.889109555430201315e-01,-1.088692266626744148e-01,-2.791473578274898393e-01,7.827620702849553969e-02,8.476009012541657617e-02,3.841336606481345756e-02,-1.804943011144757581e-01,-2.732485633159450478e-01,-2.770892486210622258e-02,-1.959210659265020193e-01,3.618752073954248361e-02,3.709545549388312130e-02,-2.848398844574193123e-01,-1.422082464731803109e-01,2.022656013733289682e-01,-7.984707155936192347e-02,-2.850910634160390700e-01,-1.465529999897956237e-01,-1.482992351590234903e-01,-1.177663699946887854e-01,-2.076716578005630698e-01,-1.811964342714917353e-01,3.625247778077436700e-02,-2.303709661141324638e-01,-2.058931155152408377e-01,-2.199220606913825926e-01,-1.664061386036402579e-01,-2.591999911432441017e-01,-2.940861361716712308e-01,-1.611399743515172789e-01,-1.686827547541386585e-01,-2.177432805104791980e-01,-1.448761460068184181e-01,-2.272815766353199554e-02,-2.933350838166481900e-02,-1.224770716586858488e-01,-4.233720085484960621e-02,8.249819066663836853e-02,-1.044859468148084773e-02,-1.229183989267265825e-01,4.216890572957102123e-02,8.307347825775870942e-02,6.287635301996238879e-02,1.085049537704565331e-01,8.436586081415914373e-02,1.220793716923401079e-01,-2.207345618913914703e-02,1.335522410904351753e-01,-1.754696467054484357e-02,1.719354612415419647e-01,1.041770063550540026e-02,-1.013527536819011088e-01,-2.841544913042048578e-02,5.347800943500628790e-02,8.394009524998910510e-02,1.236629528107782705e-01,4.840072460731435766e-02,1.496243898603980826e-01,5.893389190502864444e-02,1.231669418060189203e-01,-6.283934570324065105e-02,3.592690500807309978e-02,7.428011485081439935e-02,-1.291818572786566366e-01,3.836482022084155563e-01,3.132595926730594171e-02,4.159068844787541797e-02,4.055253758676927167e-01,-1.931966570644554904e-01,1.039435158747764043e-01,1.173953679223166402e-02,2.154683433898244571e-01,1.773640004443884088e-01,1.204350066541713810e-01,2.502217228588159426e-01,4.077958914887273856e-02,1.043424927135263441e-01,1.881417625147554368e-02,-1.391891555776707083e-02,-6.148900800949653328e-02,-1.231806134730207419e-01,8.423452230097912621e-03,-8.737929879921173260e-02,-1.224525972588773465e-01,1.736765219470308777e-02,-1.164329524146238692e-01,5.922942190665681644e-03,2.954689368966507274e-02,-3.503660644740502327e-03,-4.481434014530871757e-02,1.417683814121549202e-01,-1.459810376321321324e-01,2.217306455436269530e-01,1.254853974589492660e-02,-2.866292330592368764e-01,2.710188451283865874e-01,4.026984715153461569e-01,-3.969391780930811575e-02,-1.446099397640571993e-01,3.932820272485654800e-01,2.305898229666045463e-01,-1.735926901150257051e-01,8.446935056372401052e-02,-3.104796882961284865e-01,-2.147156643694576594e-01,-2.392449693409859912e-01,-1.646368752497662513e-01,-1.904830792733943068e-01,-2.638852746505266841e-02,2.984656265693766408e-01,-2.540883471360904852e-02,-3.076004539005583460e-01,1.876747915322240778e-01,1.385789769671075256e-01,2.468633310163851347e-01,1.371117939021935517e-01,1.361260721677343410e-01,-1.987301510394298976e-01,-1.193479212639467213e-01,-4.599132429310112680e-02,-1.226376499743350029e-01,2.756007351201755773e-02,-1.170067747595308211e-01,-7.109887434165405862e-02,5.996931506187060633e-03,-1.190867728557154365e-01
1.674952478330749839e-01,1.000000000000000000e+00,1.405621008310373177e-02,-6.105665385273801871e-01,4.493990794652489296e-01,7.200175322841543268e-01,-4.012984258840429086e-01,-3.021616596194005577e-01,7.706076572422722037e-01,3.002721267816066408e-01,-6.027643934926927294e-01,1.414038315465386553e-01,7.728095431612590493e-01,3.315897956953471892e-01,3.274473740774867525e-01,2.821345697318830559e-01,3.658349552005531469e-01,4.312511427352137550e-01,4.192696191745954315e-01,1.991571344241467867e-01,-1.671981629606436037e-01,9.915508010828447127e-02,2.324845596959251859e-02,1.651146755478595518e-01,-1.519579133439044084e-02,2.254001890950338774e-02,-9.939549766451424850e-02,-8.527609375104171219e-02,-4.697305620283703667e-04,-8.500251106956974168e-02,1.596212494171941887e-01,1.130065363743117010e-04,9.647781134435259864e-02,1.103157264174020880e-01,7.124774013562784614e-02,3.663042810885085848e-02,-1.438446312447897446e-01,-1.184276742552480416e-01,-1.951536850032344339e-01,-3.312259844080687743e-01,-1.050017327608032680e-01,-1.604536838226417184e-01,-1.677826672796851049e-01,3.081536732279955421e-02,-1.095093055031793050e-01,-1.641460132719595455e-01,2.144953575735322401e-02,2.209774024103467393e-04,-9.771380553358238741e-02,-1.321238611242036565e-01,-3.684974665425548796e-04,4.242233994614619946e-02,1.911228222007201605e-01,1.468115509157734144e-01,1.161630991724187517e-01,1.439894059668890280e-01,1.067396361183546999e-01,1.897488179197979186e-01,1.653083273245536111e-01,4.545006190729422579e-03,9.437786875033302159e-02,-9.537073062579855265e-02,3.067708640250234320e-02,2.085926286961417020e-01,2.847258824889209103e-02,1.121256247183602395e-01,-5.351481795133568309e-02,-1.245440986072573059e-01,1.696022789707604325e-02,-2.746959903634423883e-01,-1.191411178455090980e-01,-1.902285119385339340e-01,-1.166858933837087858e-01,-1.572099035313180918e-02,4.322505233359574817e-02,-2.225800119377436270e-01,-3.969086034786483697e-01,-3.084968399194739641e-01,-6.192470286981422989e-01,-4.522184760110163348e-01,-3.789914687798216497e-01,-6.363201237484389372e-01,-4.457246105463492647e-01,-5.684278561407843933e-01,-1.549429161528512178e-01,1.988723359114927258e-01,-1.803585035272073089e-01,-1.776912863818477240e-01,-3.089531369444500908e-01,-1.426856006726273107e-01,-6.470058229408613693e-02,-3.804657171635298513e-02,5.292450665642348812e-02,1.702960359090092968e-01,8.460706566931341932e-02,7.093903870945103551e-02,1.844344281976684208e-01,2.530941002904048970e-02,8.219853873801361011e-02,2.494584336708194627e-01,2.319872614149166290e-01,2.153099731095648728e-01,1.559583350929711065e-01,2.818064352526390981e-01,2.765747454100860314e-01,4.000677494772082454e-01,6.935248442256739532e-01,1.209323882066651312e-01,7.162531767760154100e-01,1.599319492203054305e-01,-6.030360122693438907e-01,1.314667121219410817e-01,5.700573840072076237e-01,-1.106752738646235405e-02,-2.686569917081183534e-01,1.405463121404645632e-01,1.262219909145765318e-01,2.292671122741256062e-01,-2.927281124591018038e-02,2.895517144278089011e-02,-3.129660333990734178e-01,-3.860635906345476209e-02,-1.106298291354775032e-01,-2.737409462624280088e-01,-2.165842333657491958e-01,-4.050817698184436960e-02,-3.401081660783991656e-01,-7.688741903445982240e-02,-6.557991270491939084e-02,-1.680987862945212963e-01,-1.237844892583268019e-01,1.393933363205750453e-01,1.720533418288166388e-02,7.312289098661080289e-02,1.792754255370112570e-01,-7.328987276201512358e-02,1.404140347786095866e-01,6.069130763537599477e-02,-6.203189792590092788e-02
-3.459079279063093093e-01,1.405621008310373177e-02,1.000000000000000000e+00,-7.852855857382354948e-03,-5.892988646212942161e-01,5.269968983592099310e-01,7.110414993089406721e-01,-4.168788435467390974e-01,-2.460604133431904816e-01,7.998906678331186848e-01,2.564811945819093220e-01,-5.686202857817413969e-01,1.900695819436974687e-01,-4.046387545355104587e-01,-3.778409916540238778e-02,3.646051369600742942e-01,2.523023070207827678e-01,-6.732227167076390573e-02,-3.546237609080486047e-02,-3.371093931863152621e-02,1.832122199837816212e-01,-3.057551712936935548e-02,3.053784367765958185e-01,9.801674391408629616e-02,2.084946358594349722e-02,3.667115035827013259e-01,-1.239983705029747488e-02,-2.911456769835957248e-01,1.931002845180404826e-01,3.089802854700660073e-01,1.092117736957713692e-01,8.468637344597650107e-02,1.049301478620599248e-01,1.483674172367925592e-01,1.310728429833672160e-01,-1.717190316031716457e-01,7.449142280999815607e-04,1.431830126525225275e-02,-3.665835222773291407e-02,4.341631754529399340e-02,9.378712561007251924e-02,3.053983482970786811e-01,-3.975914072377208924e-02,-7.178299553490985474e-02,2.783154217036822309e-01,1.377756333873742245e-01,-1.143431680260637157e-01,-1.553873659691889023e-02,1.087996906414663428e-01,-1.783009282586156541e-02,-7.649706917623981528e-02,-2.283000579566312749e-01,-3.900487115736909864e-03,-3.758930132882675607e-02,-2.031167082824070214e-02,-5.971455797259733744e-02,2.411901384837991918e-03,2.041021780743764585e-02,-4.942245975391437729e-02,1.298175708679712992e-01,-6.728123542966094051e-02,6.253919712770361627e-02,1.375471366003052920e-01,8.455246741677531486e-02,-1.875879236950529078e-02,1.613513702569813468e-01,1.050667438196854486e-01,5.960040027857116396e-02,3.124953686780592571e-02,-4.757032571890483508e-02,-3.841582626045846743e-02,-1.465853318561842755e-01,-1.632533095885542185e-01,-1.845224012996168061e-01,-2.030230792571226239e-01,-3.492032879719026983e-01,-1.710346047500418132e-01,-2.930258240904967670e-01,-1.980494848632317895e-01,3.043047511271870786e-01,-2.623127632801634523e-01,2.580016759987285857e-01,-6.924854103961207430e-02,3.851890483369237173e-02,-1.595956615025053982e-01,2.246942114182403586e-03,1.969081050980426573e-01,-3.398278024455837765e-02,1.750980206645838255e-01,2.165481412993418564e-01,1.780417418962781939e-01,2.580902701105438624e-01,3.503662120324827489e-01,2.798118532863321795e-01,2.569667801049734246e-01,2.644037490660119394e-01,2.247244342898061520e-01,-1.719161983879663458e-01,8.662641975725808574e-02,-1.827498318480783868e-01,-1.496848076774315028e-01,-1.769774284740028847e-01,-3.189967823006985004e-01,-2.408134411098581951e-01,-2.322766712905765252e-01,-4.780805479075841968e-01,9.349990159853589777e-02,-1.128103751148309963e-01,-6.866962696542926181e-02,-5.930476591708317979e-01,-3.359084242104076190e-01,-3.876275100862256462e-01,-2.927331488166248774e-01,-4.168905260998151396e-01,-2.794074817609042971e-01,-4.604883556390713117e-01,1.742295319454715830e-01,5.062445943686211258e-03,1.866468712916226902e-01,1.301666730548921638e-02,2.222185437499987481e-01,-2.713920456287371996e-01,-1.358847689202648534e-01,2.362342026910734805e-01,-2.538471778545588198e-02,-3.007295370243249222e-01,-1.784823526406772720e-01,-3.454194730777306321e-01,-3.039283275394706330e-01,-1.955168163543945792e-01,-9.847164951608626537e-02,-8.148519771042609869e-03,9.515132746966081800e-02,4.923209490322152937e-02,1.380854452124913034e-01,9.540251369076649390e-02,1.648458591714701549e-01,1.390925917354481622e-01,6.331088829247724648e-02
1.963576031438993563e-01,-6.105665385273801871e-01,-7.852855857382354948e-03,1.000000000000000000e+00,-1.467131147312313033e-02,-5.699533226077541093e-01,5.022628521708862870e-01,7.082404731752964810e-01,-3.988735912329555711e-01,-2.194189043586375065e-01,7.865911944119448052e-01,2.734525388655400513e-01,-5.160635822746459933e-01,-7.869420923687835134e-02,-5.865148815362134505e-01,-4.386622616197226598e-01,-2.874813362197950473e-01,-4.468802138543109259e-01,-2.799520815548123820e-01,-4.099588698772311246e-01,1.147531413085483842e-01,1.740584818036773271e-02,1.061338317910352630e-01,1.073889356384021415e-01,1.569875602182545238e-01,5.318675866498483867e-02,-1.266008455245243858e-01,3.266788328028844002e-02,1.666088430406653664e-01,-5.904532744537027700e-02,-1.683341833716534564e-01,-6.513814796994593648e-02,-2.176991298530644436e-01,-1.637064144421652157e-01,-1.686398992903458960e-01,-1.842192580293019744e-01,-1.368491488192801198e-01,-1.535472508147042170e-01,-6.034006505759783451e-02,1.629421180589398638e-02,-2.104438610045839819e-01,1.578160504134942452e-02,1.663879684044579366e-01,-2.406812017401404324e-01,-1.116744681768327557e-01,1.484836644566230046e-01,1.654751011464168989e-02,-1.255746593891319818e-01,-3.651134436799215871e-02,1.625217682706418809e-01,3.143570711453842065e-02,-1.121125998986455818e-01,-3.008259875609999856e-01,-1.860351599475977002e-01,-1.029908836206386014e-01,-2.271974750086086514e-01,-1.169181280646984927e-01,-2.020523748729152747e-01,-1.359375942593125108e-01,-9.441677444380439099e-02,5.957214369356349931e-02,1.001231412073277649e-01,7.582049937356730163e-02,-2.150726185963763304e-01,-1.443479937562849036e-01,-1.375882127360113227e-01,3.132781759211571843e-02,7.038515144663275158e-02,3.838643175844169003e-02,1.914224377486311579e-01,1.533116011526567402e-01,1.213061532270549719e-01,1.526765689027846373e-01,-8.818117751289993034e-02,-7.967863052658007150e-02,5.600426331931855628e-02,9.039329160487219461e-02,4.678076132196777870e-01,4.424534026714268542e-01,5.933606146404107884e-01,5.929486852457960255e-01,5.093551553964040801e-01,4.857105260833713967e-01,4.885581478611230044e-01,1.903340014246702183e-01,-1.082488500264574584e-02,3.497843806336997097e-01,3.230950881243041528e-01,4.169007857719920218e-01,3.385789739149076549e-01,2.303482143968422491e-01,2.180449768956055356e-01,1.719116594996806247e-01,-3.486280665783128563e-02,1.554723284213468393e-01,5.766669615881375027e-02,-6.120151959418901333e-02,-1.024811497240480096e-01,-8.906726345026591551e-02,-1.915617984216261560e-01,-2.700658985644351362e-01,-2.176228950442813115e-01,-2.327834815588151474e-01,-2.016934621081775403e-01,-4.897728175771973724e-01,-4.136189882796849626e-01,-5.770956133455845682e-01,-5.563527367192451223e-01,-4.602050505171889072e-01,-7.893405904511745230e-02,3.481072370515824188e-01,-5.505675010420691962e-01,-2.871114387798959222e-01,1.127376009768040754e-01,-9.171896035824964044e-02,-2.987381613533687807e-01,-4.001007273350119520e-01,-4.106396941289174873e-01,-6.790327594634405772e-02,-3.016544359450052948e-01,1.330799415676932329e-01,-2.787657886842282440e-01,2.257928755974722146e-01,2.836023918761153007e-01,-1.479857037352658444e-01,-1.551767878348415119e-01,1.967532591440600553e-01,7.008588699906791175e-02,-3.179843391969575800e-02,1.132011132088189265e-01,-7.628370421862007422e-02,-2.176741295891908567e-01,-3.560643404327537564e-02,-1.142648188474065796e-01,-7.715450438198276362e-02,1.449995473440058268e-02,-8.597471793359331982e-02,1.067699708650801833e-02,-1.244036922274154196e-02
5.637555436643232332e-01,4.493990794652489296e-01,-5.892988646212942161e-01,-1.467131147312313033e-02,1.000000000000000000e+00,-5.627575376839798194e-02,-5.774754249653584193e-01,5.064640919634840754e-01,6.884716100406470529e-01,-4.220570663706476600e-01,-2.351198429082002328e-01,7.653174152393067420e-01,2.850002724833015089e-01,5.850758570967532490e-01,-5.098460617872569572e-02,-2.838693647220087435e-01,5.419378054378944792e-03,1.864630439751205904e-01,2.707978269104308611e-01,-7.994671696231167579e-02,-2.303204854881841512e-01,1.437565226589054557e-01,-1.144145795788800296e-01,1.663899836926554521e-01,7.906299085402272719e-02,-1.984436407511444012e-01,-1.715571276138799783e-01,1.487094995876613313e-01,-1.937553302054056958e-02,-3.410293507100151111e-01,-3.778307837564588018e-02,-1.006910993140800320e-01,-1.446115781690133772e-01,-1.119692557954045653e-01,-1.428194160057287276e-01,4.168567319861721937e-02,-2.165616356618486893e-01,-2.529004288320753080e-01,-1.903386210202145934e-01,-3.628265202547930057e-01,-3.135096310426097599e-01,-3.719265007143027213e-01,-2.215755652627876895e-02,-6.722615267822597274e-02,-3.993798526537871707e-01,-1.648153291703166323e-01,1.210174543358333021e-01,-6.934021596876614735e-02,-2.135007326711437503e-01,-8.709443813497806317e-03,7.056147635867851542e-02,1.263122902397966485e-01,-1.980968322611138116e-02,3.382749669687343252e-02,5.047017515773090379e-02,9.045308267020754633e-03,9.121869935253074102e-03,3.195678002074603397e-02,8.945325325511772896e-02,-1.601565591923847509e-01,1.803493124548646298e-01,-6.154582275824405091e-02,-7.540974240689998949e-03,1.102323741539076862e-02,-4.806720423748224447e-02,-1.022949498327379858e-01,-1.263346247132209610e-01,-1.371545713492266505e-01,-5.405585623158711342e-03,-1.346426801340613877e-01,-1.801660125039893437e-02,-3.320208952252082235e-02,9.778386933141179627e-02,5.239836432138958444e-02,1.499061461794256589e-01,5.622693839725428910e-02,-2.348201943490816346e-01,2.288068745863041376e-01,-1.816707444327750054e-01,-2.484304771217673291e-01,2.218014972689893172e-01,-4.719404493974203585e-01,-9.055448729691069343e-02,-2.812724771886307429e-01,7.957138652084422281e-02,2.029671749758213961e-01,-5.964814028675943097e-02,7.799302472599449476e-02,-1.257771717423161462e-01,-5.937388582576621360e-02,-2.128651334502425566e-02,-5.967798132776076098e-02,-5.896835556594377803e-02,-2.071767221829294917e-02,3.227315489532979476e-02,-6.080470328494871901e-02,1.757960771422453772e-02,8.962067880755272831e-02,-6.286579333910838688e-03,2.665616472731834330e-01,1.398188033176265554e-01,1.742288179329204156e-01,2.062218869420506528e-01,3.228997243864341060e-01,9.875664584184931649e-02,4.445977751973941849e-01,2.157113802500733590e-01,-2.070754360247882009e-01,4.319214368673268134e-01,5.225658429340108713e-01,-1.273823088993072949e-01,-1.699216517314588656e-03,5.797524136035748787e-01,3.692591717557505149e-01,-1.558988421609980302e-01,2.273902023038883169e-01,-2.999703618765932056e-01,-7.421945889137762653e-02,-2.111949342004559582e-01,-2.337701912401624615e-01,-4.016032852831202815e-01,-6.556093281486415070e-02,1.561547280376517910e-01,-2.497143125616737014e-01,-3.287007905297750221e-01,5.526405844687731078e-02,-9.106469081141659039e-02,2.437089351382948355e-01,1.381501074854608047e-01,6.711272101450209415e-02,-1.235021834973078214e-01,-3.112807115512696704e-02,-7.677655874726840857e-02,-5.599723163960038108e-02,2.686121794165427165e-02,-1.343238068781912598e-01,-4.354222917403707122e-02,-2.389777785181255998e-02,-1.278045974536832496e-01
-1.102738816713846048e-01,7.200175322841543268e-01,5.269968983592099310e-01,-5.699533226077541093e-01,-5.627575376839798194e-02,1.000000000000000000e+00,-1.014869856928545325e-02,-5.727485434868150316e-01,4.827966222105285476e-01,6.890219678870959097e-01,-4.244709277039764306e-01,-2.595181421157324309e-01,7.366520975563248808e-01,2.642880147335679650e-02,3.085687180028043319e-01,4.610044168207328985e-01,4.308158871236541509e-01,3.454761622361357531e-01,3.257039225387264314e-01,1.931668018628874273e-01,-2.343388980351144429e-02,5.681036151118980249e-02,1.740607423474934690e-01,1.497409413031055569e-01,-2.346735508063711034e-02,2.152172434667575240e-01,-4.917357115190879729e-02,-2.271208771031236195e-01,8.273388154276015150e-02,1.255917695328644390e-01,1.964047825951966697e-01,5.864507050972082858e-02,1.550346733556300094e-01,1.857746908485679860e-01,1.472693869761599605e-01,-4.233759730533360327e-02,-7.098030625235003666e-02,-5.905617036057494301e-02,-1.530652598556123123e-01,-2.141481480999533060e-01,1.051763442752122989e-02,5.970267764781098108e-02,-1.588270839217322539e-01,2.291915052981784509e-02,8.968469520552843632e-02,-6.274948475703025219e-02,-4.996703267303610058e-02,2.493147722418010640e-03,-4.434950833180506145e-04,-1.243443144635626718e-01,-5.469132651164364950e-02,-7.574671441136507366e-02,1.871745313219401463e-01,1.117348358489132082e-01,8.349085479951223743e-02,9.490158983565394335e-02,8.965456493000435734e-02,1.816287522643155738e-01,1.047812474786573855e-01,9.040974465547536865e-02,1.896737660824742572e-02,-4.007845327115715228e-02,7.735776928554491394e-02,2.182598671100019483e-01,4.203915461625507693e-02,1.833826814596269672e-01,5.657734138811625589e-03,-7.000290896545362240e-02,9.790952949503318320e-03,-2.490216867889487040e-01,-1.391373705130711513e-01,-2.420162461640254226e-01,-1.956166898161444956e-01,-9.507106780786150901e-02,-6.360154885753493970e-02,-3.475821653443315618e-01,-3.871048384640071727e-01,-4.527135320472837066e-01,-6.070689696916549138e-01,-2.396857432934992871e-01,-5.163611105420919944e-01,-3.759192195929502156e-01,-4.338040029309159773e-01,-4.526678488274371581e-01,-2.161717618859837764e-01,1.400927260394067841e-01,-8.316177805342429841e-02,-1.924357717318552485e-01,-1.900525464076736060e-01,-4.524662171545074107e-02,1.827988671860160744e-02,7.954399228549817458e-02,2.004467994208764814e-01,2.830919494035137318e-01,1.712082466320804797e-01,1.981991002847343364e-01,2.652010826138508914e-01,-6.929077019007143234e-02,1.255768557654753925e-01,1.034690325541459954e-01,1.228881911190121967e-01,8.589225360108100615e-02,-2.223425374934554291e-02,9.676567621471277025e-02,1.485870020130165003e-01,8.386631794698869158e-02,6.268948368636050317e-01,1.056405795782700413e-01,5.284541921013006238e-01,-2.002490961017775739e-01,-6.519615032000539712e-01,-3.237627219906163284e-02,2.764056744518951780e-01,-2.422385145543591856e-01,-3.216697292309006473e-01,-9.953116403681616653e-02,2.429736998188516683e-01,2.356749685720274656e-01,9.052117229249674601e-02,7.583323389456683716e-02,-1.265823148737401926e-01,-1.285295258706348198e-01,-1.884173004877312541e-01,-1.177388062725160250e-01,-1.399594422420082362e-01,-1.681661545363274668e-01,-3.812006799112785949e-01,-2.547402357063252576e-01,-1.985196921075660925e-01,-2.495075305607912242e-01,-1.271082710040586650e-01,1.256112451616217540e-01,5.578799561865788875e-02,8.569538140560001294e-02,2.018843978812813189e-01,-1.285352066034902742e-02,1.956020128052128049e-01,1.033518959039571306e-01,-1.299133884397592892e-02
-2.576659405769277100e-01,-4.012984258840429086e-01,7.110414993089406721e-01,5.022628521708862870e-01,-5.774754249653584193e-01,-1.014869856928545325e-02,1.000000000000000000e+00,-3.009451472532401195e-02,-5.602166694545074321e-01,5.107471949355583130e-01,6.760590377778108451e-01,-4.143626431298214063e-01,-2.318150508191321457e-01,-4.563759215521244750e-01,-3.557221545517905703e-01,5.787624010454154450e-02,3.502791430066226879e-03,-3.376741462832908991e-01,-2.300389308799324628e-01,-2.132345275008031282e-01,2.351334306622840931e-01,-3.338001476762123693e-02,2.924286090779865122e-01,1.016123666716569340e-01,9.588947720154462895e-02,3.152541738379916469e-01,-5.535375901815811628e-02,-2.050207145402322129e-01,2.371812055132531960e-01,2.393048690955996982e-01,-2.730175413876630066e-03,4.136071067034582938e-02,-1.648861205075331793e-02,4.210554314417326582e-02,2.990831573708761446e-02,-2.297994172292250614e-01,-1.571567954664946851e-02,5.245247569442506794e-03,2.577172662422866529e-03,1.336558987034850987e-01,3.783410600960725872e-02,2.951281016666209012e-01,8.086081332205656558e-02,-1.589018757464220055e-01,2.180912024891836776e-01,2.191545911354071674e-01,-8.903584131600052187e-02,-6.051942668925781171e-02,1.097769180930581734e-01,7.216174229815759678e-02,-5.852519301686436026e-02,-2.287841604458074884e-01,-1.473859228827585632e-01,-1.235183639216416857e-01,-8.073849267490447457e-02,-1.710110569631731747e-01,-5.346814654663949173e-02,-1.135970167989995283e-01,-1.188674218582175257e-01,6.198033620978365965e-02,-6.070088304916308741e-02,9.997529473660739241e-02,1.236441235634425651e-01,-5.741254305665056262e-02,-7.722592404963256330e-02,4.889160274294295644e-02,1.019849335484178526e-01,9.276649487396598781e-02,2.893684422713002635e-02,9.477628372791445377e-02,5.789993455468547823e-02,-1.995905711864258067e-02,-5.785197537044354382e-02,-1.796709026205029203e-01,-2.161209660610757810e-01,-2.108603887752284467e-01,-7.143262232449383575e-03,-5.424962740976840836e-03,1.402928492179443820e-01,5.697497984106689728e-01,8.574204267886878506e-02,5.536697134391880271e-01,2.328450104219298156e-01,3.647829927732730848e-01,-2.132358720178980857e-02,-6.142350674337259536e-02,3.369541832284281835e-01,1.195735065243106465e-01,3.737419961905548704e-01,3.329509073699967736e-01,2.424807662019175525e-01,2.991919927862407569e-01,3.352236970650523951e-01,1.684632930478464630e-01,2.481055710971075967e-01,2.214664065926280345e-01,1.124630490886233541e-01,-1.925024186471274157e-01,7.240612060726027074e-03,-2.874900747167581372e-01,-2.791427980601579040e-01,-2.713008050547733307e-01,-3.768369202755150749e-01,-3.345445717117959683e-01,-4.209609409215167020e-01,-6.282019650466877936e-01,-3.031280552368683101e-01,-3.171064098736846026e-01,-4.124926835946866599e-01,-5.704815372405229734e-01,3.241862786909499236e-03,-5.512915772777473578e-01,-4.879507858996074976e-01,-3.105066822486157729e-01,-1.823465367404699389e-01,-4.980682319519323387e-01,-1.856432856434700115e-02,-1.788047871366512664e-01,1.605714114830072148e-01,-9.355695446431777640e-02,3.062502869974487174e-01,-3.127431737406564660e-01,-2.275721449353321907e-02,3.701713403400309632e-01,-5.599669758391901189e-03,-3.048408454361491438e-01,1.541593406574463115e-02,-2.477666959194649021e-01,-2.624785110618505501e-01,-6.386003568722280199e-02,-6.642764737561286659e-02,-1.039874553287689907e-01,6.812610966837197302e-02,-3.945873467895384679e-03,3.820447300239512844e-02,1.144362387094157024e-01,6.666576815544740520e-02,1.004038323148916251e-01,7.919803347920757741e-02
4.541023141611986724e-01,-3.021616596194005577e-01,-4.168788435467390974e-01,7.082404731752964810e-01,5.064640919634840754e-01,-5.727485434868150316e-01,-3.009451472532401195e-02,1.000000000000000000e+00,-1.683385387892174373e-02,-5.509145921408178381e-01,5.069159408841374947e-01,6.824930534006838911e-01,-3.512565066249040413e-01,2.681350597340794173e-01,-4.981367225700073509e-01,-5.465972169347377285e-01,-2.785823362490000288e-01,-2.686455192993139618e-01,-1.096248624611150940e-01,-3.560152460662625029e-01,-5.489653575082822229e-02,7.120834765606402772e-02,-3.010594862244194564e-02,1.215905132820841311e-01,1.430796540149679719e-01,-1.172345153175710503e-01,-1.593360648106118271e-01,1.477069510476943792e-01,7.303495928504158408e-02,-2.509908181794719972e-01,-1.748239454881412580e-01,-1.149459839070576944e-01,-2.480507908166966480e-01,-2.093469320152173130e-01,-2.160360797111821884e-01,-8.141612811448115106e-02,-2.008769690507941352e-01,-2.290337379487036584e-01,-1.192379376530048746e-01,-1.432631850624423442e-01,-3.197319417133089869e-01,-2.069329995491470675e-01,1.352898821112300531e-01,-2.015569275828002771e-01,-3.032059565319045746e-01,2.806068576529792760e-02,9.316687707593468426e-02,-1.215014618419220510e-01,-1.319557677180919208e-01,1.334090100379174693e-01,6.512425155108451935e-02,2.707509640677693060e-03,-2.564898837454778202e-01,-1.177811914748030236e-01,-5.773804517476024273e-02,-1.761731488187598116e-01,-9.139796692269915035e-02,-1.502163560987950508e-01,-5.232986037946896901e-02,-1.711891906314504108e-01,1.402984325051253589e-01,3.324330024039152953e-02,2.035308391321485541e-02,-1.828081851948747116e-01,-1.327632031500266818e-01,-1.926212324453329683e-01,-4.838545906018652115e-02,-1.617929219907730462e-02,2.803457204437647537e-02,1.094972416372080037e-01,1.203271700877140554e-01,1.222649954708008996e-01,1.994399682431222121e-01,-1.087565132706804980e-02,4.221161466324369060e-02,1.285197686235383940e-01,1.800733849619281721e-02,5.318659994052640227e-01,3.230589884706648873e-01,3.127845911842472293e-01,6.192728922517092283e-01,1.593503633442981959e-01,3.717273007008276564e-01,2.609132287318974286e-01,2.141630069878221743e-01,6.939988891465873055e-02,2.217366539157527849e-01,3.008156035290876495e-01,2.467539597354011516e-01,2.080008091889793964e-01,1.307167334862444630e-01,9.512397024190662187e-02,3.945188294702364068e-02,-9.342599232821748034e-02,8.684514362832151946e-02,-4.676118163435047381e-02,-7.655834207652896517e-02,1.001022594877170983e-02,-7.845296909653483308e-02,6.583073832360802728e-03,-1.446304899963747337e-01,-8.003575027968283517e-02,-4.425434855460585321e-02,2.040923714032260097e-02,-3.005058532478282474e-01,-5.634877599506706719e-02,-4.035775544049197139e-01,-5.079449758591770836e-01,-1.769764271144376455e-01,2.856511952180941782e-01,2.984467791823437466e-01,-3.475489472518960565e-01,6.977974649035241506e-02,3.351622459954343713e-01,-7.321360061723035384e-02,-5.102416247562183843e-02,-4.870592998184486433e-01,-3.697672869421170239e-01,-1.887095392807928151e-01,-3.488935085238169531e-01,-1.079428873882683909e-01,-1.941531111955080713e-01,2.880608081592255232e-01,6.857546132389887028e-02,-2.643161586564777843e-01,-2.923100223114086238e-02,1.553276034476566425e-01,2.432580150330837521e-01,1.068860264890395123e-01,1.589043321767858175e-01,-9.536190439164943244e-02,-1.947204384169708147e-01,-8.624765267227182952e-02,-1.333479161310459349e-01,-9.179878588637359338e-02,-6.762554883975234465e-02,-1.307860757143479435e-01,-4.505572127013681566e-02,-7.804362583064308745e-02
3.483887565132010589e-01,7.706076572422722037e-01,-2.460604133431904816e-01,-3.988735912329555711e-01,6.884716100406470529e-01,4.827966222105285476e-01,-5.602166694545074321e-01,-1.683385387892174373e-02,1.000000000000000000e+00,-2.832272308894289228e-02,-5.586554965903655079e-01,4.705176713120694520e-01,6.828718185536071239e-01,5.067250412322995556e-01,2.208304199010302782e-01,5.810179203131573406e-02,2.406185349414506902e-01,3.835668732344856835e-01,4.150625624774672562e-01,1.010015473727195051e-01,-2.150143212895530564e-01,1.334890929547199179e-01,-3.483779696050755964e-02,1.671158698954770538e-01,1.950511079907263010e-02,-6.306162849343568966e-02,-1.263583578875173974e-01,4.937953505133934815e-03,-1.185195792126461124e-02,-1.958014868963843524e-01,7.609884443113132391e-02,-5.296514672659036194e-02,-1.886378996788845228e-02,1.860871441946838553e-02,-3.261420168950768944e-02,4.753782827091491275e-02,-1.883198928793337612e-01,-2.147203527182210969e-01,-2.219911468303323587e-01,-4.019697060021195645e-01,-2.186984021770964903e-01,-2.707446769958200550e-01,-1.125633918701169772e-01,3.561652381365451592e-03,-2.657191556014140699e-01,-1.960766186682428858e-01,7.046237150833570273e-02,-4.428913309638372875e-02,-1.737799890357890342e-01,-9.445537261544600938e-02,2.903796519844657753e-02,8.444245412651590899e-02,1.228072944766659680e-01,1.001443816497649686e-01,9.620546431805461485e-02,9.955196296974855308e-02,6.774242581467951330e-02,1.451145861046649055e-01,1.527230794254966773e-01,-5.890119889382734036e-02,1.492395733990778406e-01,-7.801131787631859771e-02,1.137657357555064627e-02,1.424074101818524063e-01,1.008061856184111656e-02,3.915317059701645119e-02,-8.432847868303539052e-02,-1.348972094499553409e-01,7.612273334803393472e-03,-2.482926833038528736e-01,-8.406277278361495853e-02,-1.546982533927281356e-01,-2.895973339095356258e-02,1.181488778684432021e-02,1.086587413841885452e-01,-1.262765593923476926e-01,-3.867663257235937624e-01,-1.064562571245739608e-01,-4.887364607423307361e-01,-4.163349416509312118e-01,-1.607174541650054911e-01,-6.366180640030845161e-01,-3.503153082967264687e-01,-5.079554204191341071e-01,-5.709601188444936998e-02,2.192931523338809974e-01,-1.634297271984785360e-01,-7.753344873159258299e-02,-2.768118477290391066e-01,-1.329689531780690603e-01,-6.102464868348264626e-02,-5.728147889215719907e-02,-5.320896619567576369e-03,1.048812860121628998e-01,5.613513806937201617e-02,2.042736039085469094e-02,1.367699392065599984e-01,6.234551001628999695e-02,6.366750596072676127e-02,3.008742210381850080e-01,2.241166696148020054e-01,2.297643490951080947e-01,2.013191211165613337e-01,3.320382018634230881e-01,2.430539082877911650e-01,4.650171058444596550e-01,5.679503084519027523e-01,-9.900889772629610855e-03,6.742528999829766612e-01,3.650940406562028784e-01,-4.685401464703759511e-01,1.039179156466449039e-01,6.549088420587610981e-01,1.595338218635338479e-01,-2.517000931080324300e-01,2.034943384065964200e-01,-6.193231082148219213e-02,1.331676759132618959e-01,-1.232773808316015018e-01,-7.909417451223714479e-02,-3.883170001930206783e-01,-5.591241462756180863e-02,-4.960212114041791936e-03,-3.152572679964940061e-01,-3.017629199594602518e-01,-1.042447448641778580e-02,-2.954875587714648755e-01,4.937230248318152936e-02,2.107745020924397042e-02,-9.403061220805485065e-02,-1.459554636895487034e-01,6.725365362727188379e-02,-3.894125419997116616e-02,8.026234774975530076e-03,1.210818820704477328e-01,-1.129279114036934178e-01,6.423794838870189317e-02,1.977421794056106671e-02,-9.972669944485315630e-02
-3.162252373782124537e-01,3.002721267816066408e-01,7.998906678331186848e-01,-2.194189043586375065e-01,-4.220570663706476600e-01,6.890219678870959097e-01,5.107471949355583130e-01,-5.509145921408178381e-01,-2.832272308894289228e-02,1.000000000000000000e+00,-2.049556694694281214e-02,-5.780351724081760345e-01,4.555479800081232988e-01,-3.080049169596231762e-01,1.090660695932192947e-01,4.831359124500748115e-01,3.585369448123601477e-01,8.202208035424106425e-02,8.258948993671724748e-02,9.290800589594204462e-02,1.033900037077995493e-01,-2.459335933249999495e-02,2.569845635312287824e-01,1.299914306358647964e-01,-3.623206867123461052e-03,3.417745039753326552e-01,-2.887462452621069806e-02,-2.963573426054640358e-01,1.648991557274331887e-01,2.429892147857360962e-01,1.331711865114998949e-01,5.777520691313696444e-02,1.254866924414439200e-01,1.490755650663513343e-01,1.447360265230186738e-01,-1.300758306533752462e-01,-3.700067212137567174e-02,1.874606560230155511e-02,-8.516449448706485403e-02,-1.860332833433844812e-02,9.928039532227736497e-02,2.435493729650742845e-01,-8.653511277759529108e-02,-4.238516553950728849e-02,2.353925978915988038e-01,4.921675478987748431e-02,-9.320675988500562448e-02,2.251944252410391367e-02,8.470231729855343117e-02,-8.008194108640169506e-02,-7.881470799480114198e-02,-1.665907211740170479e-01,1.096173615993594197e-01,2.701479093521257091e-02,1.314580114703929603e-02,3.822973436139055770e-02,5.267661390984189340e-02,8.916083905584709646e-02,3.549180054292258579e-02,1.185096560373020969e-01,-4.361451785581070550e-02,2.791452022431045385e-02,1.357038796605311015e-01,1.312806786451103935e-01,-1.276141088802767824e-02,1.871338697803630047e-01,8.501711863011321424e-02,1.030095321890288004e-02,2.913278303708294673e-02,-1.237455241032652115e-01,-5.638135947339339982e-02,-1.673808728068647000e-01,-1.689470628414856956e-01,-1.449233728931817178e-01,-1.839923682512186465e-01,-3.583046940953261705e-01,-2.807750055200418093e-01,-4.145938552494440321e-01,-3.958543017884295634e-01,4.901797245222111465e-02,-4.116670423004111234e-01,4.957521869004660221e-03,-2.335307752006153537e-01,-1.491350560305821915e-01,-1.995184187568732337e-01,3.102222398754005822e-02,5.078599952163689174e-02,-1.331405857073942600e-01,1.172907681280520482e-02,8.055120369214670284e-02,1.209741370377714481e-01,1.847516773679919455e-01,2.942192042785841122e-01,2.783773430845734587e-01,2.253392832704525228e-01,2.510631287314687432e-01,2.434895030101567326e-01,-1.484988387935836096e-01,8.803733718021025667e-02,-8.598078857993515789e-02,-4.074019737117055145e-02,-5.191527919305504585e-02,-1.894068912105000835e-01,-1.016271797137097838e-01,-5.197625303770524868e-02,-2.429061917658749403e-01,3.643388045015200638e-01,2.552231840287628312e-02,1.802217427281117557e-01,-4.670090284818539939e-01,-4.962186703599066329e-01,-2.159695494272035332e-01,-6.651857553141826696e-02,-4.073709073760775623e-01,-2.768139361814578869e-01,-2.840034915097018886e-01,2.776924495460313946e-01,1.852604868538507421e-01,2.089596679584820871e-01,1.072666978096009638e-01,8.477097481592948958e-02,-2.241889221984508240e-01,-2.441264993548590001e-01,7.610853023221239577e-02,-3.792681358275697828e-02,-3.152780769513139902e-01,-2.959745773537440505e-01,-3.882704974862995484e-01,-3.415095536413261801e-01,-2.471197606788082257e-01,-1.173851441814017238e-01,9.995314778821232093e-02,1.088513410283074578e-01,1.219426246283328713e-01,1.786122303747612883e-01,8.433913275282259314e-02,2.086687140002109475e-01,1.418474750448888710e-01,6.793848188302950564e-02
-2.068610018536411535e-02,-6.027643934926927294e-01,2.564811945819093220e-01,7.865911944119448052e-01,-2.351198429082002328e-01,-4.244709277039764306e-01,6.760590377778108451e-01,5.069159408841374947e-01,-5.586554965903655079e-01,-2.049556694694281214e-02,1.000000000000000000e+00,7.633911171990158395e-03,-5.188764788574998787e-01,-2.879844076343447412e-01,-5.915100092734765225e-01,-2.872402389217546537e-01,-2.294723484183952555e-01,-4.646735622910057040e-01,-3.048338398859765097e-01,-3.525074087925452737e-01,1.641780397103200784e-01,-8.112917252929206097e-03,1.728264367484989017e-01,9.217745670620959564e-02,1.152363566371575609e-01,1.598510836740855701e-01,-7.240870815553267226e-02,-6.118033206826430787e-02,1.738036718780796297e-01,6.006662443304268406e-02,-1.034522928893020499e-01,-1.348899829219111363e-02,-1.294465842711633730e-01,-7.499559031650369911e-02,-6.844500692206260950e-02,-1.871234597536246547e-01,-5.807436425579301509e-02,-5.128939966247678117e-02,3.774200551819965280e-03,1.059890437238584365e-01,-7.622695982240530743e-02,1.657316324303594046e-01,1.868294886632662077e-01,-2.000940923423027151e-01,4.609620561208432193e-02,2.249001153030945055e-01,4.028526963734862035e-03,-7.393312511441497981e-02,6.562909451944377859e-02,1.725337779398242732e-01,6.727236133080780056e-04,-1.616464433959776958e-01,-2.588136561452832329e-01,-1.504828285280002953e-01,-1.126069897798822467e-01,-2.523523369515862647e-01,-1.263983825774917247e-01,-2.001781199937463784e-01,-1.548593129796125012e-01,-5.792418621846660842e-02,-1.091471166253625037e-02,8.062159742067120938e-02,7.309100526534703657e-02,-1.750035833264017848e-01,-1.265393010561960685e-01,-1.085969429886324555e-01,3.628931006867089359e-02,5.820963550077613846e-02,1.413624246913805331e-02,1.641922197820154250e-01,9.815835754488240472e-02,7.958452262914886277e-02,6.195855253888284814e-02,-1.148728712093389087e-01,-1.311826725076936095e-01,-3.836532457183985251e-02,1.034775718761543756e-01,3.010370519546815560e-01,3.859173416424693248e-01,6.343451436427109957e-01,4.255909996357550851e-01,5.941972680337229695e-01,4.339336470053848371e-01,4.869550468064163806e-01,1.058374341060414336e-01,-4.787384472132257679e-02,3.714587918723138427e-01,2.422656264551398542e-01,4.392894893820107893e-01,3.466706594284223453e-01,2.257087400512699515e-01,2.535850575401699114e-01,2.240199340551300156e-01,1.722576731138382444e-02,1.775783933527685932e-01,9.302929701033228749e-02,-4.051411770850529663e-03,-1.124998769562051137e-01,-4.855026878973181526e-02,-2.318797246492738662e-01,-2.983604618414311127e-01,-2.742953188186220692e-01,-3.012007018242455758e-01,-2.649966141118266783e-01,-4.702701338546083076e-01,-5.595927902882150695e-01,-5.698911817716141304e-01,-4.569695119281012574e-01,-5.292861902880314773e-01,-2.968464132577857129e-01,2.925754288289112992e-01,-5.506491697145053932e-01,-4.337851802478994712e-01,-4.935768242904089997e-02,-7.410212429715092031e-02,-3.998833015239688926e-01,-2.660155256038100324e-01,-3.466837808558430045e-01,4.867221391113538131e-02,-2.403301437832200682e-01,2.179614185842744245e-01,-2.868901390934538997e-01,1.450789406407007598e-01,3.432864529184370683e-01,-7.046176797858055840e-02,-2.142727752657251628e-01,1.705177225337785596e-01,-1.749306909463197932e-02,-1.157785345825830675e-01,8.381497320397640616e-02,-4.167778751901880796e-02,-1.888010156794827921e-01,2.206570647690691764e-02,-7.342367308839527207e-02,-4.922378490816570196e-02,7.045238036174077123e-02,-3.890333793621125746e-02,4.189737562925201220e-02,3.375098233873752296e-02
