1.000000000000000000e+00,2.840737718630450548e-01,6.862380573390627903e-02,9.676735630741409300e-02,2.661170639649914141e-02,9.226375029632758254e-03,-5.826532168280985219e-02,-3.306840062079800108e-02,-3.151841446478704980e-03,-7.438292372950938355e-03,-6.709275157670899561e-03,8.336706847112979740e-03,-5.854505848883050090e-03,-1.724896845081768867e-02,-1.024343063633383760e-02,-1.031935513512739419e-02,3.158287494643853945e-04,5.469817920993491622e-03,1.420360176786416954e-02,-9.065766779120392610e-03,-1.485378052880427990e-03,4.824447938974804964e-03,-1.293449536515242117e-02,-6.475138510643245644e-03,2.518582772852957091e-02,1.342777926314633538e-02,1.962365326534458096e-02,2.221131083401653439e-02,1.298481134082985107e-02,1.893951180856592864e-02,1.971858633533858304e-02,2.592397339934278833e-03,-1.362358212670884347e-02,-6.135783302257707267e-03,-4.214152586470360645e-03,-2.692107450881022976e-02,-2.433217688378922286e-02,-2.253601957450684923e-02,-2.822981516808232075e-02,6.435099540225589637e-03,-7.859496911437306374e-03,1.614506187949188432e-02,2.469386535557475601e-02,3.104074183004991764e-04,-1.782380945229880206e-02,-3.503016396891264761e-02,-5.370800811603203273e-03,-2.705828331876470455e-02,-1.022292981787018516e-02,8.155693024689892809e-03,-1.195748259371113946e-02,1.453508910982688300e-02,2.124271831944675101e-02,-1.696106797349292497e-02,5.025213331904230391e-02,2.060200619038029049e-02,-8.123940118447218681e-03,-3.598880228047300622e-02,-2.683833068076685660e-02,3.841130535625458375e-03,-5.875381026716265664e-02,-1.026031732769270947e-02,-1.633424167311075051e-02,-2.286804401288054789e-02,-4.416208908177427644e-02,-4.495052919859867518e-02,-1.819315731135627209e-02,-1.564899423808013140e-02,-1.662210308635415218e-02,-1.051908568892216678e-02,-3.623590982226756324e-02,-1.572638629687151193e-02,-2.449727674038469985e-02,-2.850641334255902149e-03,2.573824549787503773e-04,-9.259188957421359001e-03,-5.693917728215620346e-03,-3.483041041366499724e-03,-6.307552896246600496e-03,8.659438412716569458e-03,-5.368060403569913618e-03,-1.607626866973418944e-02,1.652534844281532134e-02,-1.614990301462515890e-02,9.347296221795298871e-03,7.931511505206375462e-03,3.326010523753248575e-03,-1.585923387680749155e-02,7.607929770904219187e-03,2.020284327880790944e-04,5.920430808182736057e-05,-2.312381105045336824e-02,1.074493860518451090e-02,-3.580338008486382787e-03,1.159026110180174859e-02,3.653328057967668383e-03,1.186847862471272991e-03,-3.032105641187014724e-03,-5.370793815070188000e-03
2.840737718630450548e-01,1.000000000000000000e+00,3.104129847490797456e-01,3.866940604023004768e-01,2.613814442940845528e-01,2.125316901674924874e-01,9.195964765264331986e-02,1.753403324327327262e-01,1.262269471580040048e-01,5.878692383890779527e-02,1.777994652627562858e-02,4.518051905168231352e-02,5.516075648013112759e-02,2.880941861680638358e-02,2.928177666493961273e-02,3.566593412393891799e-02,1.822490132299648888e-02,1.170636755356043064e-02,2.394869258016086785e-02,6.311049290467288242e-03,-3.053826892286858052e-02,-2.348719797009194213e-02,-2.767269233267726294e-02,-1.957557475725213523e-03,4.001150154853945831e-03,2.641166106239762820e-02,-4.898748358251868440e-02,-3.739604057280387223e-02,-1.068250313477945579e-01,2.017294259200941731e-03,4.349962152127299919e-02,1.952319809797546657e-02,-3.313912205005292710e-02,2.627379616493303802e-02,3.525896260475670785e-02,2.206604672055625591e-03,-1.161769606858313250e-02,2.678413171546221647e-02,9.932704892541012118e-03,3.088794373170562768e-02,-1.593835880913894304e-02,2.454492344707187926e-02,1.767237787170620328e-02,-6.584684344514033123e-03,-2.941897512367635734e-02,-3.855526914431705449e-02,-3.970585545875890410e-02,-3.728402580970022195e-02,-5.367999294642876451e-02,-2.289953189919363696e-02,-2.552006978230555653e-02,-3.999957071871610564e-02,-1.250286604842762612e-02,-1.959718704757759319e-02,1.931987403156005048e-02,-8.084807138046982977e-03,-1.171883886265867418e-02,-2.943670364633958064e-02,-7.509182518083085123e-02,-1.710310856706839799e-02,-1.066298341324248798e-02,-8.225877371705929419e-03,2.960992189665567070e-02,1.067382913787469356e-02,2.154195109418117690e-02,2.665039152760647484e-02,-1.605898733108558976e-02,-1.732264437035312826e-02,2.518823103033069125e-02,2.687737294964711102e-02,-3.553190851160783201e-05,3.197323723502755715e-03,1.178909200599947971e-02,2.882843363998666662e-03,3.550433166593803397e-02,4.302808134453920547e-02,9.288733262822120376e-03,2.925148833999857353e-02,6.791709108307028564e-02,-4.501956697736978971e-03,1.552270533571052918e-03,-1.491153796909121428e-02,1.740989363078574922e-02,3.938438394154529162e-03,2.349058540919487376e-02,2.165508929499758081e-02,-1.139438776285670940e-03,-1.780264995061525690e-02,2.248012068280850692e-02,-4.162588771832022305e-02,-2.933909724345255474e-02,-3.598234856099687129e-02,2.131786163592850128e-02,-7.618844326512282106e-03,-4.836250562948395809e-02,3.286483644467306543e-03,-4.278707105596602639e-02,-3.256571153047013029e-02,-3.854651000545223499e-02
6.862380573390627903e-02,3.104129847490797456e-01,1.000000000000000000e+00,4.981020455493477828e-01,-4.610869602148563035e-02,2.779709728125591139e-01,1.250889051359098392e-01,6.385595751332547032e-02,1.007119100813071294e-01,2.902298867029515922e-02,-3.354511769187154546e-02,3.115451088765323895e-02,1.075728527505008005e-02,-2.520284405047760329e-02,1.777008135562092514e-02,-2.139445550124275189e-02,-1.878492234832394858e-02,1.091236413039715220e-02,1.547851222024230165e-02,4.473971048413194485e-02,1.793140592971738476e-03,1.798484385722937812e-02,-1.158525756450687338e-02,2.938317807270705156e-02,2.428940820137373904e-02,2.732777860111847840e-02,-3.789312256357157266e-02,-6.712648855587960428e-02,-1.181532643496696483e-01,2.773075379110383990e-03,1.160058408628281308e-02,1.983185485334996653e-02,-6.882431593885539323e-02,3.782921910645783287e-02,5.945141028703732067e-02,1.460676386585024918e-02,1.054801703275886704e-03,1.872389944571297912e-02,1.822068659371163871e-02,4.578752614572734886e-03,-1.808414954597477656e-02,7.979252014301760343e-03,1.922407282672340678e-02,-3.133377884068643676e-02,-1.278723925580639055e-02,3.636162884809204278e-03,2.019367924811843809e-02,-1.380660471506310084e-02,-1.014962899250650835e-02,-1.151951476745547744e-02,-1.450215225006189559e-02,-1.131575415831511874e-02,4.876508180523213450e-03,-1.071450756844118807e-02,3.179430800549114255e-02,3.020628663769351838e-02,1.502994885636966226e-02,-9.094576677963889938e-03,-3.864182606810671189e-02,7.099226530239029047e-03,-1.404138246079333040e-02,-1.428096438349750127e-02,-3.553274922755733731e-03,6.023318777046874489e-03,-2.665809047861083907e-03,1.043009931598559009e-02,-1.857834820488384400e-02,-2.656337779514289857e-02,1.057281940303088190e-02,8.675204130461527594e-03,3.413682188045365218e-03,1.232166381269805822e-02,3.004959092747820984e-02,3.313606820384860235e-02,3.479564448668169552e-02,5.866477243476372894e-02,3.251335437672742135e-02,1.824435059751667795e-02,6.709865714263259229e-02,-5.974412384824799756e-03,-1.232059923663000531e-02,-9.106945796869547749e-03,-1.582831634497806547e-02,-1.154419170496771667e-02,4.254038282758824951e-02,3.914059618952830943e-02,4.190689806958445424e-02,-6.585501689215840330e-03,2.690263022204572932e-02,-2.128145482401549646e-02,-7.838353417181666977e-03,-3.717397732676083061e-02,-2.915360126259562354e-03,-3.758093868611388916e-02,-3.652682652127581947e-02,-1.236817353008605458e-02,-5.655320661224735868e-02,-3.185743318210563363e-02,-2.201879894979980393e-02
9.676735630741409300e-02,3.866940604023004768e-01,4.981020455493477828e-01,1.000000000000000000e+00,3.214182688652869047e-01,2.877861109138636908e-01,6.675242987016860585e-02,1.739076787126022094e-01,1.842758776218834660e-01,1.984265828797003930e-02,-4.455149959982950686e-02,-1.104868210540575290e-05,4.432751034297228304e-02,-2.666656015030900370e-02,-2.205268054468328270e-02,1.864040884478414262e-02,-3.060864117399105661e-02,-1.907793582201007532e-02,-2.316918169064075515e-03,-1.564583281388177635e-02,-5.793633023453781394e-02,-5.329165761400665030e-02,-4.972809367853294610e-02,-3.299380150610909529e-02,-1.396349921263924376e-02,8.200771608634338170e-03,-6.893847003387111594e-02,-8.423298816589808169e-02,-1.171310725294685828e-01,3.304298059721724051e-02,5.349191237278418110e-02,2.106494411938240451e-03,-3.478930859070134690e-02,8.668341138603904983e-02,6.120187022339809713e-02,-2.194661414857100243e-02,-2.324979818235578533e-02,3.974164457625133789e-02,-2.112566839698667986e-02,1.021302717724520935e-02,-1.685239144243383391e-02,1.266147561092741472e-02,1.136232245259176724e-02,-4.521277941762683744e-02,-3.841656730303296546e-02,-1.276769291489418361e-02,-7.824183843464577875e-03,-2.070844844194482531e-02,-2.033293243662913016e-02,-2.761511468423116789e-02,-1.699783596312951992e-02,-9.071258479795547489e-03,-8.469070617533311363e-03,-1.117794245769953079e-02,2.708363609737133096e-02,1.272385765471525931e-02,-2.512490491053517849e-02,-4.690374886850057212e-02,-7.760896102815496855e-02,-3.980728504266468903e-02,-4.415606810903173474e-02,-5.610852520818249839e-02,-1.468150208694511856e-02,-1.583598574061807415e-02,-2.619487071215139198e-02,8.942809449372966053e-04,-4.377236493594622441e-02,-2.821326914735348620e-02,2.901738143589191118e-02,1.474197117434209760e-02,-1.435028249793186481e-02,-1.208043228835619298e-03,2.141846121276728271e-02,4.143615331928132695e-02,5.210121393271890250e-02,6.325606612536184559e-02,5.104454305682567389e-02,3.308435009028425078e-02,7.027854545568006095e-02,1.996335798586162946e-02,2.478496839808718225e-02,-3.106839833851984334e-04,2.406372287002407021e-03,-1.232375151951848420e-03,4.382067115180882794e-02,4.039058850364600495e-02,3.048060659687124811e-03,-3.422068037500659854e-02,2.081876820723372115e-02,-3.389700308503604265e-02,-2.248316124672321281e-02,-4.983310770419505098e-02,1.261820910416500130e-02,-3.478783130525531231e-02,-6.178555337261240621e-02,-2.776754993172234759e-02,-5.287343286984614449e-02,-1.507642483179451841e-02,-1.768011714476231885e-02
2.661170639649914141e-02,2.613814442940845528e-01,-4.610869602148563035e-02,3.214182688652869047e-01,1.000000000000000000e+00,1.826183602831811803e-01,-2.695281061920759211e-02,3.094772365765166566e-01,2.490900973948883823e-01,3.116938237381925575e-02,1.141060026082797198e-02,-1.065619219240540420e-02,4.502421480965507206e-02,1.626095415169455383e-02,-1.461132547529669749e-02,5.121352874105328939e-02,-1.546699344543473603e-02,1.269862604002982426e-02,-3.416029820512301446e-03,-3.133162287630908427e-02,-5.427093206855083257e-02,-4.386910166987437187e-02,-2.338485764961698368e-02,-3.114851046868118839e-02,-1.255480580497994256e-02,1.472033748130891113e-02,-5.784071303972376094e-02,-1.871423439721206158e-02,-9.542631536131654379e-02,1.242504244401561320e-02,7.875818101297439588e-02,4.940883255475799624e-02,1.162687823338596008e-02,5.060974675120386013e-02,7.016734536506460951e-03,-2.803037709925814205e-02,-1.475874641735685708e-02,-1.357731280819637551e-03,-6.888231044831633065e-03,1.590763793380021995e-02,-5.929421377446996225e-03,3.152123722148642004e-02,-2.866031031229939949e-02,-2.297464984422783324e-02,-2.062906561271160913e-02,5.745364724427590858e-02,-2.738999092948994976e-02,-1.795916661948895876e-02,4.460578930995891039e-04,-1.285432078060880917e-02,-1.624089858603549111e-02,3.842705280615169201e-03,-2.012658109431997820e-03,-1.765755654660031149e-02,3.839991193577153503e-03,-1.096983422521815785e-02,6.228622269648851489e-03,-7.512998181371240841e-03,-6.385696017647510270e-02,-8.097997154237417117e-03,-8.247880394641840876e-03,-3.735706622329212911e-02,3.621269479512272127e-02,2.212965575048816275e-02,2.983519457476374245e-02,4.674304049613527828e-02,1.249453409852472989e-02,-1.060970944363473674e-02,8.378721911648403034e-03,6.347041635187779252e-02,-5.214442297782550910e-03,2.849776524598287078e-02,3.454694104732401738e-02,6.412182629983533000e-03,5.188194899813001332e-02,2.162405604536466949e-02,3.747522540651192918e-02,5.124478938988138998e-02,3.765159405646712615e-02,1.573513586923677363e-02,3.812509391062484515e-02,2.520189015132787841e-02,1.472611046864255938e-02,3.993674122949195104e-02,1.470873560179985660e-03,-1.932212864399313404e-03,-3.729596243881011519e-02,-5.073872263778636538e-02,-1.619158817710063605e-02,-3.612207302545435844e-02,-5.950567189844729182e-02,-4.994073996197774534e-02,-1.158225929899559838e-03,1.550689205980649611e-02,-4.351631699345653165e-02,-1.158666786577918287e-02,-8.402818758612378910e-03,3.084876079224217055e-02,-1.564687428397055005e-02
9.226375029632758254e-03,2.125316901674924874e-01,2.779709728125591139e-01,2.877861109138636908e-01,1.826183602831811803e-01,1.000000000000000000e+00,2.398587577274921834e-01,1.111315314522901831e-01,3.042076020650194002e-01,5.183844718018929681e-02,5.818344862276280532e-02,1.146089619391185421e-01,4.522300670399790473e-02,6.762501153184748148e-02,9.856419436431339276e-02,2.160753729957192587e-02,4.273935158281928770e-02,6.705690636442236674e-02,9.833760426094829976e-03,7.620737797541109193e-02,-4.829222670458564043e-02,-2.567118635852682143e-02,-1.970683776445478902e-02,2.427274611572155516e-02,7.312069690760256320e-03,2.023033613089379734e-02,-7.888015390882038846e-02,-9.141871113761666778e-02,-1.076234231666848423e-01,2.640801640130097279e-03,-4.234065565285969474e-02,-6.781491769735346897e-02,-1.045667337771084698e-01,-9.697482685047996084e-03,4.810927876015549942e-02,-4.496527335482900650e-02,-8.749590891527599806e-03,8.686667150725252071e-03,1.968772812913023237e-02,7.185356880767629567e-04,-3.877793750890368152e-02,-1.702575242355350640e-02,-4.666193588833599665e-02,-1.674717413092132248e-02,-7.682323086800800505e-02,7.911070296613925343e-03,1.419776770016260500e-02,-4.156992853362781459e-02,-2.093185989956435761e-02,-5.975470417034987880e-02,-2.920826241426137740e-02,-1.336689797709607504e-02,-4.712117895151225755e-02,-3.055659890783865573e-02,5.814429935865933659e-03,4.882609112575805183e-02,4.617143887208187414e-02,1.292371687871436171e-02,-1.061154731455927515e-02,4.315176614265209959e-02,3.650541684816115129e-02,3.409483691725971599e-02,5.271381574229897643e-02,4.995869688489913002e-02,4.038934163390697774e-02,3.646478722007544249e-02,6.874246616231637422e-03,-2.710626019227589667e-02,7.616291546247573943e-03,3.183205130826657903e-02,1.232825564047133893e-02,9.941350122262545413e-03,1.714709622587470145e-02,-2.854774651580438069e-03,8.103869070483740028e-03,1.989721063965438699e-02,-5.996752478509817866e-03,3.932256388507644751e-03,3.616307829386369160e-02,-4.953168309284829846e-02,-3.912699189591530013e-02,-1.269144925064270455e-03,-9.689267962929926439e-03,4.835351298396819319e-05,3.827659246742774052e-02,3.256533499731010389e-02,2.636905487842965828e-02,-2.027538190149375322e-02,3.935383521306157900e-02,-3.336025654727765855e-02,-2.132464532672422725e-02,-3.127307151989071332e-02,3.820946653945448551e-02,-5.170206933369694141e-03,-1.393458932606628231e-02,1.885902959493155825e-02,-2.059436552821796926e-02,-1.801356014434323666e-02,-9.269914997141756943e-03
-5.826532168280985219e-02,9.195964765264331986e-02,1.250889051359098392e-01,6.675242987016860585e-02,-2.695281061920759211e-02,2.398587577274921834e-01,1.000000000000000000e+00,1.956289045939572646e-01,3.481893374210397185e-02,-8.885496380722772425e-02,1.175824034381368899e-02,3.982163994937234358e-02,1.767806979895002835e-03,3.198683926397113270e-02,6.419633627594860392e-02,2.717051363343049239e-02,2.221571392365478612e-02,1.701002599997350918e-03,-8.846633884272110194e-04,5.735091319156558620e-02,-4.574839085290396956e-02,-1.466180049614218420e-03,-1.995908351782921947e-02,1.909263715790304045e-02,7.516402859170022432e-02,5.782625149430136585e-02,2.659544151948702376e-02,-2.386717511688535298e-02,-1.082561451850897888e-01,-7.354682212501445493e-02,7.612450933805237768e-03,4.686736497278196079e-02,-9.284528893672183356e-03,-4.652616261701942452e-02,2.819661029740182321e-03,3.522898657400707484e-02,1.003563473987222239e-02,4.557174719866713408e-02,3.918785154212280769e-02,3.001702607616359153e-02,-2.678082400095704863e-02,2.082165835656361527e-02,1.098954991094442269e-03,4.241903313154000987e-02,6.235942560759641373e-03,1.864922676534560772e-03,-4.538659955263593497e-03,1.981119558551714885e-02,-3.374129036463019427e-02,3.281787528514195935e-03,2.781680630492665285e-02,-1.912490335515812032e-02,-4.326863675844767540e-03,2.655940605927145995e-02,5.084675645825302397e-03,1.216892816684259733e-03,2.950650955244068369e-02,2.353629336077442402e-02,-4.228769325809845527e-03,3.033944166883644281e-02,1.119486353644493989e-02,3.575534721659062026e-02,6.733059992897677537e-02,5.164271168344682084e-02,6.677654815685405386e-03,2.925072611818673937e-02,-1.088168460314672265e-02,-6.126261194815121186e-02,1.017391453400680844e-02,-3.073309555211201777e-02,2.129532615910028140e-02,-8.724955969380323792e-03,-7.514006859857817917e-03,1.495660577808940322e-02,2.412463889639433843e-03,1.960795584304986933e-02,4.907375841358328772e-03,1.029359101101448570e-02,3.329055598703625773e-02,-3.225636147240928953e-02,-3.813671948911602494e-02,-2.606391273074685350e-02,-2.960483036749956068e-02,-6.187259710024557019e-03,1.380862992270751044e-02,1.164093008166730212e-02,6.837618332338414595e-02,6.008264639049160083e-02,6.789262763600836977e-03,-4.766350534692741225e-02,-3.574749556144794782e-02,-2.050835106472332497e-02,2.699789648949986465e-02,2.040630042931075670e-03,-8.514864032745894998e-03,1.809924499857399130e-02,-1.906982875662165816e-02,-1.559349937551320758e-02,-1.494274911713866505e-02
-3.306840062079800108e-02,1.753403324327327262e-01,6.385595751332547032e-02,1.739076787126022094e-01,3.094772365765166566e-01,1.111315314522901831e-01,1.956289045939572646e-01,1.000000000000000000e+00,1.863690959741908515e-01,5.780478101619608566e-02,1.922670977323560626e-01,1.205159257559438174e-01,2.020824149931483571e-01,2.307062644455215028e-01,9.586709082414875127e-02,1.607131090928032580e-01,1.500948159679109661e-01,5.164748600637200648e-02,-1.029321097417369019e-02,1.251943695522439448e-02,-5.918919638917298498e-02,-8.861294199005602390e-03,2.414475146451219509e-02,-6.668393483615284861e-03,6.047570144678941946e-03,1.541456058781436175e-04,-6.189432699142922989e-02,-7.831659127173995483e-02,-1.409443491593370679e-01,-2.549600834492304902e-02,2.260365566395718118e-02,8.603699265653288672e-03,-3.519075329155818554e-02,3.580365376402272481e-02,3.121239356373695095e-02,3.768448251907269547e-03,8.925916179233928799e-03,2.624366461451830071e-02,1.410850314688055079e-02,4.636154267832050951e-02,6.760685351173901375e-03,1.886342661872493498e-02,-5.532011396796539943e-02,-2.089275309950231960e-03,1.520904605244722922e-02,3.913702306153610949e-02,-6.324605804549165988e-02,-1.251183988500346664e-02,-1.279928901423753838e-02,-1.330081516197617955e-02,-9.903645379473826477e-03,-1.627923449272567630e-02,-8.500498573012793893e-03,-8.628552925809945470e-03,-4.994818644851811533e-03,-1.481023881620461419e-02,2.369433941232729907e-02,8.847394063464835562e-03,-2.791975818169271234e-02,7.446014096641196713e-03,3.465794158112126683e-02,1.517225250871906406e-02,7.931741748379256274e-02,6.171269381866325426e-02,4.655308025130558414e-02,5.694168376291681294e-02,2.574003168729389196e-02,-3.654109828314661829e-02,-3.689165915167905846e-02,6.099265286772434340e-03,-1.802835499924500913e-03,-1.489268844813635383e-02,-7.805194461628100870e-03,1.000717542727523092e-02,3.332127874310580190e-02,1.686284388113855684e-02,4.150461411984487925e-02,2.769601227867985599e-02,2.810094323081902337e-02,2.334792916319747627e-02,5.762654136380054685e-03,-2.203617321459178883e-03,5.953140177027693714e-03,9.750613187851655227e-04,6.031356440564766830e-03,-1.390143784273174116e-02,-5.936965038457911979e-03,-6.634817652001659578e-03,-5.526274955319140925e-03,-6.494768615092211261e-02,-2.334185652420872267e-02,-2.552359835800592849e-02,1.065637612951691147e-02,1.423221538757591526e-02,-5.025682893057334399e-02,4.938831583640922347e-03,-2.587562020691381833e-04,3.009344778562112951e-02,6.724851871666173708e-03
-3.151841446478704980e-03,1.262269471580040048e-01,1.007119100813071294e-01,1.842758776218834660e-01,2.490900973948883823e-01,3.042076020650194002e-01,3.481893374210397185e-02,1.863690959741908515e-01,1.000000000000000000e+00,2.159620845167510017e-01,5.631656302056177454e-02,1.499907286157750319e-01,1.403207281821734487e-01,1.012217252767149828e-01,1.329929038921698337e-01,1.333507513731363447e-01,7.365527576760340367e-02,1.018848722265623674e-01,3.447537353928122744e-02,2.393734965989127370e-02,-1.619666611704102159e-03,6.659278825093102594e-03,-7.478123331894597457e-03,1.473693401748752026e-02,-2.930608094351736317e-02,-3.056812382586779862e-03,-1.268482667312515466e-01,-1.263925796806139867e-01,-4.274534189507479126e-02,5.974906820335823543e-02,-3.080384742790641395e-02,-3.526511193710679844e-03,-4.663143897611255612e-02,4.778153958744395247e-02,3.983631812800585148e-02,-5.806815474900747093e-02,6.200163674899813841e-03,3.336833043750671302e-02,3.288010591045885389e-02,3.212302477990804789e-02,1.286524649616133109e-02,1.757534460035869647e-02,2.298936218675755577e-03,2.078473133947158699e-02,-5.121077658503463137e-02,-2.222814328368790879e-02,-3.748960020986721875e-02,-4.257084271213514709e-02,-1.645080174137133686e-02,-3.772174031760648638e-02,-2.733551243999863406e-02,-1.368367154607275961e-02,-2.469721495573875408e-02,-9.267330727125095216e-03,-1.812362080536591589e-03,1.320966798159145354e-02,2.737021425282428963e-02,-4.051322478432754781e-02,-3.248874492724784790e-02,2.941283950949469608e-02,-1.186428322960957939e-02,1.771679761461731478e-02,3.972402447385421642e-02,9.748076414899062639e-03,2.344893060780185723e-02,5.157915841289854170e-02,-9.861999850877623333e-03,-2.231659982417124460e-02,1.502808489672600306e-02,3.461136428417137256e-02,-3.780936896352474381e-03,-7.469192171641509531e-03,-9.072522788331319893e-03,-9.454131013023434060e-03,1.627635030044006365e-02,-6.187413217927297850e-03,-1.383450669932782123e-02,-5.319144235258832856e-03,1.182326593356241998e-03,-2.279103491107179955e-02,1.451037669716394828e-03,-8.288270544148173061e-03,2.434352570469358633e-04,3.989141526159179635e-02,-6.325381891061263549e-03,-4.671345193904349533e-03,-2.826932113069477795e-02,-4.358652922645382677e-02,3.319558417839158903e-03,1.477198256347074523e-02,-1.526549936397086568e-02,-2.962584480589136593e-02,4.304095432942531968e-02,2.873181134608959741e-02,-1.479946221382536301e-02,3.070762784026536719e-04,1.474656222309732832e-02,5.362637832238580093e-03,-1.063278347666452364e-02
-7.438292372950938355e-03,5.878692383890779527e-02,2.902298867029515922e-02,1.984265828797003930e-02,3.116938237381925575e-02,5.183844718018929681e-02,-8.885496380722772425e-02,5.780478101619608566e-02,2.159620845167510017e-01,1.000000000000000000e+00,2.689395073214312371e-01,2.952846516871070470e-01,2.441429756415958996e-01,2.938025437555821240e-01,2.175089367000734575e-01,2.113716425703433266e-01,2.630162385255035429e-01,1.102752505448841708e-01,1.010609699220530178e-01,5.685803044841525322e-02,4.231502773093606673e-02,1.382382555575530254e-02,-4.470410247388305336e-02,-5.670686989504381513e-03,-6.666397432317001936e-02,-2.546685029754489418e-02,-9.005540509386006365e-02,-4.455197324893948874e-02,8.539380036105091720e-02,-8.328906455478846116e-03,-9.809994446176921457e-02,-1.204964580093649262e-01,-5.844913507629103527e-02,-5.761722138999229165e-02,5.518032048798975076e-02,-5.447581897497357634e-03,6.038396064720103623e-02,1.241160625930644440e-01,7.693670798673696298e-02,6.461395797765732973e-02,9.904011186654720911e-02,2.921983553933243244e-02,5.658351847415434704e-02,4.315249433005182572e-02,-3.434836319222438206e-02,-5.690584667485200365e-02,-7.512937738312440612e-03,4.048810467929836281e-03,3.817857314450681661e-02,1.032610876727734286e-02,1.261420802922679982e-02,1.465077779924472273e-02,8.784074151884747189e-03,4.109042828537975978e-02,-2.278802164818201706e-02,-5.837300983137818505e-02,-2.445289230158249547e-02,-6.177094421960214327e-02,-2.313114762529462284e-02,-4.473831672571562668e-02,-3.489448382234783264e-02,-4.053156514032001806e-02,-3.261312100048923725e-03,-2.577601509529950027e-02,8.832746925870169422e-03,2.343993248966817419e-02,6.738184219298458443e-04,1.884192093321700439e-03,-2.522662568669176153e-03,1.614591045446502060e-02,-2.447242579150541580e-02,-4.392663010855330299e-03,-5.747606644635259304e-02,-3.041807154637725732e-02,-1.403806925542872355e-02,-4.241198550649998011e-02,-3.462375953552507268e-02,-1.453407539380541583e-02,-4.233129309853744110e-02,-4.014986910110865392e-02,-3.442854632878356892e-03,5.918568142723986195e-04,-4.656202418449242181e-03,-5.259436590766216474e-03,-3.658384801800618202e-02,-3.351597671795260910e-03,-2.319537700193652005e-02,-3.998951404141336957e-02,1.764529153988183760e-02,2.541506009639913147e-02,1.952509149255334323e-02,-4.193593757450228554e-02,2.437833022361421756e-02,4.081441268547150725e-02,2.751030028692225474e-02,4.046562364009779339e-02,4.569262828860203018e-02,8.786047096834158701e-03,-1.032102836214027208e-02
-6.709275157670899561e-03,1.777994652627562858e-02,-3.354511769187154546e-02,-4.455149959982950686e-02,1.141060026082797198e-02,5.818344862276280532e-02,1.175824034381368899e-02,1.922670977323560626e-01,5.631656302056177454e-02,2.689395073214312371e-01,1.000000000000000000e+00,3.841194196672084726e-01,3.391605814368862659e-01,6.619102853878945369e-01,2.915916201122993323e-01,1.836587228570616126e-01,4.860115466318525312e-01,9.312570531953413833e-02,3.801837573034690804e-02,4.922261728281122732e-03,-4.592470759025153726e-02,-3.293433496085032552e-02,-5.304713264240962234e-02,-4.194266594538557241e-02,-7.694496088924132615e-02,-8.521546448875558233e-02,-4.241640410319605370e-02,-8.765656305731293896e-02,-1.863496069311244147e-02,-1.310099413386894840e-01,-1.249721555959277669e-01,-1.217305019824188039e-01,-3.335243303860529335e-02,-4.874346373454851306e-02,8.945651970756908489e-02,1.090538308184683253e-01,1.991732925050016534e-01,1.557488555504306926e-01,1.663942353817171316e-01,1.910623074974799052e-01,1.073948826737096407e-01,8.246522824205253233e-02,9.311412408601756410e-03,3.374465882084930896e-02,1.325947777267505456e-02,-1.579416491957459645e-02,-6.185944483054551385e-02,5.286521176249003862e-03,3.503475451172275140e-03,1.824498010607591633e-02,6.200375180912702511e-03,-1.264671639053375346e-02,1.284777654909517730e-02,7.852024717833513967e-03,7.505783436034121382e-03,-1.044131147624666536e-02,3.863052071335866099e-03,1.355678727231184391e-02,3.255583007036348328e-03,-1.879761074416232917e-03,5.592469698985459703e-02,2.142504536337333856e-02,1.925741059255284271e-02,1.304368432439612785e-02,8.351536945470149770e-03,1.432949990678422138e-02,-2.568159212616884929e-02,-1.696714694419977978e-02,-3.193484888102280511e-02,-5.493337648112543020e-02,-3.628674931207849508e-02,-4.706313253056800677e-02,-8.210452473532751927e-02,-5.214436339074358939e-02,-4.607262113653740748e-02,-7.041442021505590898e-02,-6.408974894401087141e-02,-3.217155283803473792e-02,-4.367208890281405048e-02,-5.450710020007975415e-02,-4.784354481137165910e-02,-1.897877462799954507e-02,9.241179162770448569e-03,-2.118896525825239574e-02,-1.760357249265483495e-02,2.443492666868336827e-03,-5.870776570240661407e-03,-1.197468427681155564e-02,1.540812752529961867e-03,7.171774263120273517e-03,6.159647570172751413e-02,2.102010426876593785e-02,5.968713068418728118e-02,3.146784620920373143e-02,4.708645084364280337e-02,-6.048865530109436874e-03,6.142460064705822925e-02,4.017233400157797785e-03,1.365977804168359150e-02
8.336706847112979740e-03,4.518051905168231352e-02,3.115451088765323895e-02,-1.104868210540575290e-05,-1.065619219240540420e-02,1.146089619391185421e-01,3.982163994937234358e-02,1.205159257559438174e-01,1.499907286157750319e-01,2.952846516871070470e-01,3.841194196672084726e-01,1.000000000000000000e+00,3.828939968248879500e-01,4.239770523497833898e-01,5.691025761065201527e-01,3.064126890557720140e-01,4.422074016048597178e-01,3.502282845409566692e-01,1.755806366514011396e-01,1.508592555149728398e-01,1.217936634666796566e-02,-1.327455933827821231e-03,-8.402612091217034895e-02,-7.214401939667551555e-02,-7.308621715636048899e-02,-9.051714111639523608e-02,-9.203692681461453362e-02,-1.223697499641548808e-01,-1.156340323794049357e-03,-7.168536998576767461e-02,-2.013658678277785996e-01,-1.385210126062959290e-01,-6.839010452223394376e-02,-7.587640485537880397e-02,3.643292005979812537e-02,-2.586830692606708823e-02,1.260576845043741845e-01,3.479528503899143033e-02,7.909464177704790544e-02,1.335499183617778196e-01,1.677253916782874693e-02,6.695894827011934780e-02,1.845143503913686603e-02,5.396925951792810178e-02,1.967862663241310740e-03,3.273990504223783012e-03,-4.073092248614496730e-02,-1.059514226945207360e-02,-8.247706906846882791e-03,2.425795316326611814e-02,-3.913712873571820530e-03,-2.487710754207160188e-02,1.916779832982338713e-02,2.093368530909239106e-02,8.700764770863992151e-03,3.886170984800876860e-02,4.535366432579731460e-02,7.947482736594008515e-03,2.600017463668004292e-02,-2.045248007696399018e-03,-6.515581968677990575e-03,-1.954420243182459962e-03,1.714291605383622130e-02,-3.259369658795931851e-02,1.211009933379690942e-02,1.392998182437023801e-02,-7.821990774010785172e-03,2.867653685338628425e-02,-3.767661432822950324e-02,-2.964914410603400330e-02,-5.474855125114766463e-02,3.259809776956410898e-03,-5.687373790764986559e-02,-2.224671995668369220e-02,-1.102836862238156489e-02,-3.312512951218189727e-02,-4.999831872739057131e-02,1.555029004346468804e-03,-6.058740590544404135e-03,-4.924653570581960516e-02,-5.488872237297445084e-02,-2.967387350798570897e-02,1.559426310581646206e-02,7.228139557302845977e-03,-1.641792874628553514e-02,1.828729619302097526e-03,-3.594940431131149472e-02,-3.714210464732112943e-02,4.001812024398072182e-02,9.226344630447249132e-03,1.084255668790139529e-02,-2.802333401299583054e-02,5.112891730232930337e-02,2.672138406251323497e-02,1.647592062363929105e-02,2.342194455027194963e-02,2.492115911449154647e-02,-9.239126304167783257e-03,-2.510930685149244390e-02
-5.854505848883050090e-03,5.516075648013112759e-02,1.075728527505008005e-02,4.432751034297228304e-02,4.502421480965507206e-02,4.522300670399790473e-02,1.767806979895002835e-03,2.020824149931483571e-01,1.403207281821734487e-01,2.441429756415958996e-01,3.391605814368862659e-01,3.828939968248879500e-01,1.000000000000000000e+00,4.083103675055514969e-01,3.051268433578278594e-01,5.578472093765195483e-01,4.292378533060730028e-01,2.002508813862878823e-01,7.385532539230307836e-02,-9.086972617921880565e-04,-1.014696770369800244e-01,-1.098825350726255201e-01,-6.912920057178544020e-02,-1.159878185499727682e-01,-6.783922483333235109e-02,-7.581863877628165771e-02,-6.533468356756082229e-02,-1.497142621715045196e-01,-1.808756080831896637e-02,-7.950870149228139033e-03,-8.951193280947954134e-02,-7.849871564083739373e-02,4.972126881256241915e-03,5.758012218646633290e-02,4.997526475285807290e-02,-8.617592956211965471e-02,9.392471218277449393e-03,1.789690772274614081e-02,-7.464565376210827163e-02,1.031921664667276445e-01,-3.846300386601667065e-02,9.327671593526072960e-03,-6.286210544219651697e-02,-4.031781694951407091e-02,-3.333063126496225992e-02,4.442100825941047715e-02,-6.256294147776303438e-02,-3.487445121478636306e-02,4.291127080224955634e-03,-2.899456502758356990e-03,-2.984571470829168807e-02,-1.155292830376802686e-02,1.070381578220641746e-04,2.686195913187472764e-02,-1.109216101675810154e-02,1.219990550676657817e-04,-1.298180294673429228e-02,-3.434346324477272755e-03,1.275420826016918476e-03,2.732711152289491862e-03,-5.154028910420337811e-03,-2.316024358282975718e-02,3.637257314507448547e-02,-2.449479312074280893e-02,2.930292876431401031e-02,1.742428599002429981e-02,-2.791357779020405862e-03,2.387358138853339778e-02,3.743822505514699927e-03,5.296243916134828547e-03,-3.530701475385650961e-02,1.286706795668951520e-02,-2.376813876246801696e-02,-2.211258014151654822e-02,9.228878391371883941e-03,7.186203407838618294e-03,-2.327140236528736292e-02,1.935517556471418044e-02,1.569605894262731186e-02,-7.963005223856640252e-03,-8.288819878090464277e-03,-1.908355778597130986e-02,3.597830181381738573e-02,3.828830061948104019e-02,-8.338206572567523692e-03,1.578688640787246494e-02,-1.432109986184160189e-02,-1.196696966392678252e-02,7.413276187096789344e-03,-1.809199925503353693e-02,1.626631909534747081e-02,-6.890069703976983706e-02,7.721928828381289210e-03,-1.143421337276471182e-02,-2.605898079672885198e-02,-7.823476995994311980e-04,-1.137404186066499900e-02,-2.298578596627421505e-02,-4.691102441783292359e-02
-1.724896845081768867e-02,2.880941861680638358e-02,-2.520284405047760329e-02,-2.666656015030900370e-02,1.626095415169455383e-02,6.762501153184748148e-02,3.198683926397113270e-02,2.307062644455215028e-01,1.012217252767149828e-01,2.938025437555821240e-01,6.619102853878945369e-01,4.239770523497833898e-01,4.083103675055514969e-01,1.000000000000000000e+00,3.796824389638810970e-01,2.824524252033921434e-01,6.130753768191006259e-01,1.355387394063160278e-01,4.807760455953930673e-02,6.715457933877581366e-03,-7.059290438395728062e-02,-4.858556658277496387e-02,-5.829079795594135915e-02,-6.699603058814419809e-02,-1.119763910271439206e-01,-9.782867084540193547e-02,-6.590050439660731507e-02,-1.163475494527702603e-01,-1.374815741477871875e-02,-1.143815211378146068e-01,-1.109223267539936608e-01,-1.113142307919502694e-01,-4.393630616474716172e-02,-3.977755275993374862e-02,8.377750401937042457e-02,8.526080597614978107e-02,1.983201569637662864e-01,1.843926536616323775e-01,1.518874882367901857e-01,1.894263921166034481e-01,1.114868981979026813e-01,8.092477204593609419e-02,-1.539246500096676717e-04,3.746273637902984566e-02,5.962458138748355160e-03,-1.120984660391187611e-02,-4.975046989099892597e-02,1.911346548105025828e-02,1.707383064471844000e-02,2.190357785341759400e-02,2.019677605623839550e-02,-4.264842813715721999e-03,1.460070943594850984e-02,2.366659362418727444e-02,2.130415096765050052e-03,-6.453039480999853486e-03,1.130007240778683336e-02,1.987874811121119467e-02,-8.231765638540684783e-04,1.050869325397464291e-02,6.219755964831101547e-02,2.621443633117811339e-02,3.150665129169128581e-02,2.310925957679578480e-02,2.520121736858379688e-02,2.005530307441527604e-02,-2.729951227833743443e-02,-1.137056579180835414e-02,-3.345917693383467645e-02,-5.900467472986326012e-02,-4.975963077535309337e-02,-5.781488579814154927e-02,-8.415610109064547428e-02,-6.215411312513820230e-02,-6.098900555851832772e-02,-6.731163555751872030e-02,-7.399853271083199624e-02,-5.219389409358383969e-02,-4.558904026163631412e-02,-4.901028875498149306e-02,-5.107930430252112519e-02,-3.880609864825174810e-02,9.412276696987067690e-03,-2.258420293051494748e-02,-4.933502982105943794e-06,2.019960935459263682e-02,1.149996104007586402e-02,9.975607684890341539e-03,4.688719140452805162e-02,8.566374969620843549e-03,4.751245006248094871e-02,-4.075136153628535277e-03,5.711498935085491252e-02,1.815094107556678230e-02,2.695707214425157108e-02,-1.685682405641022378e-04,4.740481287991776121e-02,-1.696682996155469275e-02,1.945227548150901473e-02
-1.024343063633383760e-02,2.928177666493961273e-02,1.777008135562092514e-02,-2.205268054468328270e-02,-1.461132547529669749e-02,9.856419436431339276e-02,6.419633627594860392e-02,9.586709082414875127e-02,1.329929038921698337e-01,2.175089367000734575e-01,2.915916201122993323e-01,5.691025761065201527e-01,3.051268433578278594e-01,3.796824389638810970e-01,1.000000000000000000e+00,3.810192038141104742e-01,4.646923526322142561e-01,4.698033512913503129e-01,2.271096415094686627e-01,1.960872398333574629e-01,8.339128255701288824e-04,1.210739923607763620e-02,-9.457504019831831921e-02,-1.041572100324766742e-01,-8.207088056049480218e-02,-1.018560120014825321e-01,-6.360396909429573420e-02,-1.210827536743112054e-01,-2.093528692344249001e-02,-9.690208660716330413e-02,-2.005262677086373790e-01,-1.134656588852095138e-01,-2.282103963315341641e-02,-7.701741390985104851e-02,8.213661110236678215e-04,-1.038417345720314862e-02,1.429704465419702475e-01,3.698586328022567676e-02,8.375532380232210417e-02,1.413929838742289669e-01,2.145050229052685147e-03,6.056655545758089787e-02,2.272025042182330978e-02,4.519861749674213003e-02,-5.835081568327626922e-03,-6.795657423415140709e-03,-4.236549755423058700e-02,-1.445663182610787238e-02,-9.211969394216238186e-03,5.849359404171974863e-02,5.065091423395242341e-03,-2.351690654718346235e-02,5.651747353055300294e-02,3.755566718911215740e-02,2.511660375809695103e-02,2.564869279018805112e-02,7.219132932128013991e-02,2.205449058234005416e-02,2.821528231023778116e-02,-1.699397597198417861e-02,5.172945536126851221e-03,-1.856347746869019808e-04,4.875019372058649048e-03,-4.269999077030651319e-02,-1.545558911676609467e-03,2.142442009850012777e-02,-1.504202619223015888e-02,3.458756540505610738e-02,-4.287413847916344417e-02,-5.225437323884841306e-02,-5.629261165812560891e-02,-1.614204475282670498e-02,-6.680915170632302502e-02,-2.401656113586084565e-02,-2.656143062252445605e-02,-4.691547090825866351e-02,-3.882936814662052427e-02,-2.125460927339514403e-02,-3.407253695132712867e-02,-4.039145583276165102e-02,-7.052592793332430887e-02,-2.923683068802242560e-02,2.005493890588121858e-02,-7.918415495309749641e-03,-4.030502066033018332e-02,-1.445444428347362337e-02,-1.951522708287805469e-02,-8.343668993686038232e-03,5.258606259834506386e-02,1.852584758527259928e-02,3.037508399782881327e-02,8.542865110509246032e-03,2.557073859215455713e-02,3.322231928991132427e-02,3.818393218550329704e-02,1.215760723451023845e-02,4.113638743198914233e-02,1.416621165558490554e-02,3.494726805514511512e-03
