1.000000000000000000e+00,4.602226359021159285e-01,3.766856371592259833e-01,3.327594638558614704e-01,2.499939920820311023e-01,9.332354621772098735e-02,1.595896647871724097e-02,3.074885693798955558e-02,1.253840083087634782e-01,-1.857854611482354090e-02,5.155750355948447716e-02,-3.008656979523207167e-02,-2.411674924584342877e-02,-4.191020903272121845e-02,1.360795428814131052e-03,-6.614135499061397395e-04,-2.966494946208044284e-02,-4.034644986596024746e-02,-2.162591503290323212e-03,8.175690288564496644e-02,2.747889476634326339e-02,7.075516722695854299e-02,1.709805435169398091e-02,1.656734348517665059e-02,4.672536786926603097e-02,1.762366125718855397e-02,1.469264355368214356e-02,6.334398327989438325e-03,2.319222054578473635e-02,-7.836835610230137583e-03,1.097098353816226488e-02,7.267583085252007913e-03,1.427766204449880914e-02,1.647180738796807584e-02,1.918175345492941983e-02,6.389868751815876852e-03,-8.683523476607787157e-04,1.604386292195124353e-02,-1.523695150388420724e-02,-1.374722468534785025e-02,-9.673567738717662665e-03,-6.838938517112012200e-03,-3.288732515814998120e-02,-2.947753138113968358e-02,-2.106998568440687086e-02,-9.915402005121152010e-03,-1.752307351386406600e-02,-5.748185211048101144e-03,1.444854354666965171e-02,-2.564202610182497385e-02,-3.329756223244605216e-03,3.160399388099283113e-02,-2.340285100249439587e-02,-4.909874648110539030e-02,-6.463231030940574592e-03,-1.214027078257301669e-02,-1.172896759015037635e-02,-1.690894310423685445e-02,-6.176613108906453369e-03,7.318116226245137586e-03,-2.487080486091601539e-02,-2.755559497727694609e-02,-4.355037799771939444e-02,-4.372025191281405515e-02,-3.655201916446566834e-02,-3.541825829682432314e-02,-1.994038069960565873e-02,-7.323503757770284108e-04,-8.704116563143566741e-04,1.292331719843286750e-02,1.840725748372591414e-03
4.602226359021159285e-01,1.000000000000000000e+00,3.807706866945799740e-01,3.974804575365016857e-01,2.982661344177154894e-01,8.348018859651858137e-02,2.076244252854804462e-02,5.317971962961005189e-02,1.484407574980615707e-01,2.002132881758266272e-02,9.407996849032458642e-02,4.969409715182808852e-05,-4.409182525677154268e-02,-5.840222913480228040e-02,-2.176482215566769365e-02,-2.178306013774263927e-03,-5.265085744723405070e-02,-6.664757910771314242e-02,-2.080509269908843023e-02,7.962982320156145044e-02,2.035798090788243364e-02,6.640002860633877069e-02,1.083509266084883805e-03,-2.275232117313793698e-02,4.211366849990120370e-02,1.271130238312705336e-02,-1.449163203806224341e-02,-1.346042781674186388e-02,-4.394683799205993842e-03,-1.396254782056571830e-02,-3.621654408797909952e-02,4.926457319739647490e-03,-4.164641158102585887e-03,1.501598082441402485e-02,1.127401550556319902e-02,-8.033607401805563928e-05,-8.556476144355526156e-03,5.036790121811571437e-03,1.494442379469532092e-03,4.482720379090230495e-03,-1.448031375742697864e-02,-1.749515565607193124e-02,-3.936962979106840149e-02,-3.827890856803899816e-02,-1.701828937695803665e-02,-2.128453132243438679e-04,-3.106674054175035185e-02,-3.591268760697755111e-03,1.398240384361255223e-02,-3.881298371284760268e-02,-2.834930956596744787e-03,2.252840718136545420e-02,-2.471641781293065429e-02,-4.178489217985707771e-02,-1.614077412158037086e-02,-1.191513390333024877e-02,-1.113100467607241149e-02,-1.275751193702666375e-02,1.478931344172569086e-02,2.524918352454091908e-02,-1.349045189619170991e-02,-1.764129126180595877e-02,-2.050992548269402888e-02,-2.063197867972687768e-02,-2.184409619383938586e-02,-2.313725409128922217e-02,-1.414651157847095393e-02,-5.623629685944344508e-03,6.419725902991818729e-03,1.953711829919941266e-03,5.358729078021691981e-03
3.766856371592259833e-01,3.807706866945799740e-01,1.000000000000000000e+00,4.690944094683666687e-01,6.134916054745671588e-01,2.081436030547108573e-01,9.509133054316548650e-02,1.100440871260589815e-01,1.679993803229651306e-01,1.544026920197205666e-02,1.504257265454263248e-01,-2.631948461397959002e-02,-4.548077519785444917e-02,-8.098982362918653866e-02,5.067791857574882944e-03,-6.886125071186671677e-04,-4.086914589528305858e-02,-6.459448182121380055e-02,6.593231932675107897e-03,8.984779792480403204e-02,1.777436713619447856e-02,9.252856557988059505e-02,4.426572130502776092e-02,-1.232329413487077800e-02,6.068351258626761974e-02,2.330849443209015784e-02,1.057602951572273083e-02,1.014291501702718756e-02,3.167385321120614466e-02,1.667268384791601929e-02,1.329886963072206447e-02,1.689714071013164592e-02,3.216441921258178516e-02,-1.011713585355047094e-02,1.511458024391466003e-02,-1.678954501319711995e-02,-1.980053823237124672e-02,-2.729367451920722970e-02,-1.778199015559953078e-02,-1.835403046908096192e-02,-4.316729308607689802e-02,-5.361311195167983712e-02,-5.785189655357970973e-02,-4.777736399803646922e-02,-5.729274228826589967e-03,-1.698680097982506465e-02,-3.447099965172772951e-02,3.466093451047149668e-03,3.229318991494718044e-02,-3.855256460730339951e-02,-2.863120000351043748e-02,2.278056697577864401e-02,-4.642440000242261527e-02,-6.996057255938679942e-02,-3.269371331152166882e-02,-2.125076450219103019e-02,-1.240093104230128099e-02,1.517147603343631072e-03,-7.791469347418921408e-03,2.407562934434066479e-02,-2.743471579583075734e-02,-1.914328216290155441e-02,-2.128119559029848645e-02,-1.642994332098540733e-02,-1.738274849859054380e-02,-1.163167106487730286e-02,-6.543488230845500783e-04,-3.151542578335356400e-03,2.583200274832896798e-02,-1.015148508767362880e-02,-7.072111603593374783e-03
3.327594638558614704e-01,3.974804575365016857e-01,4.690944094683666687e-01,1.000000000000000000e+00,3.677915057551011113e-01,2.802903864894494279e-01,9.142019620263346080e-02,3.164082347736298009e-03,1.891398502277069349e-01,-1.935495629553989419e-02,4.843468270224517841e-02,-2.765862199548516174e-03,3.695200075774231121e-03,-8.910304381923296602e-02,-7.029666211145728372e-02,-3.250425678629182552e-02,-8.558710027268784382e-02,-5.457955719674765366e-02,-6.848003476154451707e-02,7.352986359201502120e-02,3.501712562620221125e-02,1.176127536416117086e-01,3.773050433782901975e-02,-2.031240416509138072e-03,6.835138238875160255e-02,1.337612555998759882e-02,2.110868295371669950e-02,2.695013549142519574e-02,4.044453216651451577e-02,1.186313464125411492e-02,2.724711694336382981e-02,3.682858698916122164e-02,1.811391169319491110e-02,2.517928261123483086e-02,4.807753931997438973e-03,-5.693236326322807274e-03,-8.836953777031988921e-03,-1.310549277615637338e-02,1.020047249736742885e-02,2.585872857165813065e-03,-3.435103784172337943e-02,-2.001698784193864031e-02,-5.964479063560695210e-02,-5.150651346036554806e-02,-1.998260417737453970e-02,-3.651196448024791180e-02,-4.836064016279086747e-02,-9.162681252052391756e-03,4.463980438861021860e-02,-7.005407719130196317e-03,2.777591727922789841e-02,1.850538259188858753e-02,-2.350373723538902448e-02,-5.644757779359844269e-02,-8.575397536649140284e-03,-3.040400885777595763e-02,-1.824839785383145993e-02,-2.925666416417695842e-02,-4.265007323050196142e-02,-1.255940342605897479e-02,-6.744067515048815520e-02,-2.931743274080545261e-02,-2.875402087017567623e-02,-2.192584258822730808e-02,-3.001355906033341923e-03,4.133348293031800444e-03,1.993513839437492316e-02,-1.809407434772106193e-02,1.906609139628023634e-03,-1.592834866958728682e-02,4.151374288992071802e-03
2.499939920820311023e-01,2.982661344177154894e-01,6.134916054745671588e-01,3.677915057551011113e-01,1.000000000000000000e+00,2.655243317945760184e-01,1.207101896152877329e-01,2.109035248008321317e-01,2.391393102442521401e-01,1.222444117540466418e-01,2.517026855422891951e-01,5.778835383828516414e-02,-2.134853691036641549e-02,-8.366519605591427045e-02,4.570560101901402494e-02,2.559708997227770275e-02,-5.629542414589724930e-02,-1.012896590096093868e-01,-5.712920357177248519e-03,6.479285405256821062e-02,-2.848550860729031145e-02,6.503172873037284252e-02,9.522626642697934116e-03,-3.995637074079116252e-02,4.906278059283599585e-02,-1.198886063010590371e-02,-1.609689776394985367e-02,7.264147489084804218e-03,8.260954065154946582e-03,2.261679889983484425e-03,1.194499342183745830e-02,2.047889705224933271e-02,2.285582615409600948e-02,-4.540539732151184851e-03,1.385800748801568200e-02,-1.262714776782676920e-02,-1.527391821624779836e-02,-3.582773349946410252e-02,-1.255323707172940027e-02,-1.069543785466568232e-02,-1.849778279115572160e-02,-3.373878118023149186e-02,-4.108144103755647508e-02,-3.069792854079152894e-02,-5.527246287130533958e-04,-7.858542322506026703e-03,-3.780502144066013454e-02,1.380908261710340167e-02,4.326591350240988759e-02,-4.747031975276550658e-02,-2.968170627497709532e-02,1.764331036793072988e-02,-3.863828243409415247e-02,-6.959405434862894757e-02,-2.939413463714385041e-02,-1.450281425100059460e-02,-7.789218988934874625e-03,-1.487990481601729129e-02,3.408000400772802536e-03,8.792528180322332562e-03,-1.710736199956763848e-02,4.246416707321790801e-03,-5.523067232421549448e-03,1.448376125727162712e-02,9.033330831599137647e-03,-1.702782956159188191e-02,-2.684729850396148313e-03,2.213667596531035744e-02,4.592931591431066024e-02,-4.033677512182426948e-03,1.945893450790334850e-02
9.332354621772098735e-02,8.348018859651858137e-02,2.081436030547108573e-01,2.802903864894494279e-01,2.655243317945760184e-01,1.000000000000000000e+00,3.357108509589364354e-01,1.459930234058796628e-01,1.290129356811219874e-01,3.123532599685088090e-02,6.542082957127888510e-02,6.844479371265951850e-02,6.778777301712660130e-02,-5.109832862166104744e-02,-3.886129676517401099e-02,-1.975649121608701389e-02,-6.599623290691701560e-02,-2.524302141499268001e-02,-2.710365649443270339e-02,3.098780069608365884e-02,2.738930723869701170e-02,5.572845973334855652e-02,8.898021914934990673e-02,3.994217637985978927e-04,6.296151490529151851e-02,5.323091517247866347e-03,4.947148522541899851e-02,5.218992395851711902e-02,3.940537791000625623e-02,4.013401866815263785e-02,4.197152781727853804e-02,9.240459181959702339e-02,5.336793866388523516e-02,6.645707082473864546e-02,4.484007151702437688e-02,3.238377712069660797e-02,6.150041029390164102e-03,1.086609011171393337e-02,-1.713282532853623854e-03,-3.996503471327638585e-03,-2.438941775846003093e-02,-7.063314522066287127e-03,-2.029236382753063506e-02,3.032936380893716489e-04,-2.157317804813374540e-02,-3.344109255025064231e-02,-2.041638716839801887e-02,-2.542993418962655183e-02,-1.404604248730541467e-02,-3.331145633228475150e-02,-4.888676165491224676e-03,-2.167868613931141566e-02,-4.193770536723034903e-02,-7.314565482193761958e-02,-3.246634922689202452e-02,-3.779132726728270247e-02,-6.654881241957835702e-02,-5.104483163491775610e-02,-6.415456884167025642e-02,-5.675642229249782539e-02,-7.672351016868869666e-02,-1.577637979631274501e-02,-1.503018971982236253e-02,1.935095965106381488e-02,3.539675136152143492e-02,1.322393220023056551e-02,8.349229383437498098e-02,-1.931684958978595670e-02,1.469610060934726029e-02,2.234097286021366740e-04,-1.891910206818309776e-03
1.595896647871724097e-02,2.076244252854804462e-02,9.509133054316548650e-02,9.142019620263346080e-02,1.207101896152877329e-01,3.357108509589364354e-01,1.000000000000000000e+00,3.298642415900054914e-01,2.530626578960652462e-01,2.360065824646367105e-01,1.254214480778780838e-01,1.556874656269973956e-01,6.661142466757793978e-02,6.666878116938701471e-02,9.949927694275342849e-02,9.162340818216441196e-02,3.169747841734720656e-02,-3.562258838018723256e-02,6.367375336033115341e-02,-3.496913407360499604e-02,-7.379780567942108294e-02,-3.888615428559161202e-02,-2.907787088132357534e-02,-9.027205679561298157e-02,-7.382201475113209233e-02,-6.293573491290151145e-02,-2.681404391954879396e-02,-5.199494977139333673e-02,-5.148477905885051609e-02,-3.983330414507284256e-02,-2.032562052967099367e-02,1.561445412145257700e-02,-1.180699060032812733e-02,1.664286068885952735e-02,-1.937672807539703819e-03,1.088156729765734666e-02,-1.507713000667835167e-02,3.735902696468061755e-03,-1.317618218279559446e-02,-1.614266016093057407e-02,2.949055454524411937e-02,1.946921329435475538e-04,8.377216746686183199e-04,3.603043840428198780e-02,-6.321901544473573428e-03,3.727767185848025223e-03,1.858420207379186256e-02,1.338423862057346557e-02,-1.633114606688296222e-02,-3.070234630397520453e-02,-2.091899634229052451e-02,9.569838942158450865e-03,-1.321286751824913945e-02,-2.381848876970525664e-02,-2.350418647054635518e-02,1.060430347903099611e-02,8.377534873215429501e-03,-8.858723730066339619e-03,2.726140693279183874e-02,-2.674178295327203636e-02,8.252598911278037717e-04,3.768488124029094333e-02,6.000405262055533845e-02,6.808698128465077992e-02,7.266371623679587777e-02,3.132344931800138538e-02,1.121884023525212409e-02,1.586282550552554557e-02,4.890898990328605006e-02,3.647024043570289836e-02,1.287589233368992281e-02
3.074885693798955558e-02,5.317971962961005189e-02,1.100440871260589815e-01,3.164082347736298009e-03,2.109035248008321317e-01,1.459930234058796628e-01,3.298642415900054914e-01,1.000000000000000000e+00,4.388729643838806260e-01,4.818080998005924709e-01,4.383009854647488268e-01,2.364452394368648513e-01,-2.716952575653114321e-02,3.106779267938611019e-03,1.853308979221801600e-01,8.137801992450564847e-02,-1.747174463156106819e-02,-1.188509234470690040e-01,1.244631521281684278e-01,7.317325480380859615e-02,-7.774302485687188680e-02,2.605341156761660504e-02,3.008033250469438133e-02,-8.745898573549990007e-02,4.440179315828384626e-02,-1.988419109982685756e-02,-1.921063512337774226e-02,1.572326306726351541e-02,-1.960740295067137096e-02,-1.712936767124545109e-02,-3.041585525164500203e-02,2.030866782675275813e-03,-3.083707754149933242e-02,-5.573519171492840631e-03,4.145826222099298179e-03,-8.324831735145813566e-03,-2.682957932167429060e-02,-2.121547238423479240e-02,-3.892270632474464920e-02,-6.027715446924628712e-02,-3.189094476373950660e-02,-7.797577582508176397e-02,-2.076023415218608212e-02,-1.518096534899938260e-02,-3.972628234861243918e-02,1.238117997133061574e-02,-1.665033557219639318e-02,6.489264103408726170e-02,-2.074357425339263400e-02,-8.647156390902671630e-02,-5.083279098456222611e-02,-1.101122840943011792e-02,-5.225052296723973339e-02,-5.566037242450044831e-02,2.759161701489722465e-02,8.212504696367774193e-02,1.908994057685841489e-02,6.054040929046205360e-02,3.776831194019738408e-02,1.498665702444553806e-02,4.874289944526559448e-02,8.638530257511568833e-02,4.545184812924776829e-02,5.299068453452793204e-02,5.187067661639582772e-02,6.722690636300229436e-03,-4.102086434268886923e-03,3.775655469638253964e-02,8.209039362879834434e-02,4.967801170845061176e-02,3.873142615030355368e-02
1.253840083087634782e-01,1.484407574980615707e-01,1.679993803229651306e-01,1.891398502277069349e-01,2.391393102442521401e-01,1.290129356811219874e-01,2.530626578960652462e-01,4.388729643838806260e-01,1.000000000000000000e+00,3.324231362464551975e-01,3.478603856120935922e-01,2.134303889097214080e-01,9.547132261132372510e-02,-2.918529997814114929e-02,7.496980890680109144e-02,1.333825084099806157e-01,-1.361723426486473598e-01,-2.330909060203899541e-01,-8.384135496606553994e-02,3.746677705823839993e-02,-5.884122831795066122e-02,1.142732151876455909e-01,-8.021018720219302844e-02,-7.999004770420316268e-02,9.395548948373409412e-03,-9.980676770782746787e-02,-2.734320208894144844e-02,-9.775520245249116370e-04,-4.249913134196045550e-02,-1.588805090839259804e-02,-2.927088585520781078e-02,2.435544999728102289e-02,-1.708653312981268241e-02,3.275205071185999239e-02,1.796259810396809312e-04,1.156992851446318402e-02,-2.161790960718896169e-03,1.454438123602337521e-03,-8.790185886604165791e-03,-1.688925540243940357e-02,6.701276248352605776e-03,-2.966952406179469356e-02,-9.608112902036702527e-03,-2.364065029798291181e-02,-2.030457064572052314e-02,-2.304939027693652179e-02,-5.248992816982149534e-02,3.877078289102222491e-02,8.227878252508204551e-03,-3.393483743053684470e-02,-1.024769792758979843e-02,-4.249736026381313418e-03,-2.298616443037296980e-02,-2.517514608642890117e-02,3.249079786641623918e-02,4.113808128092315275e-02,2.280440525558587173e-02,1.874131229795316517e-02,7.625983682002657714e-03,-1.237623491431987660e-02,-1.038658137088096546e-02,5.029137184027705071e-02,3.923291673214417130e-02,-6.928499875625967856e-03,4.671463803229383704e-02,2.787674740177623067e-02,-7.243707863171720829e-02,1.771289695694322573e-03,5.088011102172051298e-02,1.053977213201998282e-02,-2.962425637088163342e-03
-1.857854611482354090e-02,2.002132881758266272e-02,1.544026920197205666e-02,-1.935495629553989419e-02,1.222444117540466418e-01,3.123532599685088090e-02,2.360065824646367105e-01,4.818080998005924709e-01,3.324231362464551975e-01,1.000000000000000000e+00,4.542748367083433436e-01,5.749635708062926787e-01,2.200343350698582834e-01,1.720325831507132086e-01,2.730707704619044218e-01,2.332557101630028940e-01,5.725560132918185857e-02,-1.118291643340288827e-01,2.920532651163935955e-02,-8.606967865424200448e-02,-1.821928641804458626e-01,-7.917325507667175022e-02,-1.412486071714073310e-01,-2.043681745814741879e-01,-1.418979534349300020e-01,-1.368065988095091279e-01,-1.075780184438721587e-01,-8.368044410354186224e-02,-8.503935773865012315e-02,-7.477928318106316641e-02,-5.986743122839982556e-02,-2.220550369707080182e-02,-4.915544946797911763e-02,2.432209286379738780e-03,-3.571838247983014081e-02,8.246844989950435564e-03,2.309051760897795191e-03,-6.680124147295537704e-03,3.817666100442213516e-03,9.644448085720701280e-03,3.815931054298804873e-03,-6.275564172881734071e-02,-5.116066578743537312e-03,-1.086097545953776389e-02,-1.957360253100386832e-02,-9.383751919626818344e-04,-2.940589961286023055e-02,3.918841894030809098e-02,-8.200000745016079035e-03,-2.885693185729811677e-02,-3.775004569579220454e-02,-3.076338859820077973e-02,3.251824971128796683e-03,-1.182178294337531653e-02,1.860390196688605988e-02,1.040473790165363233e-01,5.132815350248117608e-02,5.463188544551422776e-02,2.185198082855890900e-02,1.542468674343772279e-02,8.524313685101621296e-02,9.166218976218727665e-02,7.673842159204774527e-02,4.277765898932981564e-02,9.127847353021849297e-02,8.161461474035888730e-02,-3.164459765768319090e-03,3.703272432578701839e-02,7.265175215078496784e-02,4.055993804357154592e-02,1.813341856084039680e-02
5.155750355948447716e-02,9.407996849032458642e-02,1.504257265454263248e-01,4.843468270224517841e-02,2.517026855422891951e-01,6.542082957127888510e-02,1.254214480778780838e-01,4.383009854647488268e-01,3.478603856120935922e-01,4.542748367083433436e-01,1.000000000000000000e+00,2.490081343196222097e-01,-1.749944570241138142e-02,-8.879537405820993323e-02,1.366782862475906524e-01,1.141494354521685045e-01,-5.332541178433101992e-02,-1.990907093049994192e-01,4.274108859801040161e-02,1.100866830975668342e-01,-5.366189807608351403e-02,7.031750197391009594e-02,5.101022650724663238e-02,-9.865593721383864034e-02,7.683319710424467430e-02,-9.739351442933698658e-03,-8.222351656897190428e-03,4.546339790689728905e-02,2.786679808152986611e-03,2.250025398651659542e-02,-2.210787011191406998e-02,2.810775990780736353e-02,-5.687451883487091263e-03,1.210935426832649743e-02,2.309513800716655324e-02,-1.719571151069509973e-02,-9.746381295703376857e-03,-5.985818490573165118e-02,-4.195871063946873813e-02,-5.420301095234266592e-02,-2.985586770392894065e-02,-8.284981983853084708e-02,-4.842307916700379355e-02,-5.781931203926091861e-02,-3.587730528646679296e-02,-1.249046912403861676e-02,-7.890858710286002831e-02,3.080419482974159837e-02,-7.907952518923873700e-03,-8.354943003374075416e-02,-3.904805198090964546e-02,-2.744343860026053281e-02,-5.524208762766022462e-02,-2.311648464810602682e-02,4.412056282688736619e-02,5.563619838571195325e-02,6.609063678312742871e-04,4.475053458961514991e-02,1.577530304197731839e-02,1.089224584489931896e-02,4.833683709377517568e-02,1.015966172277814605e-01,7.118479797783554275e-02,8.086261496780647318e-02,6.622685045426528194e-02,-2.702300244718961256e-02,5.134991060753333128e-03,4.196831298249541209e-02,7.267909128703645139e-02,4.473003196449788776e-02,2.964672782174157181e-02
-3.008656979523207167e-02,4.969409715182808852e-05,-2.631948461397959002e-02,-2.765862199548516174e-03,5.778835383828516414e-02,6.844479371265951850e-02,1.556874656269973956e-01,2.364452394368648513e-01,2.134303889097214080e-01,5.749635708062926787e-01,2.490081343196222097e-01,1.000000000000000000e+00,3.882798918940953969e-01,2.241022199045527019e-01,2.074772744738764829e-01,2.336385720046701697e-01,3.350358858176642751e-02,-9.255574339387441507e-02,-4.925573746968520128e-02,-1.137376191295316336e-01,-1.865191786660597983e-01,-6.984507058443485683e-02,-1.864490616156222469e-01,-1.852653113104071325e-01,-1.472249709002288465e-01,-1.699510040800559507e-01,-9.286228299342516590e-02,-9.391327556774023422e-02,-8.524058933565736851e-02,-7.620830655714982971e-02,-4.373017810225794666e-02,-3.455849983660060944e-03,-2.477393074494036243e-02,2.613640157290098021e-02,-2.361741065023390332e-02,1.900836956781847345e-02,1.865642766603887656e-02,3.713322859522871083e-02,3.348019459639314799e-02,3.894602833285812360e-02,1.883602353295513523e-02,-2.634516782144007835e-02,1.811577827819862291e-02,1.230399806438453592e-02,-7.415909790546054876e-03,-1.347842457983923492e-02,-2.128959162059572766e-02,3.217503674151947490e-02,2.745285162800459615e-04,-1.633779072759068696e-02,-2.479220787690298439e-02,-2.041630114735391160e-02,-7.931438164437832131e-03,-2.438365451626543518e-03,-8.193470875164348549e-03,7.158290857949992092e-02,2.162138941623353156e-02,1.386953869646224795e-02,-6.817297317697086460e-03,-1.297416571549139981e-02,5.938841358708076001e-02,6.259347036073763249e-02,5.791674075807588112e-02,4.502031954227082161e-02,9.744256195769661344e-02,9.308570474517974258e-02,-1.585209306290773223e-02,1.808276384514215587e-02,3.929557546601979146e-02,1.583861878498753770e-03,-1.801449386815649409e-02
-2.411674924584342877e-02,-4.409182525677154268e-02,-4.548077519785444917e-02,3.695200075774231121e-03,-2.134853691036641549e-02,6.778777301712660130e-02,6.661142466757793978e-02,-2.716952575653114321e-02,9.547132261132372510e-02,2.200343350698582834e-01,-1.749944570241138142e-02,3.882798918940953969e-01,1.000000000000000000e+00,3.135800387062920302e-01,1.242094774180257238e-01,2.345984733179224679e-01,2.715928053357082039e-02,-4.185827072975947805e-02,-1.134816451607965210e-01,-1.533414531162058114e-01,-1.260326460530604431e-01,-5.673384169201635407e-02,-2.037239836218242006e-01,-9.150548084953259720e-02,-1.712193638575165711e-01,-1.733457403150289178e-01,-6.610257374455322243e-02,-9.817855276149976829e-02,-7.601490527946758169e-02,-5.314507231232601381e-02,-9.152847571278478062e-03,-3.563295817982250688e-03,-8.294483214167739163e-03,2.432139078268354127e-02,-4.759036428073769483e-03,2.269229338302056545e-02,-2.297356515739093497e-02,3.654792626472350148e-02,4.368728911219661032e-02,2.478511843585737284e-02,1.784338115788068613e-02,7.728158025009515021e-03,1.818043833589722685e-02,3.394533231358731751e-02,6.164565183888107321e-03,-3.051531325350389373e-02,6.746630995153285286e-03,-1.444397689146490783e-02,-2.329893782685808420e-02,5.642837840182763146e-03,1.595433023095958573e-03,2.439864278987336974e-02,2.618405327066381655e-02,2.214077313543311165e-02,1.699325432030755409e-02,4.272369640020729636e-02,1.816533467983256003e-02,-1.405202782246609168e-02,-2.853591746335014390e-02,-4.023526624329785972e-02,1.859898504294234430e-03,3.995147484591390907e-02,4.846955908318349021e-02,-2.026934641424058166e-03,7.981109427853851079e-02,1.297281693038910000e-01,-3.195036682843771167e-03,-1.930909399100094737e-02,-1.064950207420376112e-02,-2.804708588074556960e-02,-4.306811875123106592e-02
-4.191020903272121845e-02,-5.840222913480228040e-02,-8.098982362918653866e-02,-8.910304381923296602e-02,-8.366519605591427045e-02,-5.109832862166104744e-02,6.666878116938701471e-02,3.106779267938611019e-03,-2.918529997814114929e-02,1.720325831507132086e-01,-8.879537405820993323e-02,2.241022199045527019e-01,3.135800387062920302e-01,1.000000000000000000e+00,4.312547347832628164e-01,4.450204403355186300e-01,3.586302670827700156e-01,1.766740675757287882e-01,1.776434166289377059e-01,-1.001816200548159147e-01,-1.358884479153120439e-02,-1.444344309560871842e-01,-1.808091602405196285e-01,-1.294896628336071609e-02,-1.911833834334832338e-01,-9.785761146724789028e-02,-4.363986403542762654e-02,-1.268503966232128743e-01,-5.438108178983456359e-02,-7.880527140455240165e-02,-2.287956825906536235e-02,-5.268934591788802801e-02,-3.398568701627971422e-02,-1.606790332211267130e-02,-8.376742785077946618e-02,-1.151728414299746069e-03,-3.174023983315863578e-02,4.265400097012840563e-02,4.179078008821715540e-02,3.005851115592183403e-02,2.638621574319217553e-02,9.552572827631744881e-03,3.871862152834967818e-02,3.320849263847670818e-02,7.958351621843719539e-03,-3.617921184447757399e-02,3.600550098450117087e-02,3.714396550831580886e-03,9.772313801103266542e-03,4.236426708522002260e-02,8.591215097236070894e-03,3.011678738035441713e-02,4.586065921551803898e-02,1.208768818044190715e-02,1.243542019800097757e-02,9.557240064913179178e-02,4.942937717698402816e-02,4.294665670841517346e-02,-1.378912755411578275e-02,1.660230793378562192e-02,2.754549926925509151e-02,7.656787665101813002e-03,1.918958088757176383e-02,2.301511859734622217e-02,9.628992501154857997e-02,1.446865934046142887e-01,-3.428209933478659766e-02,3.402541430010288387e-02,5.019097216988740312e-02,9.063402210123671851e-03,9.925221608658697792e-03
1.360795428814131052e-03,-2.176482215566769365e-02,5.067791857574882944e-03,-7.029666211145728372e-02,4.570560101901402494e-02,-3.886129676517401099e-02,9.949927694275342849e-02,1.853308979221801600e-01,7.496980890680109144e-02,2.730707704619044218e-01,1.366782862475906524e-01,2.074772744738764829e-01,1.242094774180257238e-01,4.312547347832628164e-01,1.000000000000000000e+00,3.433329578689082728e-01,2.899293492216041823e-01,-2.460163169134099714e-02,2.740532597485288990e-01,-5.334567150701991639e-02,-1.383302341092367826e-01,-1.621013189132903543e-01,-1.057837762684753630e-01,-1.344018952530864897e-01,-1.307110253362142871e-01,-7.402126285054118349e-02,-7.729225969575287403e-02,-6.466238155953969724e-02,-5.517650238285748410e-02,-4.851514011881559452e-02,-4.438234586491229816e-02,-1.102950215379979414e-02,4.599098362411391076e-03,4.883754168559787355e-03,-3.566762561281566074e-02,-1.228888924501828940e-02,-2.218475025039136003e-02,1.050630478532469173e-02,-2.604364584994250248e-02,-3.716005558814436394e-02,-1.259844808791220176e-02,-2.396033699738422257e-02,-2.610787741724127781e-02,-5.028420317371814184e-03,3.910768903881606078e-03,-2.622233841919616518e-02,-2.055686333967899487e-02,3.437905538642799935e-02,1.382039415897323015e-02,-4.399526981561059646e-02,-4.301232145971947002e-02,-1.135799153344645412e-03,-8.341061001813735235e-03,-1.275855709630848746e-02,-6.764512234444100720e-03,8.247930684974884297e-02,1.539279820880867095e-02,5.402466636836118080e-02,-3.035237242969526100e-02,1.148467072999534259e-02,8.481965873624637553e-02,9.746771305229774696e-02,5.150693260434646009e-02,5.261209884407170440e-02,4.323133565682984319e-02,3.287113414573290815e-02,-1.456333767373120102e-03,3.596187599614436570e-02,7.574429143499900041e-02,5.711666465456288755e-02,3.689670530200511722e-02
-6.614135499061397395e-04,-2.178306013774263927e-03,-6.886125071186671677e-04,-3.250425678629182552e-02,2.559708997227770275e-02,-1.975649121608701389e-02,9.162340818216441196e-02,8.137801992450564847e-02,1.333825084099806157e-01,2.332557101630028940e-01,1.141494354521685045e-01,2.336385720046701697e-01,2.345984733179224679e-01,4.450204403355186300e-01,3.433329578689082728e-01,1.000000000000000000e+00,6.012679449474091914e-02,-2.100457833101627148e-01,8.450996718187610626e-03,-6.030842566506975505e-02,-1.196980591638786701e-01,-6.339404792387660914e-02,-2.222498170858558386e-01,-1.130383511563868570e-01,-2.061276955374387321e-01,-1.762945041716726391e-01,-7.919180847833633130e-02,-1.287226262126295595e-01,-1.050564159763022754e-01,-8.016044875276112647e-02,-7.260221634773272870e-02,-3.145672323756842220e-02,-1.950412612298584383e-02,2.895933038738651710e-02,-5.358503313817805647e-03,3.343019276988314775e-02,-7.341412388920422194e-04,3.057525817953784392e-02,2.602360668995219728e-02,2.363384994319122842e-02,4.814183952190335958e-02,4.613549377254518025e-02,3.389581439575638233e-02,1.096101017953288875e-02,1.352652000776305603e-02,1.266343851482993992e-02,2.127443707612356252e-02,1.022137709795688937e-02,-1.318360832053262419e-03,7.529206665099280431e-03,-6.480845070437807331e-03,1.399818959140532171e-02,5.540729071124972371e-02,2.398333487742227571e-02,3.270506591021505455e-02,7.688812534456003489e-02,3.470024009489969252e-02,4.492881180188877666e-02,-2.627772964743657277e-02,3.602331124150747691e-03,2.109543410495475640e-02,5.390913791624767082e-02,5.896958531571680484e-02,1.936270959740199775e-03,7.197637858177319270e-02,1.163013285217657511e-01,-3.494443429338677659e-02,1.279407973500372442e-02,5.831147487119043432e-02,1.142768432055041826e-02,-1.768343587367712105e-02
-2.966494946208044284e-02,-5.265085744723405070e-02,-4.086914589528305858e-02,-8.558710027268784382e-02,-5.629542414589724930e-02,-6.599623290691701560e-02,3.169747841734720656e-02,-1.747174463156106819e-02,-1.361723426486473598e-01,5.725560132918185857e-02,-5.332541178433101992e-02,3.350358858176642751e-02,2.715928053357082039e-02,3.586302670827700156e-01,2.899293492216041823e-01,6.012679449474091914e-02,1.000000000000000000e+00,3.467836833769543103e-01,2.402531623326526200e-01,5.925177713846636884e-02,8.010691877361178492e-02,-4.115415046559885159e-02,6.613026249201849407e-03,4.948933877153983973e-02,-4.282777911947487776e-02,5.043604446783364614e-02,6.577019160961016138e-03,-4.665278892425255702e-02,1.140203162467793956e-02,-3.023345588056823574e-02,3.034663327055232666e-03,-7.190640251801873328e-02,-9.034382033685521909e-03,-8.466399453038747636e-02,-8.965007050790022025e-02,-3.590646500417279258e-02,-3.667746686214841401e-02,-2.516649274476609466e-02,-3.756016307881287347e-02,-2.633786581700042068e-02,-1.562704578039537592e-02,-3.201927040801923890e-02,-3.790988791323691987e-02,-6.175389155065105773e-02,-9.492945849854429047e-03,-8.700479267180345755e-02,-7.710664940057235239e-02,-2.734387425805974089e-02,2.494003629112776649e-02,1.023992469880508592e-02,6.767606520816578895e-03,6.315575735719181245e-03,1.274800663862594129e-02,3.254669086174506037e-02,2.869630473350606378e-02,6.816090712730900336e-02,5.419219201667820063e-02,7.979278437730126516e-02,4.391313994016818323e-02,7.736196494138287971e-02,7.735464859472032662e-02,2.757585541659618531e-03,-3.673642831734128585e-03,5.223215626291678043e-02,3.313869512697979747e-02,5.026735266105041705e-02,1.217918946498077089e-02,8.901424174535019218e-02,8.035877022244967971e-02,7.930123874877084700e-02,5.794137625405836739e-02
-4.034644986596024746e-02,-6.664757910771314242e-02,-6.459448182121380055e-02,-5.457955719674765366e-02,-1.012896590096093868e-01,-2.524302141499268001e-02,-3.562258838018723256e-02,-1.188509234470690040e-01,-2.330909060203899541e-01,-1.118291643340288827e-01,-1.990907093049994192e-01,-9.255574339387441507e-02,-4.185827072975947805e-02,1.766740675757287882e-01,-2.460163169134099714e-02,-2.100457833101627148e-01,3.467836833769543103e-01,1.000000000000000000e+00,1.836025719336148165e-01,-1.651323000704287697e-02,2.712136644483167380e-01,-5.219076929076044841e-03,1.192094725784762776e-01,1.885466656521357920e-01,6.852234719626425219e-02,1.571454309803203275e-01,1.093612158238050636e-01,5.350085918485194408e-02,9.465598354832036043e-02,5.733382092594297569e-02,7.032811053516148381e-02,-4.207623792960008685e-02,-9.867524328038959625e-03,-4.493469398011488286e-02,-4.289560971917064092e-02,9.282544956699311997e-03,-1.902791029975628781e-02,4.303918518407110622e-02,3.166299958426946337e-02,-2.086390111440791784e-02,-1.305674959666649169e-02,-5.664625346809011152e-04,-8.894512915813149526e-03,-1.562590052440729002e-02,-3.619750530353264828e-02,-6.577010496904225900e-02,1.052176245734152103e-02,-3.502228541664579448e-02,-1.734231869386312561e-02,3.914733347578435579e-02,2.415455529010189853e-02,-3.451415293026246361e-02,1.103160255232179046e-02,-1.657165906040398637e-02,7.349245754089970932e-03,-7.812066855967852476e-03,-2.279103287093754357e-03,-2.551245814380528019e-03,1.057796044303526729e-02,1.864405788938805833e-02,-1.433557410764780930e-02,-3.397756953765184579e-02,-3.219670547019926055e-02,-8.167729541296707418e-03,-2.538051336016583157e-02,1.603198716072829248e-04,-8.041142178316459943e-03,1.233508550865399997e-02,-1.423453670032162090e-02,1.520266514846493541e-02,1.006957349316757802e-02
-2.162591503290323212e-03,-2.080509269908843023e-02,6.593231932675107897e-03,-6.848003476154451707e-02,-5.712920357177248519e-03,-2.710365649443270339e-02,6.367375336033115341e-02,1.244631521281684278e-01,-8.384135496606553994e-02,2.920532651163935955e-02,4.274108859801040161e-02,-4.925573746968520128e-02,-1.134816451607965210e-01,1.776434166289377059e-01,2.740532597485288990e-01,8.450996718187610626e-03,2.402531623326526200e-01,1.836025719336148165e-01,1.000000000000000000e+00,1.510291977385547768e-01,1.034712444526800779e-01,-3.800358175519439469e-02,1.303467437776409388e-01,3.960138822800036290e-02,7.077926418049924895e-02,1.204811879801116481e-01,6.401037516572058439e-02,3.009071866202041659e-02,7.236659634210514114e-02,3.505254538133228959e-02,3.284343039202843734e-02,2.158141434258172703e-02,3.049543349742649817e-02,-3.816461135317833053e-03,4.793750997041488701e-03,-2.260130143266168845e-02,-2.429440461222179271e-02,-7.785560719731347834e-03,-1.760789960666490211e-02,-5.720045418299651158e-02,-3.876535465151629417e-02,-4.960775422925362693e-02,-3.226805806578660063e-02,-2.820190849613773976e-02,-3.895141428176467774e-02,-4.550194052057451866e-02,-4.571341952037073775e-03,-5.819466870103982489e-03,-2.286037195216126042e-02,-3.346926276192813826e-02,-7.007176242393210741e-02,-3.927800963944074603e-02,-4.228383188509289570e-02,-4.012644144641234339e-02,-4.221584942383246192e-02,1.377464087826476028e-03,-1.715629514259647131e-02,2.101377379999519457e-03,-2.121809111547566171e-02,3.486464271761631484e-02,4.392372905913394243e-02,2.000625892052761839e-02,-1.454950044803516272e-02,4.972769879434173201e-02,2.438028638848602561e-02,-1.507989618787998302e-02,1.731477608520114869e-02,3.753567325271259247e-02,2.606104627988419312e-02,4.972343576499532736e-02,5.024449909622731580e-02
8.175690288564496644e-02,7.962982320156145044e-02,8.984779792480403204e-02,7.352986359201502120e-02,6.479285405256821062e-02,3.098780069608365884e-02,-3.496913407360499604e-02,7.317325480380859615e-02,3.746677705823839993e-02,-8.606967865424200448e-02,1.100866830975668342e-01,-1.137376191295316336e-01,-1.533414531162058114e-01,-1.001816200548159147e-01,-5.334567150701991639e-02,-6.030842566506975505e-02,5.925177713846636884e-02,-1.651323000704287697e-02,1.510291977385547768e-01,1.000000000000000000e+00,4.266767339573949713e-01,5.773637766645042246e-01,3.841517229587697591e-01,2.701624405679219909e-01,3.799083640459453015e-01,2.805924576377136215e-01,2.207212856941965506e-01,1.856566544945926767e-01,1.763342348085599198e-01,1.742808267323544547e-01,9.996938154666633325e-02,5.433430965181047095e-02,8.639658179030745844e-02,-3.401346304409073873e-02,2.307854284582968457e-02,-3.932136170269987657e-02,-1.888130852466288201e-02,-4.681873978965704619e-02,-5.367725780188904033e-02,-6.751542439592689293e-02,-5.933502120893215104e-02,-8.340653287141293337e-02,-4.873950950347851613e-02,-1.059631175240365042e-01,-5.428352372470476861e-02,-5.463438780679245876e-02,-8.760844210904127072e-02,-1.291625508957307961e-02,-3.901108727224332495e-02,-1.775518644624789547e-02,-4.897780692686518056e-02,-4.591770803554196673e-02,-4.769769966728198973e-02,-4.549586215214410090e-02,-2.547630009576816457e-02,-6.013239653461603662e-02,-6.810272978879727823e-02,-2.260121815742843418e-02,-3.701453605016886972e-02,3.798972637652863610e-02,-8.135915105088351029e-02,-6.267384234587132508e-02,-6.790836118545001687e-02,-3.281378092841938376e-02,-3.340887561487814600e-02,-4.372728210809023741e-02,-3.638767660011883037e-03,-2.971862270155511705e-03,2.182686695147933315e-02,1.450453629800626783e-03,-1.363901587621405530e-02
2.747889476634326339e-02,2.035798090788243364e-02,1.777436713619447856e-02,3.501712562620221125e-02,-2.848550860729031145e-02,2.738930723869701170e-02,-7.379780567942108294e-02,-7.774302485687188680e-02,-5.884122831795066122e-02,-1.821928641804458626e-01,-5.366189807608351403e-02,-1.865191786660597983e-01,-1.260326460530604431e-01,-1.358884479153120439e-02,-1.383302341092367826e-01,-1.196980591638786701e-01,8.010691877361178492e-02,2.712136644483167380e-01,1.034712444526800779e-01,4.266767339573949713e-01,1.000000000000000000e+00,4.193703987887593687e-01,4.395116106294412739e-01,4.705589906469055395e-01,3.824656546394585854e-01,3.569868371877112367e-01,3.357025249386993981e-01,2.077660316994920930e-01,2.220148002764173734e-01,1.981893256820115579e-01,1.216215797006970079e-01,5.871045331503277342e-02,6.969930198446348812e-02,-1.979728782043684715e-02,-9.099340134257534810e-03,-2.406200480951297196e-02,-1.906167577075345426e-02,-1.403822616262842202e-02,-4.629720095330309981e-02,-8.084532412717367056e-02,-7.039286966005253721e-02,-5.971272357874689990e-02,-4.407720175300922083e-02,-8.828884263317002268e-02,-7.505814934122373439e-02,-8.817491266199004030e-02,-8.816027615575226795e-02,-6.356061834577199365e-02,-5.106684799448782397e-02,3.004313719172666680e-02,-4.361087339223383361e-03,-4.378176720019157780e-02,-3.081877839117065643e-02,-4.826984340710167160e-02,3.110804671801048818e-02,-5.591900589182526027e-02,-7.074487465999323987e-02,8.479718875033779614e-04,-7.920874046991428774e-02,2.857703004202459540e-02,-1.270883823425182357e-01,-8.581970820302139979e-02,-1.064835595721816547e-01,-6.391992612336841462e-02,-3.725823715699880939e-02,-9.736461292381591234e-03,-5.322607487261201689e-04,-3.256949457101821627e-02,-2.149753243935721009e-02,-3.803534601164650086e-02,-2.021617861206631214e-02
7.075516722695854299e-02,6.640002860633877069e-02,9.252856557988059505e-02,1.176127536416117086e-01,6.503172873037284252e-02,5.572845973334855652e-02,-3.888615428559161202e-02,2.605341156761660504e-02,1.142732151876455909e-01,-7.917325507667175022e-02,7.031750197391009594e-02,-6.984507058443485683e-02,-5.673384169201635407e-02,-1.444344309560871842e-01,-1.621013189132903543e-01,-6.339404792387660914e-02,-4.115415046559885159e-02,-5.219076929076044841e-03,-3.800358175519439469e-02,5.773637766645042246e-01,4.193703987887593687e-01,1.000000000000000000e+00,3.090339804482700736e-01,3.304585835674611061e-01,3.795839021536916991e-01,2.140363346531013455e-01,2.546814971722886067e-01,2.112805001546824990e-01,1.799752009600240066e-01,1.999950349265806060e-01,1.209920551876025874e-01,7.241090829894511471e-02,7.397549530371551330e-02,-1.310477374007512109e-02,3.080272576502731188e-02,-3.913194864371028620e-02,-1.880614299938354606e-02,-2.676061165776706316e-02,-3.943750605604282033e-02,-7.252238254177414967e-02,-7.544537133881713820e-02,-7.600635030040438223e-02,-7.954636660400925263e-02,-1.209675302145339360e-01,-3.774694056458169356e-02,-6.023587260731883691e-02,-1.197231662881770714e-01,-1.044743564984372715e-02,-6.734407901405031760e-02,-1.144757942507162313e-02,-1.467607977079922639e-02,-5.658326094522775351e-02,-5.056041151338131617e-02,-4.017140947362950187e-02,1.382928843397032877e-02,-6.842076362451182669e-02,-7.941858272449789369e-02,-4.408314744380450317e-02,-4.862693627037623090e-02,4.781937974149087778e-02,-1.193354783505152922e-01,-7.226168233020097142e-02,-7.744103713920984233e-02,-6.440070466858738296e-02,-5.816690689464642725e-03,1.307299530615713655e-02,-2.937622860657848264e-02,-2.121859968733524893e-02,3.272163774699499150e-02,-1.737047347145874096e-02,-3.390197760983504338e-02
