1.000000000000000000e+00,3.105424001496205344e-01,2.337123812913030618e-01,1.276317479865739235e-01,1.622221887175733512e-01,1.321117303003934151e-01,1.525573831694774542e-02,8.430497600979780515e-02,3.389609076543397687e-02,5.778821446997582656e-02,6.564635047065454920e-02,1.844469039355396689e-02,8.820210133436342040e-03,3.094658145126070667e-02,-1.225891747752206641e-02,-4.660913375204110004e-03,6.774836310676657369e-02,4.181587817479120311e-02,2.388137937469411026e-02,3.237413281926321273e-02,1.801983614770556741e-02,1.358656935798814927e-02,-8.309540030918894857e-03,1.808125302358507686e-02,-3.615181646243194324e-02,2.333431870048454683e-03,5.599058607158563516e-03,-3.831658476015460668e-02,1.612400615567587125e-02,-2.208129917465823881e-03,-4.853132044913277543e-02,-4.913947822733970294e-02,-4.911008242407437219e-02,-7.163232364059322031e-04,-7.502791767753613783e-02,1.113741505240909736e-02,2.207624110366287681e-02,3.095347786669516710e-02,3.005617681807157271e-02,-1.432230143046892305e-03,-3.198062269251039647e-02,-5.584251921127847407e-02,-4.057601578288178718e-02,-9.596729549374152790e-02,-1.986920003123179845e-02,-2.513507920461434050e-02,-7.032864982331216153e-02,-3.459166693454100716e-02,-3.546296128992691699e-02,-4.076828990812209758e-02,-4.775353815754595360e-02,-6.468767094960067854e-02,-2.567915194134780602e-02,-2.869575213309399561e-02,3.085085355329869952e-02,-4.999968921560057206e-02,-5.294298180470132561e-04,5.683370918467322425e-02,-2.273514219298092623e-02,-3.970806367970121376e-02,3.774905073285706597e-02,3.776233995329023735e-02,-9.342771667311025596e-03,3.974821051312789344e-02,3.726293810380833238e-02,2.739549761259808119e-02,1.323194847258792571e-02,3.968551979196049267e-02,7.148534335381205584e-02,6.813191850407721017e-02,1.106037914882279510e-01,5.259157144102802328e-02,2.163660561349103895e-02,4.631383800263075279e-02,4.518153280048826936e-02,3.090403173030040543e-02,-9.655765902254441480e-03,1.775756938477262778e-02,-2.963660514246511599e-03,-2.807095889848339534e-02,-7.505547141459296100e-03,1.075224571345173227e-02,1.261630219504400637e-02,-8.868337914559733942e-03,3.181645172118491294e-02,-1.961502641110141054e-02,-7.423767028331465512e-02,-8.132170847617066142e-03,-1.213220017417657517e-02,-5.454324214701647411e-02,-5.788120387269109213e-02,-6.079020837902850138e-02,-2.305839362145983840e-02,3.849067914325766428e-03,-2.946003775083598855e-02,-2.704454736812981000e-02,1.754344834078993068e-02,-5.944696813813977326e-03,-2.111025330510003448e-02,-2.329397720432185848e-02,2.350493191371216470e-02,-2.466130847447039684e-02,-1.538972511521137856e-02,2.220498146054573560e-02,-1.966927729500032862e-02,1.370352346338115984e-04,2.423092157931538981e-02,6.025328501445820911e-02,1.211138049140655058e-02,6.111596015284612507e-03,1.584629362612829939e-02,1.086269266221331214e-02,-9.278033095313383688e-03,3.409393174878058708e-02,3.777629567060204058e-02,8.881614358262217290e-02,2.807564831348079160e-02,7.465748484387454975e-02,8.944001233270333640e-02,2.075815768604736752e-02,1.575344755566978477e-02,2.320880973378440862e-02,1.846625564006539738e-02,-6.029998204928412736e-03,1.059566831094520788e-02,3.131871827769258567e-03,3.772757930635207285e-02,-6.216125452298337968e-03,6.589646351848535769e-03,-3.304593516115621188e-02,-2.230695298069929403e-02,-4.624286651343661320e-02,-4.286298499270328050e-02,4.292645144219264450e-03,-2.292852480043192087e-02,-4.614031268070420411e-02,-3.233262514252613351e-02,-4.719218801275529285e-02,-2.775192915955838890e-02
3.105424001496205344e-01,1.000000000000000000e+00,4.882145616883171169e-01,5.197140521093567278e-01,3.042906518890067802e-01,2.509828768374760544e-01,1.390752136367295055e-01,9.535242305180093025e-02,6.931296399189558477e-02,-4.220019802375337380e-03,5.433846407551974622e-02,9.283003685020412010e-02,2.693760177285486890e-02,-1.011342543802302377e-03,5.250271952839398459e-03,-4.078881629642226725e-02,-2.054496531820506483e-02,3.957847346696473367e-02,3.270099472109392474e-02,6.665094632423988925e-04,3.227607092358635021e-02,-7.949162448670286929e-02,3.629991744238224988e-02,4.048820499076661444e-02,-1.925431351180323034e-02,-1.990854764166104934e-02,-1.820740363618665722e-03,-5.423936883773630008e-02,-1.895924393789926582e-02,-8.601117379696611095e-03,-2.982047202079179601e-02,-2.755056681968031523e-02,-8.311964557169283785e-02,1.688819336070620722e-02,8.597873385049983885e-03,4.607096610919023810e-02,5.419997595997796958e-02,5.495460897043245863e-02,6.697673568852413606e-02,2.529936853559075494e-02,6.344544763891918349e-02,-3.001144536174710220e-02,3.996080774799865704e-02,-5.258053456388595004e-02,3.435932626140768970e-02,1.948098086638863939e-03,-4.392925455080980146e-02,-4.737983778891913245e-02,2.334955608326007780e-04,-4.235253336047811040e-02,1.532358367500985009e-02,-2.490103058872627714e-02,1.221653644601428286e-02,-4.251317527927381268e-02,1.302938218417890211e-02,-6.316980940728449123e-02,-2.847037408135139405e-02,3.970910936008300446e-02,-4.712336063709844647e-02,-2.762279658713855460e-02,5.394751430714814916e-02,3.449701441894065940e-02,-3.737654675381735930e-02,-4.855486328526591351e-03,-3.526055606596683635e-03,-1.699351939406170547e-02,-1.352448193920047139e-03,-2.857295088601464420e-03,1.001642014638474791e-02,7.477648954539890813e-02,8.632862032245895711e-02,5.478337100319490005e-02,5.268815598822251811e-02,3.316545358578696506e-02,6.384338065400951834e-02,2.428662607302421381e-02,5.562863100778508985e-02,6.582611661318028828e-02,-1.925903881177865040e-02,-5.439907781336413006e-02,3.999377548710219415e-02,5.662105253544628958e-02,4.341221169367009969e-02,1.839186676199053598e-03,6.341476807481033484e-02,6.135289311779149046e-02,-4.149521052041311997e-02,1.137171024768454317e-02,5.467232211759150140e-02,3.028588199867243355e-02,-6.220396071211672928e-02,-3.364785170851711943e-02,5.793032893433048940e-03,3.235741211545128254e-02,1.478807405178938876e-02,8.058645003009585334e-03,9.507622408008646261e-03,5.407385541511612603e-02,-2.596553366195066340e-02,-1.550481997648927050e-03,7.971016355132589173e-03,-4.621911171211516567e-02,-1.291929078798683544e-02,-1.986674882124501995e-02,9.406566669220798454e-03,3.147500581222939520e-02,-4.016986998451479302e-02,3.336341313338433978e-02,2.529464713514277541e-02,2.637658126141513570e-02,6.719012283800838981e-02,2.392942205155192820e-02,3.216650956551234748e-04,5.528597377100477606e-02,2.770791912577512742e-02,6.550652947176538454e-02,-6.469387866377646068e-02,6.978006542188630590e-02,-4.434437758226085491e-02,-1.171793128863286848e-02,3.529667186827235847e-02,2.759650177641038375e-03,-3.087772199617353289e-02,-4.873669790261900975e-02,-2.242918985045487534e-02,-7.015293135154737625e-02,-2.323331904853392915e-02,-3.189038578449862604e-02,-9.931028510959373501e-02,-1.161322158537264476e-01,-1.093019331170268366e-01,-1.168155278584008805e-01,-4.732247122268436884e-02,-3.907105523884360498e-02,-5.351973549927870923e-03,2.489128771063076843e-03,-1.124877649811878433e-02,-2.245064757450954823e-02,3.137428006502337129e-03
2.337123812913030618e-01,4.882145616883171169e-01,1.000000000000000000e+00,3.338963191204502579e-01,3.329985036167366075e-01,3.045661953322339466e-01,1.373828142068541647e-01,3.860122243090086114e-02,5.591639054734089814e-02,7.510399500585647481e-02,2.285641261776817298e-02,-3.631040374002532812e-03,3.116939246820191883e-02,4.731674081910994950e-02,1.176526232128565115e-02,1.198886037851648774e-02,-1.206713545668013435e-02,2.129619756741233175e-02,2.632256725777808171e-02,4.815262369556983814e-03,6.024733021649763404e-02,-8.866227541388553568e-02,9.947522104331274831e-03,2.375411772209316125e-02,-2.921507454430216297e-02,-3.966755434139659225e-02,-1.006089702202488285e-02,-5.522407330382494289e-02,-5.930945857421220796e-02,-7.477622625272778607e-03,-2.162940326663107329e-02,-1.941979097735808263e-02,-7.434452931067847548e-02,1.436708846878617489e-02,1.682709821804715886e-02,4.614049812338492929e-02,9.315450976234014580e-02,5.991199702171513125e-02,1.765313827296220023e-02,-1.393372119678523875e-02,6.379562040064599981e-02,1.485583259655121752e-02,5.174642333374554481e-02,-4.468292728440375478e-02,3.092899818761300768e-02,2.787819075545610453e-02,1.383877951376247598e-02,1.383725314254396002e-02,1.367564735700440431e-02,4.448376253496819088e-02,1.004306663341626299e-01,3.035110325013640892e-02,1.281506170019658386e-01,-3.731244849851078627e-02,-5.957325642217826261e-02,-7.049496940068258888e-02,-5.434286193720355013e-02,-3.640705295036681527e-02,-1.295627242052175832e-01,1.081740008829236606e-02,8.442962210042086191e-02,-6.124664361680058622e-02,-1.288507007152793760e-01,-4.123528202703947987e-02,-1.459185198318152347e-02,-7.604694654265059528e-02,-1.864231740932858344e-02,-2.234774792085176751e-02,-1.285520100708695615e-02,5.949499455743951365e-02,4.325008811518691459e-02,6.633007039889496359e-02,7.089758372171046930e-02,3.853589830479200312e-02,9.838612247794456533e-02,3.153773233219819144e-02,3.793345778182377614e-02,3.441776266902318165e-02,-5.904314986311012814e-02,-3.538197837052260014e-02,7.105062080727685137e-02,6.324195149141544070e-02,8.220885007094905217e-02,1.369936103625622736e-02,5.920956597514829417e-02,1.138833186964411173e-02,-1.488526240942628955e-02,2.668794334552225880e-02,1.551367543834981759e-02,-5.488465278589978874e-03,-4.242584948960086144e-02,-8.196391929102728700e-04,-5.560990520269279945e-03,-1.031065537158949372e-02,2.702450554669938096e-02,-9.257610166809495246e-05,5.267367706486063457e-03,6.487831913129267492e-02,-3.226382671284624970e-02,-1.866079850034917803e-02,-2.615525458778583667e-02,-1.987578678467599724e-02,2.105715449557767419e-02,-6.931263153475075538e-03,3.312871927656451526e-02,3.875696248578134728e-03,-2.930581844969629493e-02,2.880884122450660945e-02,-4.638826967612542582e-03,3.642250455075200094e-02,6.761538427704902321e-02,1.386550692070013038e-02,2.944201119513893683e-02,1.729089074715356097e-02,3.406080971629416726e-02,7.800398524399139444e-02,-1.867557633327531635e-02,1.097458567718755801e-01,-1.763533822044413557e-02,3.304508355981651546e-02,1.966382987762754081e-02,1.416388775543326109e-02,-3.036890104880692748e-02,7.138777726250925080e-04,2.174900592240391894e-02,-3.922637427956078560e-02,-8.529557352381623991e-03,1.503320393713529143e-02,-6.860408098137782407e-02,-1.064988814441451270e-01,-9.294031165499203051e-02,-1.076462617662980042e-01,-6.201129269374534153e-02,-4.468014582133372076e-02,-1.752533406958021317e-02,-1.148783914649324778e-02,-2.492587850465148927e-02,-2.292351656400530568e-02,-9.080299463079121933e-03
1.276317479865739235e-01,5.197140521093567278e-01,3.338963191204502579e-01,1.000000000000000000e+00,3.043099830904489322e-01,2.933948450368134564e-01,2.640504703244916374e-01,1.129891592172470732e-01,1.833922351152244279e-01,2.048036351868512059e-02,4.197365194447166131e-02,1.352150685612387437e-01,9.283300118711855509e-02,4.615934900549815284e-02,7.686733830005734736e-02,-1.407604017810361839e-02,-7.019539034084618795e-03,5.415008880430308841e-02,8.387304306926533781e-02,4.508001734059417787e-02,3.947383350259750512e-02,-6.015167025835362752e-02,6.401429772583097644e-02,5.408667488069412999e-02,5.938626797884570714e-03,4.263803337529873880e-03,3.429066570915252632e-02,-3.133568537025002709e-02,-1.885201525366025574e-02,-1.661379050786182272e-03,-2.455190639466419203e-02,-2.434216093542899279e-02,-7.213677923107882084e-02,3.366541639651618456e-02,4.218623348239219917e-02,2.660467498959317653e-02,3.694272458480254984e-02,7.534012476675860936e-02,4.450677863088842168e-02,3.483600826858598842e-02,4.897657662278523394e-02,-1.565384169273835793e-02,1.285324672684036093e-02,-2.133499391799253617e-02,3.886268246634780321e-02,-1.373717034896356631e-02,-4.919334133538223741e-02,-1.002436291959998421e-01,-3.808367932771804243e-03,-5.051011524662548519e-02,-3.326395465001946890e-03,-4.374027400799652271e-02,-1.708609499231860882e-02,-3.211320130337189105e-02,2.648834880263461686e-02,-6.234173301047613025e-02,-1.403204711444012813e-02,5.327119597386125588e-02,-2.429981019764184541e-02,-4.433870221388938604e-02,3.528833942602408597e-02,5.502715916135265256e-02,-1.442958585105953533e-02,2.916113908807813526e-04,-1.052865129117118610e-02,-1.710039142503300136e-02,-1.160129914587170949e-02,-1.703625519479483319e-02,-3.078922209030234003e-02,7.220622207284241312e-02,7.462267378354359160e-02,1.994758415201183452e-02,3.593283752391623204e-02,3.020354589513420465e-02,3.572518814667984682e-02,2.343398747831706985e-02,5.658687871455195945e-02,7.282918501150061064e-02,-4.508634136530790398e-02,-6.281515477359862765e-02,5.016308034683922973e-02,6.829302492848689232e-02,4.216661260541593181e-02,8.073596609945842689e-03,7.731076055013262616e-02,9.117479773704290080e-02,-2.867275366183894003e-02,2.113568784491356642e-02,3.872463101373269101e-02,4.442400409008245843e-02,-2.625040864125152001e-02,-4.303234124380737879e-02,-1.198491723647198684e-03,-2.676059336558590188e-03,-1.661200243550986153e-02,1.896531184555729985e-02,1.941228587964918817e-02,6.256250978417232655e-02,1.692145716709959544e-02,1.069540017329333702e-02,-2.744487524488975136e-02,-6.959265149763688152e-02,-3.513618724948330829e-02,-9.156792781994677055e-02,-5.561476403780318302e-03,3.163952440020371959e-02,-3.030610018818179555e-02,3.007347460319176671e-02,3.518325068873776745e-02,3.377734506978129214e-02,5.648960425530427654e-02,2.556575534910280126e-02,-5.011004005460641120e-02,2.598877533409680446e-02,8.010505190491869904e-03,4.243150610527318678e-02,-7.999926452680448941e-02,5.395143974663222514e-02,-1.059176173697569390e-01,-4.308981373769558976e-02,3.324369097336264678e-02,-9.176038556672656832e-03,-2.828434995272161717e-02,-6.574327079440836497e-02,-1.079207700004507220e-02,-6.926013666942698599e-02,9.451696354897435107e-03,-1.992674307397260258e-02,-7.492571295056403569e-02,-1.060931457379656467e-01,-6.459065154105436690e-02,-9.487800474870719536e-02,-2.204522391837745315e-02,-4.638900161458021226e-02,3.373400745384165511e-02,3.358917536085579553e-02,3.362809571531041181e-02,-1.821544413508989491e-02,3.043447800389424349e-02
1.622221887175733512e-01,3.042906518890067802e-01,3.329985036167366075e-01,3.043099830904489322e-01,1.000000000000000000e+00,2.517860693840158204e-01,-7.552914413193183296e-02,1.163741557716600587e-02,1.252054333297587460e-02,8.173766748425809192e-02,6.673879493433514110e-02,-3.335315308885405689e-03,1.832754675755376636e-02,9.493174361010367490e-02,-8.831860233147956207e-03,-3.432715432199559547e-02,5.023748610671682074e-02,4.616712667844023732e-02,1.308935044315964096e-03,1.533299363128954283e-02,-5.961049105653716540e-02,-5.271929881566073117e-02,-9.729418391254024065e-03,1.398970079402822760e-02,-8.433528544079092748e-02,-3.285047550687356793e-02,-2.175473443071460761e-02,-5.774113299660430659e-02,-6.575542013880185388e-02,-2.525308339431251575e-02,-5.658645431145442606e-02,-4.744618911934162658e-02,-6.135770500757111584e-02,-2.444086857894509426e-02,-1.973228376403090081e-02,4.780213267819555939e-02,7.262684662228935384e-02,6.538392499600539920e-02,4.007391488925158424e-02,2.933381259472257144e-03,6.723151701713614425e-02,4.081677938456634847e-02,7.463037965996810463e-02,1.309765685989323566e-02,7.490827360233093257e-02,1.484810062802511058e-02,-4.624296071119914781e-02,-4.325028306737615374e-02,-8.374763792055031283e-03,-4.647993181263216506e-02,4.094611341088693485e-02,-2.675199970148700590e-02,7.073048491341858701e-02,-8.446404945024262034e-02,-3.924602110713280856e-02,-1.081390090334822807e-01,-3.532606898244815274e-02,2.859119791145230474e-02,-1.176763443116117941e-01,-7.535076290808962775e-03,1.191505314157041556e-01,1.980529340180866519e-03,-9.081060033160404110e-02,-6.194096130319266813e-02,-3.020982673687941725e-02,-6.062054227418860880e-02,-5.780781850949785750e-02,-7.442269299189926968e-02,-5.369932478421408917e-02,5.789806466319970951e-02,2.032415721991991456e-02,6.759915818944314814e-02,8.353031000306686271e-02,5.725596289603894495e-02,1.003724238012473763e-01,4.412995674085861547e-02,6.637868751649839139e-02,6.719182601489104290e-02,-8.099651567381639314e-03,-1.885377692056140406e-02,6.524620911856977845e-02,6.424723037175178453e-02,5.997109958174891980e-02,4.061326018989029618e-02,5.053433746123170422e-02,-1.173266230156176822e-02,2.357530341890631126e-02,4.072006884780508124e-02,1.610105209585885322e-02,3.248094662171671643e-02,5.427756888730773596e-03,1.171288128178801270e-02,-1.186092416470230834e-03,-3.491832568178820451e-04,1.191950921233994078e-02,2.983465167499378332e-02,2.081121414161002034e-02,4.739332894886125191e-02,-2.881108517495722596e-02,1.832597540815180184e-02,2.642017341865677237e-03,-2.820156061690476737e-02,1.263117404215007879e-02,-1.744064840654995299e-02,3.137857580089937343e-02,2.379769074787186495e-02,2.997155354614836759e-02,5.287808448893424607e-02,3.965346435989416940e-02,4.488703814980255641e-02,7.184755096312177292e-02,1.011008756589545504e-01,1.916854313019199230e-02,6.200268797871826693e-02,6.999428117533866567e-02,1.149378031102116920e-01,5.302177137497652085e-03,1.322006366113827880e-01,1.575413240785837263e-02,6.256138654575579827e-02,2.399696899199664155e-03,2.967676274295943852e-03,-5.731123041941327961e-02,1.389401750735917880e-02,1.739631188968129502e-02,-2.901066461782416880e-02,-7.294508782759402329e-03,2.578981853618427314e-02,-2.613395079967188034e-02,-1.389196715992847657e-02,-1.146409035761384448e-02,-2.001667497081986713e-02,-2.101046729448346681e-02,-3.321788169319827427e-02,1.565381064047086795e-02,-2.109762744231206272e-02,-1.374889416816738041e-02,-2.377028995041019499e-02,-1.749407757096833535e-02
1.321117303003934151e-01,2.509828768374760544e-01,3.045661953322339466e-01,2.933948450368134564e-01,2.517860693840158204e-01,1.000000000000000000e+00,3.710706224231465344e-01,1.378340612526020026e-01,3.042302468048541791e-02,1.132895504951048245e-02,1.313703700072930136e-01,9.617827798959943664e-02,-1.818403955114474349e-02,3.486543110439250387e-02,-4.429672759480957067e-02,1.111324746416214940e-02,6.690839425068138835e-02,-4.505872549928623128e-02,-8.014038150300561991e-02,2.011443782756956733e-02,-1.165315645414956996e-02,-7.373206012749918513e-03,7.140704932536426353e-02,4.656124135180685075e-02,-3.538241990716947671e-02,-2.244877618141757208e-02,1.000873325130512137e-03,1.926440628068365468e-02,-2.147575164407637335e-02,-5.300811560536689004e-03,4.249227593060339592e-02,-3.130059804925795774e-02,-9.291156077847728678e-02,-1.494639020830590068e-02,2.367593056030178195e-02,-1.721095232844352743e-02,4.955270874723426144e-02,-3.778344373958578833e-02,-7.522241257896641886e-02,-6.054400840793939392e-02,-2.943057919949754533e-02,-4.771377692223421202e-02,-2.239035966644103981e-02,-5.191536061958989395e-02,1.756924095585415957e-02,-2.620199264226014124e-02,3.292990153768410311e-02,-3.769712844425424265e-03,-2.712423519202736624e-02,-1.899314929768934623e-02,3.325858333542953960e-02,4.009976726668361413e-02,3.758762247006893625e-02,1.153532098015354161e-02,-1.818993899117340128e-03,6.615935715796611959e-03,-3.402127506365584114e-02,-2.491580309795639325e-02,-2.133438724964478034e-02,9.792970446707722695e-03,1.044071024245297324e-03,-2.145150288626289370e-02,-1.664946108267936070e-02,-1.798436299274970909e-02,-4.759353829831591831e-02,-3.800680562263961809e-02,-1.557631569450861932e-02,1.209772569211420637e-02,3.137483287061735432e-02,6.016760686504424999e-02,8.292547879128780997e-02,3.397768157678898726e-02,7.601284761548260382e-02,7.055581947486511130e-02,5.602234339808953578e-02,6.448149272603290183e-02,3.799361945987031475e-02,5.901863379741229682e-02,6.027368705674507332e-02,-4.395677340415835022e-03,-1.296358324178231020e-02,-9.258146422556106508e-03,-2.727578594835553330e-02,-6.535649671912553693e-02,3.713015939493656548e-02,2.169067556124592080e-02,-1.006934409267365438e-01,-5.814274164739502426e-02,-1.320743912401867344e-02,-4.219817124527601437e-02,-7.302698956333632252e-02,-3.711507898069237033e-02,-5.488785432721060521e-04,5.077701406946332971e-03,5.285506089050250739e-02,1.052994079175033001e-02,2.949548221606001705e-02,-3.792281387698975131e-03,-3.090861406688034940e-02,-1.086792791449580665e-02,-2.800329839475323296e-02,-6.168116985205111119e-02,-3.037238027469697094e-02,-7.581732396719326195e-02,-9.016108126742094359e-03,6.941318332106025113e-03,9.839159230670055638e-04,4.062004740389030949e-02,2.793404137579421145e-02,6.294738127451642018e-02,1.014534887773783645e-01,5.968109379279026155e-02,9.450650141344413280e-02,-5.340151172989089645e-03,-1.669042959465088724e-02,8.426284948511095219e-02,-6.436215381987678286e-02,2.281680751269707721e-02,4.862716343593833507e-03,-6.637767996291013550e-02,-3.193015386128973676e-02,-3.314087198687736685e-03,-3.285036457692651346e-02,-7.018296387140339487e-02,2.681210385114895546e-03,-3.839214683659410154e-02,-4.263321603526680492e-03,3.752954452415160208e-03,-6.284955680168655134e-02,-9.487836110981963389e-02,-4.812831888234408301e-02,-3.933024150992823348e-02,-5.757433924799403718e-02,3.276337617010584985e-02,-1.396709737846839848e-02,-1.370714265233207579e-02,9.189465875257395167e-03,-2.495505315869923565e-02,-2.450305931887364341e-02
1.525573831694774542e-02,1.390752136367295055e-01,1.373828142068541647e-01,2.640504703244916374e-01,-7.552914413193183296e-02,3.710706224231465344e-01,1.000000000000000000e+00,3.361418072895225317e-01,2.697413795751077425e-01,2.974147543289070231e-02,1.440644796752695300e-01,2.643126024726515921e-01,1.452919259275630703e-01,3.450420860254399882e-03,8.675679015758387680e-02,4.492049007475668043e-02,-3.411311762555588323e-02,1.666996675380986656e-02,3.494209300681272445e-02,1.446215636606512644e-02,5.976239822816738906e-02,-3.262427497671701454e-02,1.329433670201843609e-01,7.152983611164874522e-02,3.821110732420593403e-02,3.708544866747567198e-02,5.693603773864375217e-02,3.457895615902571024e-02,2.806280392032277013e-02,2.372180621502794490e-02,4.126415573310174972e-02,-5.833568770459646516e-03,-7.084106701791950678e-02,3.119030331246553864e-02,3.725381586805034950e-02,7.257129488311683807e-03,5.778596565689920334e-02,3.712749910004323195e-03,-3.676354536479390506e-02,-6.173261881255275550e-03,2.685526410959365208e-03,-4.440937700001581362e-02,-1.233121005548566652e-04,-2.987395791786354171e-02,-9.902000672633873291e-03,1.330503120326618528e-02,7.986676238146646345e-02,4.890897535335311103e-02,-6.973685631834506890e-03,1.722232428772293641e-02,2.446612371653433121e-02,4.336602615255367998e-02,3.080158735051892471e-02,4.864101737882357834e-02,3.096751599615831310e-02,2.705436540260595588e-02,-4.958327442082936104e-02,-2.966335647291358513e-02,1.204668420954105442e-03,-2.019228394603701793e-02,-3.551023945173586993e-02,-1.225182996297907202e-02,-5.339997678611639598e-02,-4.481365317489457295e-02,-1.056555467720239477e-01,-7.152627611425162180e-02,-2.852400617253627799e-02,1.763922303907265038e-02,2.306783288593609524e-02,1.820649232783992308e-02,3.433277073374636085e-02,2.987754284715384966e-03,6.640505911588966137e-02,2.055474599319368628e-02,-3.248419163822189432e-04,8.208953158964765739e-02,3.746772158083139931e-02,6.108182345225746102e-02,1.845782720627837936e-02,-7.687698656805081431e-03,7.629019407571512902e-03,2.389982727807627230e-02,-2.019905342268035406e-02,-1.056131741033551757e-01,-2.395143089941155837e-02,3.571731286673633481e-03,-1.106025527131556108e-01,-8.381964111540904372e-02,-1.429198900487853481e-02,-5.521132183397260695e-02,-7.283843679359106038e-02,-5.812992430293102003e-02,1.526034774264933488e-02,-2.955619298131119746e-02,-3.660575206504273430e-03,1.599547784985029183e-02,-5.627181282836963422e-02,-5.384588155982224233e-02,-5.966844524915155407e-02,-4.776587701746899672e-02,-8.437666883250309613e-02,-8.419726283075569528e-02,-5.003887362966621954e-02,-1.013699887419429319e-01,-2.030642699196626849e-02,9.275198515714618702e-03,-1.703534258561175546e-02,3.775795281354380611e-02,7.205595515387071097e-03,4.574859581765081118e-02,7.391664131264925885e-02,1.005258185893777995e-02,4.077843212846100213e-02,5.874458009235338646e-02,3.493086485607125105e-03,3.877086794785565560e-02,-9.119696397533171017e-02,1.314242052046110838e-02,-5.830918520925804094e-02,-9.202570956754098364e-02,6.423346215550487098e-03,-3.521799981224499332e-02,-5.125395046580050185e-03,-1.521061732598933403e-01,-5.294623677807568096e-02,-1.018402739902746906e-01,-1.529188590544977057e-02,-5.814817203559233955e-02,-1.063847093363984031e-01,-1.745872765283772721e-01,-8.386470394825328023e-02,-1.000877849160734245e-01,-7.870446822225893313e-02,-4.061213118368595804e-02,-2.458374496875870979e-02,3.010598092801475018e-03,3.486883966186266927e-03,-2.090822165069353492e-02,-7.263513589633762910e-03
8.430497600979780515e-02,9.535242305180093025e-02,3.860122243090086114e-02,1.129891592172470732e-01,1.163741557716600587e-02,1.378340612526020026e-01,3.361418072895225317e-01,1.000000000000000000e+00,2.262258986820855633e-01,8.051746236387224975e-02,2.933952267024730332e-01,2.640942737487084191e-01,1.053306821098865254e-01,1.193345159437698422e-01,6.757987485167948893e-02,-3.512933055971192986e-02,-8.698570430692194669e-03,1.011594829809566304e-01,6.026895713036545948e-02,-2.949608791090085544e-02,-1.311105636745252788e-02,-6.061987729705078931e-02,4.544140376062224401e-02,4.952306477434085391e-02,3.181936007518399584e-02,3.563013349482457154e-02,5.928833008878890698e-02,1.859596977328242806e-02,4.464663392960518951e-02,3.727024452610448041e-02,3.389573862247846625e-02,2.645803204229474868e-03,-2.958913682024897143e-02,1.487326935514057813e-02,1.548676306226154722e-02,1.128061120507548379e-02,2.044817874947491010e-02,4.732105098496661860e-02,-3.397355242863847602e-02,1.580053005586505577e-02,-2.117189017827953226e-02,-3.886663687919074406e-02,-3.781847029342984279e-02,-3.073456781120726192e-02,-2.806132408341776435e-02,-4.798501113200935586e-02,-4.413848993626643541e-02,-3.296971194586362924e-02,-3.550295722736076034e-03,-7.165540186813236512e-02,-4.186674719503085534e-02,-2.751536196889223934e-02,-3.802530362282609266e-02,2.355068523111923662e-02,4.730184280418218284e-02,1.304640537174161846e-03,-1.017824539935215447e-02,3.499435215752110667e-02,2.205528125579712950e-02,-2.464361962861787853e-02,-7.562923500086639675e-03,3.429301283099771974e-02,-2.797485155327553846e-02,-1.874112890471525336e-02,-5.445568037929471306e-02,-1.276837434419672221e-02,-3.719422146939529300e-02,-3.371220202997549098e-02,-2.886719185968499024e-02,-1.257608058341026964e-02,2.142529183334888551e-02,-6.927154451010214542e-02,-6.588837735611018098e-02,-1.043993218511732879e-01,-7.368282198014647344e-02,-4.849996640683407190e-02,-4.784893319759134928e-02,-3.721496018669852301e-02,3.106120952185559975e-02,8.378226224149527834e-03,-4.897434195969938009e-02,-2.330333691883223687e-02,-2.449614791561462515e-02,-4.589121700243234403e-02,-1.393075913652311662e-02,7.082772838410987537e-02,-4.723889462636208202e-03,-1.038336379811824056e-01,6.542714405493664509e-03,5.596750812449608620e-02,-4.932391755195875832e-02,-7.580508871911960378e-02,-3.919507142542714290e-02,4.285653481304610370e-04,1.569889490989423431e-02,1.767848598791453216e-02,-5.198016509214110903e-02,-8.271763554444321043e-02,-5.968627287092102829e-02,-4.196590617335983764e-02,-4.925087518831587630e-02,-4.215977002112436534e-02,-2.265335302498257611e-02,-7.028963515568044385e-02,-1.993465746916005255e-02,1.737108452137988736e-03,-1.806440194142423447e-02,6.597543644574223320e-02,7.379802200522636232e-03,3.202450977923491926e-02,5.387867212021409807e-02,9.031513941784063623e-03,2.099474174973397014e-02,1.185287903337090137e-01,5.744380716611800081e-02,6.975520757943716454e-02,-3.837650677414621014e-02,6.068471826006989478e-02,-1.062152290799773906e-02,-7.517026750545307764e-03,-1.494950994685305401e-02,-7.163086276059818513e-02,-5.132050098622332329e-02,-7.219766866135438055e-02,-1.016614864680600305e-01,-1.051483924217939681e-01,-7.232801730727636547e-02,-9.671308180505401586e-02,-8.264841577780483728e-02,-1.026903432813407319e-01,-8.271400778787238450e-02,-1.304569183183988124e-01,-8.545092156207215184e-02,-9.284690777452035693e-02,-2.825033574336988096e-02,2.439412667557955272e-02,4.118821979009276019e-02,-9.247418394214638668e-03,5.300411152306448020e-02
3.389609076543397687e-02,6.931296399189558477e-02,5.591639054734089814e-02,1.833922351152244279e-01,1.252054333297587460e-02,3.042302468048541791e-02,2.697413795751077425e-01,2.262258986820855633e-01,1.000000000000000000e+00,1.722242155644844730e-01,-5.885129868867697289e-02,2.219488048113972822e-01,3.053359856452352306e-01,-1.012011099343867841e-02,1.076028777350403337e-01,1.743292352248347887e-01,-1.600449341093785824e-02,-2.896173409766526763e-02,1.215427013594844174e-01,1.307116558566514819e-01,1.771646315403566097e-02,-6.341534123974518211e-02,5.433895042879041681e-02,1.155216326252244199e-02,-9.278015328078217938e-03,-3.135480993407951250e-02,5.924241366057066138e-02,-1.796048929212997955e-02,-9.943362522779428114e-02,-1.504549532764944825e-02,-1.707150441369192917e-02,6.580475912281043803e-03,-4.020592176922010291e-02,6.905101339431608809e-02,9.232145977848565943e-02,1.080537022150244719e-01,9.291180546984621758e-02,1.527422479841483716e-01,7.087579008295330496e-02,9.535199456032694698e-02,1.150120540341024594e-01,6.523956673780813287e-02,5.026063229621791084e-03,1.314133019789793730e-02,1.101102519357508025e-01,4.778065235464544480e-02,-7.827270067901744011e-02,-7.560650162839781252e-02,-6.595045173497561530e-02,-3.794145030922747852e-02,1.608683195570081298e-02,-3.412131605868685968e-02,7.909161635260553852e-03,-5.257182918582388453e-02,3.780773891596567182e-02,-1.006857769862559288e-01,-5.367644433537182430e-02,7.493732697093949402e-02,-3.773766207171400100e-02,-8.751298043124218495e-02,4.547075675348351276e-02,7.692542943241527376e-02,-5.912840061647467449e-03,4.061523350979248659e-02,-1.756886913627963773e-02,2.024068480145106014e-02,-9.100085642538661979e-03,8.328084616091259093e-03,-1.701445221242544811e-02,3.846907192723395680e-02,6.196914328428183155e-02,-2.411843611555699457e-02,-1.838292399350999543e-02,1.496479026718590399e-02,-1.786481173928019389e-02,1.946623769325842371e-02,-6.826137847467468080e-03,2.248725728290455056e-02,-7.507425511393510387e-02,-2.428214180593709151e-02,6.358779709611250830e-02,5.955288281612523826e-02,5.156825803697102223e-02,2.735368796894559543e-02,-2.689208908822620508e-02,-1.877941862446923585e-02,-1.513340530052161535e-02,-1.506764905473651980e-02,-7.543993134486717822e-02,-3.047605495162650224e-02,2.002596202611478093e-03,-8.531587411300355084e-02,1.317210618964585744e-02,-5.226920512729479884e-02,-3.313506745683128529e-02,5.285955517173267226e-02,-3.720885253216237726e-02,6.757479779288828176e-04,-5.586445445130192033e-02,-6.298583901679975783e-02,-1.042863396586818370e-01,-1.234291200240787145e-01,-7.246523549741683279e-02,-1.198060890996446165e-01,-7.008452163748507546e-02,-1.246978266984582508e-02,-8.145682834147277562e-02,-6.414096716724076129e-03,-3.524361423044892333e-02,2.457925686603055354e-02,-2.964569043360636494e-02,-4.631065445014811294e-02,-2.275226406023568224e-02,-3.621427261182914165e-02,4.900015406239404542e-02,4.451028858399475041e-02,1.841674629303002245e-03,7.706720105416231537e-02,-6.720147585102671794e-02,3.907519723544116558e-02,8.352852424279375021e-02,1.833979731620610440e-02,3.765186982569528745e-02,-7.231535655607299051e-02,-2.150063340262605913e-02,-8.486250367335552991e-02,1.696566045053518601e-02,-3.454061682614029821e-02,-6.885006017345624008e-02,-1.183487010777157789e-01,-5.866456790881195010e-02,-1.155977878368817241e-01,-3.538779716121864122e-02,-9.574690572053311255e-02,1.623061195798492298e-02,7.811507968108557382e-03,2.467346527866465938e-02,-3.626380129500055699e-02,1.493049711635857299e-02
5.778821446997582656e-02,-4.220019802375337380e-03,7.510399500585647481e-02,2.048036351868512059e-02,8.173766748425809192e-02,1.132895504951048245e-02,2.974147543289070231e-02,8.051746236387224975e-02,1.722242155644844730e-01,1.000000000000000000e+00,3.101966848217043715e-01,2.524255846991025828e-02,3.378896417294060539e-01,2.411391901666449511e-01,-3.588005691733019836e-02,4.595421732596391418e-02,1.777058262306382419e-01,1.616116354442387673e-02,-7.878546294149739448e-03,6.939028373271756422e-02,-1.040461799358377050e-02,-7.982943937838177240e-02,-1.538636511996719358e-01,-4.895241378412398814e-02,-5.303272305123338942e-02,-1.051759240393699696e-01,-1.009059014462381637e-01,-4.419881762168419159e-02,-7.882271849510368023e-02,-1.473200836976251427e-01,-3.682638960817214563e-02,-1.451361321630733302e-02,-1.031283931328356301e-01,1.876762832468014536e-02,6.596735507578519418e-03,4.441046994546851007e-02,1.015374971078685656e-01,2.954140226421356555e-02,-2.340034379154692923e-02,-1.356606233719816895e-02,4.935500442007738353e-02,-7.990424849952439124e-02,-8.802668228719402743e-02,-8.661624095117058386e-02,-2.835116520130099085e-02,-7.061937628577640014e-02,-5.161819242150971626e-02,3.777965481040106849e-02,-4.204648329530919111e-03,-9.678882542149697945e-04,-2.548515595840697076e-02,-3.989356207751180994e-02,-1.899129187253771264e-02,-2.217813364821682662e-02,2.722415242905571256e-02,-4.083640697485734633e-02,-2.122471498629793785e-02,3.884592568479045688e-02,-1.311192086966427896e-02,-6.301319912567608650e-02,1.849310502769491030e-04,2.977920520272941268e-02,-4.119070498479303344e-02,1.963857896768309713e-02,-6.496006618163768787e-02,-2.314515659917219456e-02,-4.637173547592304823e-02,1.233731537068641880e-02,4.006223662519042827e-02,1.294101398397111760e-02,7.713936043515721985e-02,3.540418035238150976e-03,-1.815782892975293869e-02,-6.554093267617504270e-02,-3.207843295871922601e-02,-3.636224485785257560e-02,-1.150060215252293322e-01,-3.270385467129939550e-02,-1.009302388443286541e-01,7.480362308621389678e-02,1.045276247963525806e-01,3.417263819959791976e-02,1.046673002281239273e-01,7.746478407709733727e-02,2.928107253798765096e-03,-8.321004340503068697e-02,2.292849347794896978e-02,3.560727619324112470e-02,-9.284538610523379587e-02,-1.072552877192858509e-02,8.101974109668029500e-02,4.501697430667263300e-02,5.514553932224049160e-02,3.009545699341914515e-02,6.027675671350076619e-02,4.097532467733212835e-02,6.520169120403279672e-02,2.964804891845595775e-03,-1.899424154703429832e-02,4.570981096168486371e-03,3.402358085030159074e-02,-5.833050683766437261e-02,-2.399748799366722973e-02,-6.518734468457119957e-02,-3.134138072481412046e-02,-8.435909895202221495e-03,3.208308071425358676e-02,4.298258398209256481e-02,7.332912528561831046e-03,3.927559790714167665e-02,6.308487022331459027e-02,1.502602165050082594e-01,3.737963903497720092e-02,1.494575126057793787e-02,1.819192597135321776e-01,1.604050319823601412e-01,1.547752993163966639e-01,1.952765666138534251e-01,6.860440375151012626e-02,1.749519446527875999e-01,-7.450460946750412337e-03,8.674840858306535896e-02,-5.868370546606917898e-02,-1.718154521852443065e-02,-5.743718899801544125e-03,-6.693669864585161111e-02,-9.383826643743859927e-03,-2.972240411710496549e-03,-5.180150147594495685e-02,-5.431275739344191070e-03,-1.509240436935365900e-02,-4.267665921476454516e-02,-3.119321830651810776e-02,8.855861270608042513e-03,-4.677834048765118491e-02,-1.010720183415439316e-01,-3.884455155491377959e-02,-8.197802553174252105e-02,-6.764476665104712794e-02
6.564635047065454920e-02,5.433846407551974622e-02,2.285641261776817298e-02,4.197365194447166131e-02,6.673879493433514110e-02,1.313703700072930136e-01,1.440644796752695300e-01,2.933952267024730332e-01,-5.885129868867697289e-02,3.101966848217043715e-01,1.000000000000000000e+00,2.381317559567170672e-01,2.927345970732425640e-02,2.004869095413296942e-01,-6.508856448518689566e-03,-1.372842732794967435e-01,6.584759306389387223e-02,1.112460876969219858e-01,-3.659901120928349405e-02,-1.070113985495835252e-01,-4.674130783046418630e-02,-3.711739687616338185e-02,-6.060692397470227033e-02,-1.126114774102917639e-02,-5.172924301093739970e-03,5.370466858183960482e-03,-6.379056533216778679e-02,-5.357424354415422224e-02,4.824125412906683091e-02,-7.461396993142352385e-02,-2.551195647407581910e-02,-1.227098662431690482e-02,-7.977044837476778005e-02,-2.456170483588774808e-02,-2.971018052142483656e-02,1.735483869176168356e-02,4.900375530456974049e-02,-6.125455005038006606e-04,-3.947159455197406935e-02,-3.938635076701312021e-02,1.977922565264280536e-02,-1.017694998033962517e-01,-2.948856706823025156e-02,-5.550101483140352371e-02,-7.697096847249569607e-02,-3.345575994505608358e-02,4.662424279000638300e-02,7.906884034599387379e-02,4.861743663794649423e-02,7.201388608031340094e-03,-3.880592536267620657e-02,2.710014429708795455e-02,-2.832017990155225040e-02,8.864568060768582280e-02,6.568715376687898899e-02,7.183047141653381429e-02,-1.959859169227061090e-02,-9.824138707592813824e-03,6.116793718448189365e-02,-5.421253563552542315e-03,-5.835300150961500454e-02,2.410072984607498046e-03,-4.711999230360887359e-02,-8.309497917893243768e-02,-1.084881515875928681e-01,-8.994133318585513515e-02,-9.279855201116546382e-02,-6.827962867749842735e-02,1.863245771172237358e-02,-2.332009939930806269e-02,3.159995077562191557e-02,1.847514792407116066e-02,-1.391289711779773730e-02,-6.974861118217431932e-02,5.051130657359952092e-03,-1.652115187611523719e-02,-5.854206765029358606e-02,-1.861281101431789750e-02,2.992136304677736960e-02,9.020973434394637114e-02,2.238885020771975293e-02,-1.214363277632362660e-02,2.477540098846181191e-02,-3.082940714719409336e-02,-7.685182213243863143e-03,7.669323125288460621e-03,-3.007707763402333190e-03,-2.238029804178746571e-02,3.242657187371480315e-02,5.464111179199857699e-02,-2.054890448147666734e-02,3.219393907746841144e-02,-2.501357587441779308e-03,9.350377296902795399e-02,7.963661425705564900e-02,1.647088359539940032e-03,5.599314742360370425e-03,-5.120980927976308966e-02,-7.035669275352519902e-02,-2.305646811486329606e-02,-4.626913435657885494e-03,-5.611713103698819094e-02,-2.263256542091520059e-03,-1.820606139973070248e-02,-2.352816039460215673e-03,2.108598349251282131e-02,4.535439804135367459e-02,7.876890767964681017e-02,5.654917484519995236e-02,6.434560208390613378e-02,1.195394274660807610e-01,1.194744779221620368e-01,9.827070862480485891e-02,8.654674777402640573e-02,4.418047654724260170e-02,9.712345450749031162e-02,-8.801192282856244720e-03,5.597150440749941447e-02,3.406548862080219925e-02,1.773952160797551483e-02,-9.281707704652675250e-02,1.171324886816503888e-02,-1.053440359085626582e-01,-9.150591276834652010e-02,-9.008738392297195585e-02,-7.540880427817681086e-02,-9.096919048582950695e-02,-8.025049859972106792e-02,-9.045252550947029124e-02,-4.740681764810852905e-02,-7.022106318860861507e-02,-5.600999272130217227e-02,-9.000848549671464083e-02,-3.463902660986292042e-02,-7.387674896256964108e-02,-3.029992378106383458e-02,-1.003249216934260640e-02,-5.491746437401381215e-02,1.970939406655520046e-02
