1.000000000000000000e+00,2.660815635511622479e-01,1.153034173998117862e-01,7.101040156362051214e-02,3.999887024396918400e-02,7.255431336656030517e-02,1.886535576912129822e-02,-2.850026526186275402e-02,7.735184562922471641e-02,4.386004285747566872e-02,-3.224641335429981326e-02,1.364332952369046691e-02,-3.496301444101104772e-02,-3.612284644612665657e-02,-4.855996690644711483e-02,-5.648928552608051962e-02,-5.757812843137238151e-02,3.168098506290058236e-02,-5.228836978808352326e-02,-1.404726687048695778e-02,-1.866340894649215834e-02,1.818731674878005383e-02,-4.255922284111515221e-03,-4.179221733266261923e-02,-2.465567723994531099e-02,7.263020995157126736e-02,8.869639737094116988e-03,6.712642414374739297e-02,4.002801809408344791e-02,3.584131881404357262e-02,3.694404076962497230e-02,1.659742473523323145e-02,5.736192579961181710e-03,-5.700136652778814254e-03,-2.995721647515419903e-02,5.228065458894597811e-02,5.479679556963291780e-03,-7.452232722870829641e-03,-3.425549111767882404e-02,9.105934932218142513e-03,2.678788782544714794e-02,1.734299151256381635e-02,2.922985627682622364e-02,-3.840764135590332001e-02,2.024907578223899066e-02,-6.665034376196537699e-03,1.502548724410240379e-02,1.315956379447315999e-02,-6.242422727479186861e-02,1.311777827544602197e-02,9.851505271226367738e-03,-5.890815231046663686e-02,1.009038155356617797e-02,-3.996593854622060987e-02,7.907863229614384148e-03,5.531640837965531854e-02,3.211405015789764450e-02,1.349459745979094723e-05,8.192334296013194239e-02,4.984744030095803607e-02,2.798613278063992460e-02,7.057769831330204524e-02,8.241175770515665050e-03,5.167717121444665579e-02,2.559741127776335792e-02,-2.445153759522921896e-02,8.792466445342797532e-02,5.328589610737196475e-02,-3.801617668443305065e-02,6.259831032038289111e-02,-5.865390899437570443e-02,-3.207367056992230236e-02,5.619739725085648452e-02,-2.150784535001468850e-02,-8.601347140817451956e-03,3.881483969342028328e-02,6.772230343979572520e-02,7.018286046070042195e-02,6.865867587236050562e-02,1.154882515617476624e-01,7.541143139532620332e-02,9.602793190479406993e-02,5.411620976919280512e-02,4.782184387279830862e-02,3.986265596747674139e-02,1.040567793492221116e-02,-2.507854885339739701e-02,3.818935245724901228e-02,2.902015737969576570e-02,6.103645376206789930e-02,3.849534247450393798e-02,4.586806472979349653e-02,4.322060850599661330e-02,4.682865134172666671e-02,3.073490896539384648e-02,3.132541420702825152e-02,4.405604201817186344e-02,1.994404077711858445e-02,1.383359236855515213e-02
2.660815635511622479e-01,1.000000000000000000e+00,3.428152718968719426e-01,2.955177639638462694e-01,2.919449985098077627e-01,4.219821680317651924e-01,2.025257733674342697e-01,7.425217493294447579e-02,2.535974320675764559e-01,8.178305004153277324e-02,-5.332817373767264474e-02,6.221075119486028232e-03,8.900626031276727412e-02,-7.849062749397189842e-02,2.929810481982737108e-02,-1.386308676803431512e-02,-1.078250314113368968e-01,-1.373880120646923386e-01,-1.428688808066835014e-01,-1.064760679475010435e-01,-1.214382673432130855e-01,-9.818039618000617974e-02,7.979858836240336789e-03,-8.332977778315512826e-03,5.262217022578225337e-04,8.937450968451086941e-02,8.199575283403970349e-02,1.706239036830630440e-01,9.153655630188697878e-02,6.792160694369259177e-02,1.290881745200317121e-01,7.687562831228426929e-02,-2.887638490425271671e-03,5.087907321150789836e-02,-3.803843133109097163e-02,-3.955287845665388102e-02,-2.000583154358270485e-02,6.508381160044218912e-03,-9.782017987581343582e-03,2.486455780356217754e-02,-8.823485988943143791e-05,4.294053829453673560e-02,1.937734765694828012e-02,-1.687151599090160048e-02,1.311244708224184041e-01,-9.030125949003056651e-02,1.025127913134340624e-01,-1.101606086347717110e-02,-3.245599951557588680e-02,1.067753109131284461e-01,-2.572014521419719105e-02,-5.650730610013501160e-03,1.358480817722259870e-01,-6.167552644360171921e-02,8.898014296998116301e-02,1.800868872353111882e-01,1.746336297071860166e-01,1.697349711081275192e-01,1.832025682827732316e-01,3.051266693585017245e-02,3.824927144909371496e-02,1.150804384238109275e-02,-8.850458209806169596e-02,-8.514124888128786484e-02,-1.249854870738438123e-01,-1.830677180875637799e-01,-4.866873065326141057e-02,-9.437403460707081970e-02,-1.724929763776949787e-01,-4.463601095952764164e-02,-1.625971988021090164e-01,-1.509504134299116673e-01,-4.283232954675483817e-02,-1.407314097086087845e-01,-9.874253173956781815e-02,-1.573013675653618312e-02,7.588682457989204266e-02,8.444865970842467540e-02,2.474846764812924441e-02,9.454785851212557657e-02,2.832221998208224803e-02,4.859168493586840665e-02,-7.768854257046682935e-04,2.197055678361579945e-02,2.209894718170779190e-02,-2.119037773515626208e-02,-3.922085813966240397e-02,-8.765812060572827566e-03,-2.484842715223152532e-02,3.593355451847354831e-02,1.113886879243673224e-03,1.385697352493858898e-02,-2.582623220719451954e-02,-1.139915889131427884e-02,-1.822529131602854124e-02,-1.372177843206277316e-02,2.844077954583456962e-03,-1.769364946740232397e-02,8.806623410415244727e-03
1.153034173998117862e-01,3.428152718968719426e-01,1.000000000000000000e+00,7.072291795649654489e-01,-5.304795202363505463e-02,4.574836768249041508e-01,2.904257690107782744e-02,-1.114838108196374994e-01,9.880807970667181139e-02,-1.439318337258166658e-01,-2.190350630192803016e-01,-1.523316461414701839e-01,-1.437523174114095359e-01,-1.995943679226501455e-01,-1.569899845045138742e-01,-2.071480676204097704e-01,-1.678313084019958656e-01,3.745436360945582008e-03,-9.140882303175511259e-02,-7.828468801750027017e-02,-3.275358183922253558e-02,-8.938430646995323969e-02,7.013369208306461344e-06,5.170909237080128368e-02,3.622747351548059186e-02,3.050388354537393598e-02,6.729824662197418650e-02,1.034180114690664253e-02,4.547477614080949575e-03,9.775439117855033375e-03,3.340666756122245840e-02,-4.989744140038991638e-02,-1.053890455282430888e-02,-1.424339088547354679e-02,-6.711927981950428779e-02,-1.598777328742914672e-02,1.100722421762803244e-01,-5.734255282884639059e-03,4.020315118578132729e-02,3.302238494259199936e-02,8.862890847622972856e-02,1.039671387312952056e-01,1.107384038978371232e-01,7.817217281746058344e-02,1.592671589406793042e-01,1.011074221593643296e-01,1.383945583222998821e-01,1.155070862430889606e-01,-5.653652311200309949e-02,1.473443296666399893e-01,3.544536686669585990e-02,-6.070531923786957190e-02,1.539168911036663256e-01,-5.600930786978344962e-03,-3.754839512935672502e-02,-4.852773479552496827e-02,1.120927387023204838e-02,5.967461815486749255e-02,6.355753220211873833e-02,-6.767026129411866930e-02,-1.672900191032668238e-02,-6.891129314372573811e-02,-6.332879334923580128e-02,1.348151929262530330e-02,-1.204730072835393795e-01,-2.371159224515528505e-02,1.295914631606610579e-01,-8.834622821532261971e-02,2.174335043091962794e-02,7.608856532214675061e-02,-7.422447534938336755e-02,9.663334745357644862e-02,4.330352555169117434e-02,2.472043621136168698e-02,1.584649473128061092e-01,1.052205644652585148e-01,1.661250466336972043e-01,2.113043702575699290e-01,9.740235851418778401e-02,1.161451648912514428e-01,7.395619603868656966e-02,7.712493128206003579e-02,-2.305453413983642348e-03,4.971580293140450552e-02,-3.153721340066863860e-02,-3.368903485109497886e-02,4.801826636324514272e-03,-2.171891800910122350e-02,-5.862395372522655884e-02,8.340996270414582914e-03,-9.076209903607069390e-03,3.662422728492872610e-03,-2.152046804971996172e-02,-7.244552568308112832e-03,-1.627473965962685995e-02,-2.494852071762245545e-03,-1.840371240851763901e-02,-3.309691987252223050e-02,-2.020761506022254045e-02
7.101040156362051214e-02,2.955177639638462694e-01,7.072291795649654489e-01,1.000000000000000000e+00,-1.858935501839073523e-02,5.468344001455979209e-01,1.059912627769729887e-01,-1.168036519551987340e-01,1.362609516815503630e-01,-1.478229646338005132e-01,-2.121957464503210766e-01,-1.824273971376633718e-01,-1.747283794655970779e-01,-2.205607937080488745e-01,-1.531972809183282658e-01,-2.091387704508063938e-01,-1.909393318006017415e-01,-5.064946458722251882e-03,-6.843386996929996802e-02,-1.047039567215593409e-01,-6.623801113239403439e-03,-6.929486716747615405e-02,1.299360018807254116e-02,7.400845384382430392e-02,5.389672236391692545e-02,1.577411731827514521e-03,5.888510756420756859e-02,-3.268172372803253289e-02,6.920666958272730061e-03,-1.852146911600453111e-02,3.393369013837974416e-03,-7.366442009865316332e-02,-1.176401967131206032e-02,-5.215074310627551557e-03,-7.732269211638916062e-02,-6.905896440452854654e-03,1.010395764767495624e-01,-2.829691612825637609e-02,3.536339132956790865e-02,2.951006484058337972e-02,9.902388086439060932e-02,1.189492682629452180e-01,1.213947596455046685e-01,9.939409929025255774e-02,1.772363816793681990e-01,1.104010493623533984e-01,1.583418691121946942e-01,1.036035480573927609e-01,-3.974897701291461860e-02,1.558295338456758272e-01,2.540408394150580826e-02,-4.588587647844799555e-02,1.615031122092368265e-01,8.873107359454110443e-03,-4.174002951441051212e-02,-8.076210530072523708e-02,-5.016098157872458246e-03,4.386462640470955437e-02,2.261909930450411652e-02,-6.900565542995086565e-02,-4.234062835548753345e-02,-7.413392255482503801e-02,-3.419979822042296114e-02,1.429227343878577278e-02,-1.135757620121212730e-01,-4.553512201653772684e-03,1.148516206130716782e-01,-8.059616966223759338e-02,1.542437909443935239e-02,5.765315476324169713e-02,-6.472191166898645653e-02,7.015425955536226665e-02,4.959746537602901552e-03,1.207615501152576806e-02,1.409985726247331705e-01,6.704568165776930710e-02,1.576479152120204841e-01,1.947334839223247571e-01,6.671519722803122276e-02,9.528112228088045366e-02,5.039985132428530246e-02,4.771474311360030668e-02,6.182016568695421731e-03,1.749264630241538152e-02,-4.457443357560249980e-02,-1.700206211490121536e-02,4.263578819055852120e-02,-9.922354001218642791e-03,-7.041705910490204945e-02,1.109526332824235795e-02,-3.384341854576169615e-04,1.236913047475235797e-02,-1.685333970562340536e-02,1.073407338491543656e-02,1.023208406078456078e-03,1.621109642409487156e-02,3.204952783068578358e-03,-1.842114671344777591e-02,1.797879172019869760e-03
3.999887024396918400e-02,2.919449985098077627e-01,-5.304795202363505463e-02,-1.858935501839073523e-02,1.000000000000000000e+00,2.964407801355612992e-01,3.057009106845025581e-01,3.024805453122978993e-01,2.422013348802901922e-01,1.789921639791583197e-01,9.954532371623730364e-03,-9.144253812091926448e-02,9.258852226601435587e-02,-4.812014313478019806e-02,-3.211389402689180522e-02,6.672088485298920124e-02,-1.247198080749938390e-02,-2.241748825393689304e-01,-3.899274879706639274e-02,-7.261846303472581365e-02,-1.365246884646660434e-02,2.279292773223754939e-02,2.700998422444291988e-02,-7.080953751862557877e-02,1.823349821767891385e-02,8.815102097365982992e-02,1.116292412831359632e-01,1.096459262202038459e-01,8.923657331033744977e-02,4.888743818766246030e-02,9.404689381535194515e-02,2.013338463031724354e-02,-7.078096754284550485e-02,9.719929310660552213e-02,-2.144801499609584952e-02,-8.023690833588813243e-02,-8.363121367135428752e-02,7.757165448481291060e-03,6.264982995845413960e-02,8.983800522901852492e-02,3.240257773713402234e-02,1.233760664459151307e-01,1.269296835140803180e-02,5.889112058175125647e-02,1.372334544308052851e-01,-4.022078744384190163e-02,1.103355349381913014e-01,-1.504187181660633990e-02,6.566155833623135707e-02,9.081070958588775832e-02,-1.770221872454106130e-02,6.702335436697050286e-02,1.006431406406012030e-01,-1.133205195790079264e-02,6.330069020497099130e-02,6.173603857654622745e-02,9.906346297487288177e-02,1.122619509246126773e-01,4.432586316667265491e-02,-5.902970572538798755e-02,-1.175507668001412112e-02,-3.768169826029336977e-02,-8.783491526656793391e-02,-7.300266762934375098e-02,-2.180378338772348545e-01,-1.372399231427940125e-01,-1.774697734406488481e-01,-1.971840187836241820e-01,-1.779708275347237356e-01,-1.657436324830854624e-01,-1.268193963138860569e-01,-1.535653485734456147e-01,-1.423683997956322056e-01,-1.370492057272271469e-01,-1.255139107391209097e-01,-1.094298911413633807e-01,1.272654359715128317e-02,-5.100174468011082346e-02,-5.475522194964203837e-02,3.875243067058265628e-03,-8.194839547953863823e-02,-5.720146909477984848e-02,-7.279516913147954238e-02,-7.593016085360775047e-02,4.020725624492786643e-03,-5.555220726295948680e-02,-2.760218605108676407e-02,-7.033612153736870654e-02,-5.306188873051740501e-02,-5.221572130005201068e-02,-5.294940622213386433e-02,-4.871827830143957150e-02,-7.192837489220502145e-02,-3.383044293954223791e-02,-5.037792343967668202e-02,-1.458954485218030145e-02,4.176356825291170465e-03,-1.065729091276477851e-02,2.583094139115121521e-02
7.255431336656030517e-02,4.219821680317651924e-01,4.574836768249041508e-01,5.468344001455979209e-01,2.964407801355612992e-01,1.000000000000000000e+00,3.056534923114852531e-01,2.850480280337622935e-02,2.574799757325592076e-01,-5.127585232660621106e-02,-1.303818196232779114e-01,-5.912523183309080499e-02,1.760905522375794466e-02,-1.029237079861537452e-01,-1.232922906934630532e-02,-9.427113691877438140e-02,-1.208141304154524420e-01,-1.124072719522410113e-01,-1.213669012047438600e-01,-1.383579560306192335e-01,-8.400463838328754707e-02,-1.211874943857383091e-01,2.356919682121112487e-03,-1.903685433567824450e-02,-9.994435139521981940e-03,-8.730716173864512108e-04,4.198731749297568427e-02,4.389108029179696058e-02,7.817456587327467621e-02,7.481101032354976754e-02,9.952491488006064146e-02,5.781161432426944885e-02,1.207426006041805236e-02,5.891014903416188359e-02,-1.710437267030636907e-02,-5.498881570678961633e-02,1.439443555558965124e-02,-2.934719180660572135e-02,1.362630353191765856e-02,2.359844930356943746e-02,-2.639772924762105732e-03,5.742178169214266076e-02,2.233882674464001197e-02,-1.735160581040744165e-02,1.074890200653144112e-01,-7.120463866286909360e-02,9.248164851538157039e-02,-2.146654642560354501e-02,-6.048561931521920232e-02,1.010863994758791490e-01,-7.054512783292074540e-02,-5.771337741725381110e-02,1.405910805372781736e-01,-8.778258604284430722e-02,1.707750753192354212e-02,3.184008061024604097e-02,1.233274816183643624e-01,1.451059752212292830e-01,1.246391245326243513e-01,-3.172715052771330618e-02,1.085516140835134265e-02,-6.389333452344088393e-02,-6.544009258618424529e-02,-5.602926857114230025e-02,-1.212265192264081470e-01,-1.058221563449813912e-01,3.190195256878613356e-02,-7.308929564352392716e-02,-5.232788497617445189e-02,4.647558390666894218e-02,-5.490680970436247893e-02,3.984307736438342032e-03,-2.968598947749855402e-03,2.408943964578583175e-02,7.119838973022842021e-02,8.105105512230316445e-02,9.318619912166548058e-02,1.554397464077572621e-01,-3.799741753314992559e-02,2.722743918683065076e-02,-2.398095483442354292e-02,-1.441937941390483008e-02,-3.218677944123727458e-02,-1.537995792113803920e-03,1.221695955690275774e-02,-5.991739659159905224e-02,-8.872658859846364529e-03,-4.652923697832094668e-02,-9.343981538449086521e-02,-5.015946742559406618e-02,-6.578135851726574224e-02,-3.781823984920059528e-02,-7.486731372251018146e-02,-2.344492449759767380e-02,-5.396980991153814411e-02,-1.612337743699148243e-02,-2.126433908949792659e-02,-4.437578100472137216e-02,-6.755484489752080872e-03
1.886535576912129822e-02,2.025257733674342697e-01,2.904257690107782744e-02,1.059912627769729887e-01,3.057009106845025581e-01,3.056534923114852531e-01,1.000000000000000000e+00,2.465035106107342500e-01,5.201805191104935666e-01,2.266133813865675029e-01,6.180999258576538175e-02,-8.810635401158216362e-02,4.675515801183130482e-02,-4.104826770029600114e-02,9.210417310519622425e-02,7.759263182566682182e-02,-3.413925355143344886e-02,-1.553291014268087245e-01,1.426150740529924694e-02,-1.018315550523352792e-01,-7.411789573912143381e-02,1.692061250790634006e-02,6.941923335299300668e-02,4.096341414799499481e-02,-3.868925893719001030e-02,-3.037073853182304176e-02,3.707350593489752016e-02,3.207052097074024333e-02,8.739496770241475532e-02,4.098156439672993173e-02,8.937461064861255966e-02,9.461966075621602856e-02,5.371516993978773385e-02,1.250173497515925380e-01,-1.746558127318659920e-02,-1.051464146793681387e-01,-1.648572614571041373e-01,-1.456764309517009359e-01,-1.044491716127849204e-02,-1.074080115988566148e-02,-2.020352028674876274e-02,1.994108539507261080e-02,-5.574851335750781803e-03,-8.913658802220847388e-02,2.912104169011379279e-02,-1.917866869085046999e-01,3.952641223259875658e-02,-1.116688502371820380e-01,4.104477634834483718e-02,2.165102438704998716e-02,-8.128239939066091158e-02,7.368084393736741566e-02,7.282716063201705170e-02,1.165577664392773022e-02,1.138187209309161618e-01,1.356611677388289416e-01,1.019388273963581226e-01,1.109919108414549049e-01,6.579465402640261029e-02,7.319155719987278062e-03,-2.477263896515709968e-02,-6.688432183052479829e-02,-8.609855760474408037e-02,-1.126485088529421419e-01,-1.479740744629881033e-01,-1.528643220986034834e-01,-8.635085734447034422e-02,-1.220811617726041687e-01,-1.749516385371033544e-01,-8.349818001481791596e-02,-1.229583550961038801e-01,-1.425048805227449034e-01,-4.473517689933770303e-02,-1.035530513083140064e-01,-1.470233682217992055e-01,-1.574515846440126265e-02,6.996745428932120425e-02,3.643096774001288590e-02,-4.987511054012309930e-02,-1.910593852004374357e-02,-4.883611896793794288e-02,-5.292663655835860154e-02,-3.803375508973728947e-02,-7.677179072664236381e-02,-2.078346465627785994e-02,-1.987764739040430093e-02,3.069767119024478449e-02,-5.959813301661846113e-02,-3.363782111763777977e-02,-3.455692509325319212e-02,-4.958793429593823243e-02,-5.116710539666462568e-03,-9.397376341539026567e-02,-2.209722261868690696e-02,-7.879807220474099871e-02,-1.522138354676730657e-02,-3.077314099723108508e-03,-3.040225223314583537e-03,4.834330288843818879e-02
-2.850026526186275402e-02,7.425217493294447579e-02,-1.114838108196374994e-01,-1.168036519551987340e-01,3.024805453122978993e-01,2.850480280337622935e-02,2.465035106107342500e-01,1.000000000000000000e+00,2.986167957747138946e-01,2.781347601445922080e-01,1.648885425241632119e-01,9.403465015985387754e-02,7.471845241396415926e-02,1.149473281276875702e-01,-5.643818990151468207e-02,1.064983557087297167e-01,1.424836085784466910e-01,-1.549198861079235934e-01,8.828120263259692235e-02,3.457131186288164848e-02,3.471427947506051503e-03,7.999454416223043471e-03,-5.152128410279960269e-02,-3.008539307589592690e-02,3.728321785634153285e-02,-4.277328196545321370e-02,2.561531222649062259e-02,-6.961409436978638343e-02,1.380695441214149950e-02,-1.291379365578722294e-01,-3.403068910702049948e-02,-3.502445585153236840e-02,-9.896772815811660795e-02,-5.359618861471893841e-02,-4.959845481852093174e-02,-1.669334608783670237e-01,-8.427991562633430078e-02,3.379832915098104212e-02,1.790976047895707635e-01,5.608361248072082222e-02,8.884256816814821434e-02,9.674898251200844679e-02,4.033231651675311946e-02,1.567822484669490479e-01,1.173919960664905476e-01,7.820466001743395235e-02,1.164651785915490761e-01,1.376306619007819643e-01,1.429995971330986493e-01,8.058854198722935347e-02,1.459360992725718953e-01,1.483990009891219264e-01,6.868648142482429442e-02,1.338103350365230371e-01,4.694519234104282263e-02,-2.619148657633519651e-03,-9.791568843146256085e-02,-1.933220855784712963e-02,-8.873040413148033934e-02,-8.504290911329558111e-02,-5.968892194866921158e-02,-1.227435650042379145e-01,-7.925785302478911831e-02,-1.231106822399048034e-01,-1.988810385619202703e-01,-2.488124443055208038e-02,-1.818670645154128185e-01,-2.434625492982014361e-01,-1.173739589945760886e-01,-2.147305750342248798e-01,-1.295549258906836532e-01,-9.742851805906049822e-02,-2.081787483519957904e-01,-1.770216714331497299e-01,-1.340530600024668617e-01,-1.887608601588410262e-01,-1.450675973586475209e-01,-1.373346115916717625e-01,-5.348187421394136332e-02,-1.350147395078165891e-01,-6.110867409402524070e-02,-1.496667105280603260e-01,-6.546702009508256759e-02,-1.016894973824301746e-01,9.941143804536242690e-03,-4.633649563873085131e-02,3.102058657820559381e-02,-4.121721514869555042e-02,-4.135402333057103252e-02,-5.234569679846719920e-02,-6.361041087940057237e-02,-5.429152389776084608e-02,-9.895031169248187652e-02,-7.489212056997217315e-02,-7.541113783229420886e-02,-7.198096152549381121e-02,-1.642865423605070416e-02,-2.740195584632662898e-02,-1.211708983225231150e-02
7.735184562922471641e-02,2.535974320675764559e-01,9.880807970667181139e-02,1.362609516815503630e-01,2.422013348802901922e-01,2.574799757325592076e-01,5.201805191104935666e-01,2.986167957747138946e-01,1.000000000000000000e+00,4.376197649394360512e-01,1.989709001276303291e-01,6.131028318889123613e-02,1.713098363948208636e-01,8.164894361244685872e-02,4.467354199124136394e-02,9.758716715286042120e-02,6.627787917393833383e-02,-1.743474443175474786e-01,5.152055032099941284e-02,-8.504285145172793547e-02,-5.781060151073249415e-02,-3.583709464936962741e-02,1.445014977964722246e-02,-1.202614631846036369e-02,-6.429341557501780380e-02,3.046750024141159970e-03,5.156617932597236040e-03,4.046020674726797522e-02,7.209635960107553532e-02,1.468425268291747611e-02,7.193636155017341105e-02,1.579355630685616574e-02,-7.865696757051796051e-02,-4.436630208167684913e-02,-1.407256964748619943e-01,-1.482472172955839607e-01,-1.562180303849191043e-01,-6.115664347754729696e-02,8.099771805031083516e-02,-1.141296835972274671e-03,2.319143702623066225e-02,6.996638999607121545e-02,-4.222740872233272588e-03,7.530889291166522129e-03,1.655913096797251571e-01,-9.578809869507212693e-02,1.318655643028154301e-01,-5.974679863473379704e-04,1.885526101228353693e-02,8.473008380642030324e-02,-2.201106526601813093e-02,3.027956592821256718e-02,1.131488862525854566e-01,1.094396014881841503e-02,4.017022884601953447e-02,5.869581808613042601e-02,7.140203417459581314e-02,8.271145270309789022e-02,4.783486204308678991e-02,3.566645149090351408e-03,-2.283425263832390695e-02,-1.009930230043646487e-01,-8.456940474571403299e-02,-9.279155555633374075e-02,-1.954718735326619328e-01,-8.488889860419542022e-02,-5.814056935981071206e-02,-1.959310897683056718e-01,-1.441539431168634977e-01,-9.014069720879369640e-02,-1.913389237753152228e-01,-1.120319881744347712e-01,-1.257927611705809690e-01,-2.303393419507629714e-01,-8.778920965486500250e-02,-1.116748622739894420e-01,3.424574871340525101e-02,4.513300050673309249e-02,5.463005382203654781e-02,2.571086500718615039e-02,2.172496934725713993e-02,1.400165337119117955e-02,-6.343404919889339584e-03,-6.787247341665815503e-02,-2.008291755071447277e-02,3.365939056576006116e-03,5.990751602551636773e-02,-9.073074759690919963e-03,-1.422784878714574569e-02,-1.166775146453005556e-02,-4.242494793604196374e-02,2.200356218971186335e-03,-6.236973083651861649e-02,-4.102801051632861545e-02,-4.666417055368058536e-02,-4.017958780914154815e-02,-4.573284159990816111e-03,-3.367212676812472022e-02,9.729789771725942671e-03
4.386004285747566872e-02,8.178305004153277324e-02,-1.439318337258166658e-01,-1.478229646338005132e-01,1.789921639791583197e-01,-5.127585232660621106e-02,2.266133813865675029e-01,2.781347601445922080e-01,4.376197649394360512e-01,1.000000000000000000e+00,3.689229313912026353e-01,2.832636256244011608e-01,3.090779967229853598e-01,3.210052742643559887e-01,1.729622401523144559e-01,3.116665008194797193e-01,2.812139500736024478e-01,-6.199705991228084134e-02,1.759068432942345606e-01,-1.394671181449616028e-02,-3.548979074675746859e-02,-9.705467738273590439e-03,-4.164729873909393809e-02,-1.212347806798763500e-01,-1.085445778852775767e-01,-1.541969380018641707e-02,-9.634772026844912185e-02,-4.406057214442772249e-03,5.202527210128487373e-02,-6.580735759604275370e-02,-5.916414362250881076e-02,-3.522478848730979661e-02,-1.213809872969978110e-01,-3.693004704053980125e-02,-1.093414891729145022e-01,-2.126578088589876903e-01,-2.426138841031892368e-01,-1.635521141422538460e-02,7.740854007136058201e-02,3.245671423457067301e-02,2.261618133830329419e-02,-5.553195069978322969e-03,-4.708510023591477855e-02,-1.778299678681918503e-02,6.628882290471112271e-02,-7.861005289376002403e-02,2.674004707425373106e-02,-1.575721501592942941e-02,-2.515029447007703992e-02,1.102422091250777154e-03,-9.296018852625187326e-04,-1.312763974091950454e-02,2.524094842792829613e-03,2.444658273756038225e-02,-1.553408481796888368e-02,-1.225747797361400639e-02,-6.227518243828943610e-03,8.678336963559137029e-03,-3.023766885911613120e-02,-2.029193893000314636e-02,-2.618109099439632284e-02,-6.561296706739912221e-02,-3.787557298149204360e-02,-7.246854815839305630e-02,-1.420392602043815677e-01,-4.570166722554368406e-03,-1.123919562090785751e-01,-1.742353605612930734e-01,-7.622170472281292186e-02,-1.407659836077733706e-01,-1.472100721081310848e-01,-1.175811646219569045e-01,-8.449964141391896888e-02,-2.045513645774227340e-01,-1.359953411168806636e-01,-1.808564345898540371e-01,-7.377120585468331659e-02,-4.799553811806928777e-02,5.124682872756927687e-02,4.047018832258195142e-02,7.524456430487784508e-02,2.447261933009272153e-02,3.366573403009470722e-02,-2.263973553883309731e-02,2.920600930042294846e-02,3.214224865652362539e-02,3.028480677204084190e-02,-9.527819101943484775e-03,7.930240993746462365e-04,-3.695003346574551872e-02,-4.692952246698571528e-02,-3.675222795599606546e-02,-3.202849082811049658e-02,-2.812024468162332980e-02,-1.925934371286924102e-02,1.187464407118702346e-02,2.673048812376191408e-02,9.175463282899289086e-03,3.856069847358631342e-02
-3.224641335429981326e-02,-5.332817373767264474e-02,-2.190350630192803016e-01,-2.121957464503210766e-01,9.954532371623730364e-03,-1.303818196232779114e-01,6.180999258576538175e-02,1.648885425241632119e-01,1.989709001276303291e-01,3.689229313912026353e-01,1.000000000000000000e+00,3.940495073140838356e-01,3.900760045672734821e-01,5.556702057537491468e-01,2.165184500955392721e-01,2.792939764670571701e-01,3.610994506165194351e-01,-2.371107067944789454e-02,1.582017573653244635e-01,2.886481084316893167e-02,1.115154097315847713e-02,2.484856867295921062e-02,-5.566141295245474740e-02,-6.303090504927343074e-02,-1.252966211500885496e-01,-2.309821151977457521e-01,-2.696054059108115575e-01,-1.111720694824913508e-01,-9.487441208444524765e-02,-5.000273388468330638e-02,-6.432991180237201956e-02,6.051355919783010101e-02,-7.910783479114612271e-02,-7.382036096940637615e-02,-1.902308464352867046e-02,-1.797736965274108201e-01,-1.553222812605586090e-01,-6.649345703286881071e-02,6.831495757028463456e-02,1.830664732415552762e-02,-4.962911123780143485e-02,-5.300894216361829066e-03,-1.060093712785364073e-01,-2.979852252039255286e-02,-3.778701438206478330e-02,-1.468392555551262801e-01,-8.733771024957595608e-02,-1.080547927503610062e-01,-1.639215620967149692e-02,-1.076442974711839945e-01,-6.797200308037777694e-02,-1.979068905700680225e-02,-9.045434483605323261e-02,-2.464912509521280382e-02,-5.099787900017980352e-02,-9.963967412318483399e-04,3.828035869508903278e-03,-6.182534481508957652e-02,2.414679320452587513e-02,4.862125233485559139e-02,-9.015497345490355863e-03,3.493160273426666740e-02,1.080543579798476893e-02,-2.124304554326449102e-02,1.004425043835165815e-02,8.646199903062845235e-03,-1.213173843923970735e-01,-9.512097587638676174e-03,-2.347148340227471486e-02,-5.640295786059539712e-02,3.014234526458858462e-02,-4.031428635013546008e-02,-5.192932244397904795e-02,-3.728300732788931982e-02,-6.833476141026592621e-02,-1.146667841046650621e-01,-1.705267039477994517e-01,-1.879496265578187997e-01,-2.173729015305119958e-02,-5.433222494400970215e-02,-2.308684356572344651e-02,-5.365185229547104334e-02,1.968029303305205563e-02,-4.279610013028868620e-02,5.691587878063884831e-02,6.906315866741556675e-02,5.182001889407403944e-02,3.252372945931685660e-02,5.260487081725288144e-02,3.064221053822484622e-02,1.938074756145426788e-03,1.694176049461827357e-02,7.113978497884569652e-02,1.249108065778937494e-02,4.471875092737438544e-03,7.669888832464189302e-03,3.777682972888892626e-02,-1.298783236664713403e-02,3.502032223858585203e-02
1.364332952369046691e-02,6.221075119486028232e-03,-1.523316461414701839e-01,-1.824273971376633718e-01,-9.144253812091926448e-02,-5.912523183309080499e-02,-8.810635401158216362e-02,9.403465015985387754e-02,6.131028318889123613e-02,2.832636256244011608e-01,3.940495073140838356e-01,1.000000000000000000e+00,3.454821125698417927e-01,4.771926004281730749e-01,3.941102187086664155e-01,2.375696580418713288e-01,3.410386305932717743e-01,9.285963718921262655e-02,5.876006922585890607e-02,1.752424082319644499e-02,-8.589359008704081089e-02,-1.085770555707757518e-01,-1.204659564338993322e-01,-1.466386036153738692e-01,-1.721568539759519845e-01,-1.317976438373202885e-01,-2.376192563053461937e-01,-2.608005219281816014e-02,-4.464585582628550348e-02,5.415234712804931939e-03,-7.552618464858798508e-02,9.779857915582659822e-02,4.411086896849270717e-02,-5.656634083047615974e-02,1.035960251486692379e-01,-1.394132892862131046e-01,-1.154162200868242838e-01,-2.020902752093613197e-02,-6.094590089927993948e-02,-1.238825808132999473e-01,-1.086262846451582220e-01,-2.286531594228793929e-01,-1.890344136399056962e-01,-6.370049526318113942e-02,-1.596228079459064975e-01,-1.132113847297550324e-01,-1.220626403286326628e-01,-8.898309735472090254e-02,-1.420693238572429649e-02,-1.576892497511737656e-01,-5.965332682974430062e-02,-2.649750890451027519e-02,-1.404585517229665903e-01,-7.918871451627394753e-02,-8.501066213067447197e-02,1.315708854136170974e-02,1.065495432056388740e-02,-6.983622887554340186e-02,4.712771281787461047e-02,3.212144992647855690e-02,8.729740006106968819e-02,2.954315686658421161e-02,7.347870959489828657e-02,-5.902890507175886925e-02,8.442988894797726074e-02,2.317661807050742928e-02,-9.606022421587867566e-02,4.055765429661422478e-02,5.143751563394578091e-02,-1.010785645759230793e-02,6.267145213759903188e-02,1.427503709042084699e-02,-1.224096035728763215e-02,1.141201824226293661e-02,4.015123111807012216e-03,-5.476858659735504148e-02,-1.528982250189024339e-01,-7.519352606030262065e-02,-7.739996479578208077e-02,-9.441266067047944521e-02,-2.873207606480933721e-02,-7.916056776143849671e-02,-5.509210770632515762e-03,3.464981227606929448e-02,5.848330050264854973e-02,7.007594082182364015e-03,-5.327033383278678702e-02,5.245593483228615760e-03,3.354781751740585488e-02,5.649162266026229798e-03,2.654179136012441848e-02,3.808416743753762629e-02,6.723837976702400077e-02,3.032323747555564072e-04,3.677262075973206784e-02,-2.545102717323030877e-03,5.685251087421437817e-03,8.931470251004393107e-05,-1.136403584726156102e-02
-3.496301444101104772e-02,8.900626031276727412e-02,-1.437523174114095359e-01,-1.747283794655970779e-01,9.258852226601435587e-02,1.760905522375794466e-02,4.675515801183130482e-02,7.471845241396415926e-02,1.713098363948208636e-01,3.090779967229853598e-01,3.900760045672734821e-01,3.454821125698417927e-01,1.000000000000000000e+00,3.401990538553869570e-01,2.535321753453348981e-01,3.870247326683908251e-01,2.453168175017479968e-01,-1.272014892389091434e-01,4.872493817152422774e-02,-1.954755912519882607e-02,-1.129009788318227903e-01,-6.807432393741237597e-02,-6.283303949590074433e-02,-3.137654135584001108e-02,-4.368377581254968139e-02,-9.096916797361312423e-02,-2.717628287350639174e-02,8.863965174052577944e-02,7.905665339099002265e-02,6.138226086920706148e-02,1.021250330353422192e-01,1.655133461766448433e-01,1.455259093406498574e-02,-4.125000382859313197e-02,6.259445847764694149e-02,-4.219773773332485822e-02,-4.668046286843564180e-02,-4.466383026024361297e-02,-7.778733734825549195e-02,-1.301536687872834053e-01,-1.956356506833256959e-01,-1.397241527876343925e-01,-2.632279374192586507e-01,-1.117802955184033914e-01,-8.220201274174911144e-02,-2.374852118491687925e-01,-2.821960229228951192e-02,-1.601162083063398800e-01,-2.111780563815467485e-02,-3.835908650398893449e-02,-1.035503316698243442e-01,6.546956446223779758e-03,1.859684357883947207e-03,-6.758572423529073114e-02,5.041982068084811114e-02,7.234863586374237765e-02,7.919763450098407653e-02,5.857479992452196971e-02,1.096964544233593880e-01,4.211053037893056766e-02,-2.417966484313113090e-02,-9.596355484516517391e-04,-8.863448548692330620e-02,-9.712690947105324935e-02,-1.245892129733444098e-01,-1.476004446135390502e-01,-2.162293050700502539e-01,-1.123733090416652591e-01,-1.836641673309613310e-01,-1.543483292254398120e-01,-8.452589513074215688e-02,-1.721441268833717453e-01,-1.330786206944279959e-01,-1.243799802306758684e-01,-1.613117725184355089e-01,-1.470265414760614509e-01,-1.646321374117080127e-01,-2.203502323058270096e-01,-1.259248626966189832e-01,-9.890920249468737602e-02,-1.526991161154221399e-01,-1.048960390371451029e-01,-7.855228681872233887e-02,-9.409919034127918469e-02,-8.322957243132166495e-04,-6.909808526430331541e-03,2.746535396910646312e-03,-1.741589576155155861e-02,2.920016582444357953e-02,-3.284049312454733350e-03,-1.553643626931192415e-02,-5.218093809665040779e-03,4.823572066859764529e-02,-1.912216982194886797e-02,-8.207831606412103326e-03,-1.233650759086930143e-02,-7.528602588152156876e-03,-3.111125508407798154e-02,2.109303653962427486e-02
-3.612284644612665657e-02,-7.849062749397189842e-02,-1.995943679226501455e-01,-2.205607937080488745e-01,-4.812014313478019806e-02,-1.029237079861537452e-01,-4.104826770029600114e-02,1.149473281276875702e-01,8.164894361244685872e-02,3.210052742643559887e-01,5.556702057537491468e-01,4.771926004281730749e-01,3.401990538553869570e-01,1.000000000000000000e+00,3.997790216318227730e-01,3.585967094445539072e-01,6.156143438306068694e-01,1.466473322795539269e-01,2.724466131484474252e-01,1.559771518564832260e-01,1.437284943830631490e-02,-2.818050010938500174e-02,-1.517531042534441266e-01,-9.465215300041873725e-02,-1.576913110242346983e-01,-2.122620829803961440e-01,-3.027277855531878004e-01,-1.874067755308537475e-01,-1.849154112162816332e-01,-9.796767263279469728e-02,-2.011353029994404906e-01,-5.090970661569613198e-02,-1.645120709396034886e-01,-8.408895903712121367e-02,-9.367462402040765967e-02,-2.428427578057603675e-01,-2.107047548809877213e-01,-1.015068163865257556e-01,-4.795119376107217363e-02,-1.264073929226655624e-01,-1.356753201930855079e-01,-1.854916926876996608e-01,-2.111560183985093375e-01,-1.120655415465957316e-01,-1.359390012479756715e-01,-8.509803482660113771e-02,-2.389607861800002730e-01,-1.249844491100774724e-01,-1.723921072013503142e-01,-2.419521425448317442e-01,-9.981957463679068387e-02,-1.788446155056181708e-01,-2.255118565818658716e-01,-1.308548482755666209e-01,-1.849599765520984207e-01,-4.943935005854933895e-02,4.597664181725185685e-03,-1.166041247020438293e-01,1.895440036919989954e-02,1.186508602202587803e-01,1.266260721646761678e-01,1.136312478267182124e-01,1.321101958510035868e-01,9.102183616927775334e-02,1.574657011942096063e-01,1.591180337209986140e-01,2.880431310463617625e-02,1.269668235577740556e-01,1.718291426835744928e-01,1.196408041063440064e-01,1.797710563268712647e-01,1.438874697310505990e-01,1.320931084028406366e-01,1.422365218353983107e-01,8.560968980824443242e-02,8.602679655335200570e-02,-1.115115289171643431e-01,-4.469752282866649301e-02,2.292653584392910157e-02,-6.769296211419761899e-02,4.054554454501058808e-02,-5.100149753261128821e-02,2.159842862577100037e-02,3.906313764538291156e-02,7.709983293842354035e-02,-9.901331310639591501e-03,-3.834937573360349544e-02,-4.730680192728329431e-02,6.202724074723032187e-03,2.694946999397313664e-02,6.442356390239244342e-03,3.275882093348087692e-02,6.098187216555400747e-02,7.316098750472304138e-03,-1.883414552080901966e-03,1.145235631442896584e-02,2.336454662483389288e-02,-1.733671741382041692e-02,8.603338173821783660e-03
-4.855996690644711483e-02,2.929810481982737108e-02,-1.569899845045138742e-01,-1.531972809183282658e-01,-3.211389402689180522e-02,-1.232922906934630532e-02,9.210417310519622425e-02,-5.643818990151468207e-02,4.467354199124136394e-02,1.729622401523144559e-01,2.165184500955392721e-01,3.941102187086664155e-01,2.535321753453348981e-01,3.997790216318227730e-01,1.000000000000000000e+00,3.653043393568061736e-01,4.042958615236588171e-01,2.167724985167562846e-01,1.476220007355706076e-01,6.999826630829662777e-02,-6.895837231889273555e-02,-4.877101597935258603e-02,-7.694932814021515632e-02,-3.433982932633406621e-02,-1.799220556769800250e-01,-2.011662874886790409e-01,-2.709147828182981721e-01,-5.916809734161940226e-02,-1.225059236156843256e-01,2.735256458149752309e-02,-3.520388019645443595e-02,1.208395507456149487e-01,4.953857959912291026e-02,1.601910952557483447e-01,5.638981451512065091e-02,-1.862714366193387872e-01,-2.779180401019580304e-01,-2.758385551945550795e-01,-2.365941666401367716e-01,-2.534466743750208306e-01,-3.048758077106223374e-01,-3.281893543554820214e-01,-2.971016819771763462e-01,-2.702215484495508191e-01,-2.502216678029123842e-01,-2.556708848695879999e-01,-2.076593022630090213e-01,-2.160727779331926002e-01,-1.167083047139615970e-01,-1.650640827458632054e-01,-1.778673827582210321e-01,-9.973077743381163207e-02,-1.182134880267440152e-01,-1.415857057559126997e-01,-2.571137809306026437e-02,1.425242394316630912e-01,8.666678828714399763e-02,9.244205465416192868e-02,9.271121976106551366e-02,8.674405758589334714e-02,9.341541174214662568e-02,6.769925940950712040e-02,5.590093950208498141e-02,-1.229564989244685651e-02,1.272077182937835782e-01,-4.736555374298073717e-02,-7.110062855934343173e-02,1.402477011242328486e-01,6.718637775168781988e-03,4.382654613519185866e-02,1.418060635551049165e-01,-6.450306871218094984e-02,1.056496246406001677e-01,1.224231248762004814e-01,-9.133696198099265640e-02,9.793460081251167959e-02,-3.919397836013007591e-02,-9.879995898204194105e-03,-2.385510974950683441e-02,-4.515725662112497069e-02,2.480328203270484519e-02,-2.762965778990034149e-02,5.124395637618944094e-02,4.675170734054068938e-02,4.943945863372627147e-02,-5.990187252711424819e-03,-6.477381808082313674e-02,-5.366883241528147552e-02,-1.634284519517947148e-02,9.828616304504791262e-03,-2.687202984046868290e-02,4.012098363697151615e-02,1.771970083140667063e-02,-3.383691585979677844e-03,-1.967039204371995656e-02,1.432793371537596609e-02,-1.215033224475213676e-02,6.285663654439153404e-03,1.749885005829035153e-02
