1.000000000000000000e+00,3.641015542903093261e-01,2.484442733326355235e-01,-5.797528536613092420e-01,-2.065076491264721814e-01,5.007462757046614588e-01,-1.053867668166596355e-01,-6.104743365256858345e-01,1.769797019946051375e-01,3.931564486473874132e-01,-4.850159777143212558e-01,-3.546834403199528030e-01,4.481338921845140488e-01,3.973714754329626953e-02,-6.143906195068092879e-01,1.913045485445267341e-02,4.425773724399486575e-01,-3.193355371085279670e-01,-4.873864758092587013e-01,3.199315480938267342e-01,2.473192121280744504e-01,-5.412628492940760871e-01,-2.152522710787576621e-01,4.436697108769705467e-01,-1.207028342581634855e-01,-5.414885636230135635e-01,1.710230448306526152e-01,3.513763965218169028e-01,-4.207053284388865277e-01,-3.806023620572636657e-01,-2.941335025953157878e-01,-9.214185180890717419e-02,-4.245549290633925388e-01,-2.443285267082995482e-01,-1.036657430859840995e-01,1.293500542940417275e-01,2.293560573603444785e-01,7.252945150857575962e-02,3.253982374884051842e-01,1.904731098854483828e-01,3.343293941114047763e-02,1.794864637528897078e-01,1.376087072535480405e-01,-4.395313987411949598e-03,1.852797055751621291e-01,5.661674986269113474e-02,-2.362312422121076033e-03,4.492732186147857520e-02,2.713237490751879092e-03,-7.155451676918138382e-02,2.368213026728862580e-01,3.231535911966715857e-01,1.343849185387835099e-01,3.015622617074653067e-01,4.336468453739421025e-01,-3.817706610406036705e-02,-6.855699227099697202e-02,4.260636322352628347e-01,3.160350949689439415e-01,-1.582714458060616447e-01,1.240149473589247653e-01,5.014401560720441742e-01,7.071362046566226356e-02,-1.483321767013087711e-01,3.857730113367568991e-01,4.051022472760221205e-01,4.308493558512769273e-01,2.043916961261187104e-01,-2.496916506159483073e-01,-7.738141107678973840e-02,3.375847737046599462e-01,-3.252368284388399561e-02,-3.579801495368347686e-01,1.894177238065052615e-01,3.281298794754577974e-01,-2.690236358176841258e-01,-1.921875976207924885e-01,3.821667576893068019e-01,1.053745441642173070e-01,-4.013733016147126853e-01,8.726416633260457301e-02,4.005783521913307554e-01,-2.026542442799462995e-01,-2.708297712310107630e-01,3.530608542429049534e-01,1.065661802265458202e-01,-1.654817927727883220e-01,-3.282674136013399302e-01,4.718056098266611431e-01,3.439593726134324569e-01,-4.083635643396489878e-01,-9.940357224100360156e-02,-4.884832993744039897e-01,-3.206748773114540541e-01,3.059626651144422074e-02,-4.251004629741529928e-01,-3.612032812934540815e-01,-5.550408356253844211e-01,-4.286311067455922941e-01,-4.957243989358642300e-01,-4.155513991046965172e-01,1.919256421698334325e-02,9.644039595251688302e-02,3.187346530013022705e-01,5.333365241550748204e-01,3.215811298010547992e-01,4.678583390872630143e-02,4.087532716991392756e-01,3.544258470243223935e-01,2.151634907499146987e-01,-4.002808556459779843e-01,-4.954794999675131151e-01,-3.615794133271499344e-02,-1.211554579649332386e-01,-4.741617800334415045e-01,-2.796708305687586327e-01,1.304869717309015964e-01,-2.187239837349586602e-01,-2.133664478385892405e-01,2.236219670280771843e-01,8.266307795481450324e-03,8.762828287760507373e-02,8.889891629164632658e-02,7.769602638075244483e-02,-4.833977358106797406e-02,-1.732023341780141168e-01,-1.881231983475650238e-01,-1.446621353792043041e-01,-1.597000970206896853e-01,-2.667891322016620048e-01,-1.773920729027868293e-01,-1.740192256349757660e-01,-4.122349992338026348e-01,-1.831341005166877700e-01,-1.597653003711342612e-01,-4.198091855767768776e-01,-3.468304886637939566e-01,-3.834414758968499037e-01,-4.160177859627983699e-01
3.641015542903093261e-01,1.000000000000000000e+00,2.431576922974043944e-02,-5.528471601731497209e-01,4.610854211405785996e-01,6.916987074182484596e-01,-4.104976758985142693e-01,-2.672361422048230573e-01,7.769360627813199915e-01,2.471078087559543390e-01,-5.744386342808304180e-01,2.300665819500503917e-01,7.362923125944640379e-01,-2.341632281553398531e-01,-4.006822745542371611e-01,6.212385457686937507e-01,4.606024049042383162e-01,-5.270642128692566430e-01,-2.623757403150131159e-02,7.676729479484716290e-01,4.485941597953380794e-02,-5.095305920973038916e-01,3.706063325898805716e-01,6.245760433185546523e-01,-2.960697761899556690e-01,-2.376213843151464278e-01,6.777863077088475130e-01,2.999502341700005514e-01,-4.780162194948783805e-01,8.143972383337903798e-02,-5.676480055822884507e-01,8.469694182521890491e-02,-2.843707783603912631e-01,1.944595105056575457e-01,-1.318263091906906603e-01,-1.085226260655291625e-01,-1.088215306744240995e-01,-1.730200980096459895e-01,-1.216187371141556547e-02,-4.545706081552377403e-02,-1.307039706429083681e-01,4.552656585299246004e-04,-2.172520643277173757e-01,-9.551753536234328101e-02,-7.218502058797118814e-02,-2.025049426850766832e-01,-2.314849134172544121e-01,-5.218295161011476252e-02,-1.592127014615059288e-01,-1.459201179537636672e-01,9.959963197495511067e-02,1.813081077650714745e-01,-1.818290012530932864e-01,1.441562250197548634e-01,2.478194441813212634e-01,2.032350014973366703e-01,5.724229415008018351e-02,1.583745806707712034e-01,3.056532733906175969e-01,1.276259156387518912e-01,4.342902682351824223e-02,2.529230138084683221e-01,2.551126239359708947e-01,7.528853542617143513e-02,1.423450410430344149e-01,3.289998027140596526e-01,1.893451189759865483e-01,-2.305430021980875710e-01,-3.479991818367736967e-01,8.430994436456315522e-02,5.453873763992860696e-02,-4.154201949851275555e-01,-1.424562854269968981e-01,3.500018212521731620e-01,-1.837093973223371812e-01,-4.865322186892084289e-01,1.922682086690632730e-01,2.438308865992966923e-01,-4.336109179480320264e-01,-2.932727130988495023e-01,3.512387847635342619e-01,-2.326645443834749957e-02,-5.425291052755484289e-01,2.348898541233303966e-02,2.580721664537623528e-01,3.245283784419246698e-01,3.260752611696953185e-01,-2.140170702119078838e-01,1.455748958339918298e-01,5.103044057346085571e-01,8.151231750457824110e-02,-2.003501023428442551e-01,-2.825957782803418250e-01,1.931459750091174543e-01,3.729407646880302796e-01,3.258522863569903588e-02,1.070959817311085416e-01,-3.308984603877879738e-01,2.173747316108378194e-02,-9.182075264526783076e-02,-3.223929206233386857e-01,-4.332858347066798066e-01,-2.694159525716992576e-01,-3.176307072528027353e-01,1.809485651277988050e-01,4.561553925932532727e-01,-1.113779005342877548e-01,-2.280719203616158042e-01,3.542387040833626100e-01,-2.740332135432241301e-01,-7.384998039971351069e-01,-1.818237271901407270e-01,-7.187071099462967461e-02,3.386799110292423864e-01,2.292865865028916039e-02,-1.533813053027186235e-01,4.130343010331694598e-01,2.665278261496200063e-01,-4.527232812672763590e-02,3.333616845014040209e-01,1.899129090348030680e-01,2.369664771380597390e-02,-2.537428942108905239e-01,-1.508634643503524442e-01,-2.262122752936953918e-01,-2.428492854521535349e-01,-2.392305325769359392e-01,-2.374825547340186083e-01,-1.801149117896330143e-01,-1.996707510895366910e-01,1.843911840247674239e-01,2.999030720417730431e-02,1.632793182950599206e-02,3.696340765348982704e-01,1.872197789192360864e-02,3.462840374775155716e-02,-8.367425321297104757e-03,-4.406647893098082913e-01,-1.316335341954204541e-01
2.484442733326355235e-01,2.431576922974043944e-02,1.000000000000000000e+00,-3.132769078478626207e-02,-5.687378588148979119e-01,5.283191453194622245e-01,6.791240291444156085e-01,-4.158011077349041407e-01,-1.827658622076202555e-01,7.748239830322343202e-01,2.182282757702372622e-01,-5.392510213823344944e-01,3.149448016814434537e-01,7.431574646476072354e-01,-2.587306486615710832e-01,-3.839942202225151147e-01,6.526561573280150741e-01,4.209844914165641883e-01,-5.150020879671624030e-01,1.509079814795582716e-02,7.563747581242069584e-01,1.931263389942001335e-02,-4.951096328964895155e-01,4.244151602055373784e-01,5.701788873580572181e-01,-4.193998310653612172e-01,-2.067743549398055325e-01,6.937304480340633628e-01,1.937240788513540091e-01,-5.541053893272031017e-01,-2.563983965702849588e-01,-5.470725247801597746e-01,-4.980151243483412760e-01,-4.011393821794472792e-01,-4.555702406112108194e-01,-2.790229113963701435e-01,5.744311006850461379e-03,-8.441838311008234563e-02,-6.001351339664991874e-02,4.836406328746994943e-02,-1.081748114129725963e-01,-4.958393602020428476e-02,-7.378253388121712442e-02,-1.611163822527925116e-01,-1.350402683602998921e-01,-9.375308059479994793e-02,-2.135216936763598972e-01,-1.752714889163564937e-01,-2.533084736803664083e-01,-2.919033231472684675e-01,-2.125902135955997085e-01,-4.746210262549848541e-02,-4.237311840642851019e-02,-1.728774180292059204e-01,2.092466889987675271e-01,6.769058268412193879e-02,-2.732403216623421338e-01,-3.555664081010636440e-02,2.280564705840277540e-01,-1.247536431037518934e-01,-2.524253001380797889e-01,1.577155545989549212e-01,1.604394792897786137e-01,-2.664882347240182803e-01,-1.046515720050927856e-01,2.448037336370697536e-01,1.705271267449743611e-01,2.681287376016522894e-01,7.918050432523023041e-02,1.739032615216461741e-01,3.105324001049900584e-01,2.413030259005762290e-01,4.156736613398748920e-02,2.254248356074044501e-01,3.537104029467919575e-01,1.741515140458413102e-01,7.056048845470073994e-02,2.861403230442108314e-01,3.040077275744992868e-01,6.846014971371250368e-02,1.859914017138326603e-01,3.206769071685480199e-01,1.798895575528008939e-01,1.256414997436916259e-01,3.317328054927952130e-01,2.714165315827891667e-01,-6.937120101375493508e-02,-5.663665850420326331e-01,-1.116167648546732422e-01,3.020285772121816814e-01,-3.011797209247170648e-01,-5.251690666514193806e-01,-4.806477904417152391e-01,-1.815688883659863917e-01,-2.845743498761032497e-01,-2.026566457624022766e-01,-4.557747692527293615e-01,-1.952645766280821094e-01,4.456948789970179188e-03,-3.941837704466810699e-01,-4.563836824946151394e-01,-1.159952429698569570e-01,4.833565390739955059e-01,1.913992903418124947e-01,6.012413361005268797e-01,5.794216395497679972e-01,6.828723409083627960e-01,4.461812564628550026e-01,6.244127123490934572e-01,6.115362009539382360e-01,-6.702699284138941005e-02,7.373402565774561657e-02,5.443165077567129195e-01,9.291771960709499512e-02,-1.750152323646391173e-01,3.103426082689350607e-01,3.728298027155677041e-01,-9.417048687982720184e-03,2.590775827289562017e-01,4.545656552968679320e-01,1.635870245488665609e-01,3.641226750459197747e-01,1.570169825827016086e-01,1.482906469387255954e-01,-4.954804213232332118e-04,-2.013060625432619155e-01,-2.236748252789769187e-01,-5.411096543990050189e-02,-2.189094046469009791e-01,-2.716910875749365961e-01,-3.125033579300969255e-01,-5.032214216699354425e-01,-4.075657939352556047e-01,-8.293983224754714056e-02,-4.931530904648906422e-01,-7.913938585219705557e-02,-4.526829194840618631e-01,-1.565420938498507941e-01,-4.691173955537909085e-02
-5.797528536613092420e-01,-5.528471601731497209e-01,-3.132769078478626207e-02,1.000000000000000000e+00,-1.371882042802693644e-02,-5.336927234836280620e-01,4.814950938357337451e-01,6.927979036417404313e-01,-3.790450713533503047e-01,-2.042246567282170189e-01,7.943926543749290081e-01,2.376541457553110470e-01,-4.898853187347602667e-01,2.933503507496103002e-01,7.417202617538772857e-01,-2.199492615273428431e-01,-3.174761839795176011e-01,6.580982549496831036e-01,4.335883942902385990e-01,-4.573132285127018415e-01,1.560288546527590844e-02,7.717541644435673698e-01,4.667027714873381999e-02,-4.415747331193990988e-01,4.442409984785095078e-01,5.549243052186191294e-01,-3.632585749711606526e-01,-1.662717998817685172e-01,6.885376489244436904e-01,2.358898362733607701e-01,3.413028346914226963e-01,-1.969276227894390108e-01,2.740148311489298272e-01,2.737698881305234561e-02,-2.559855086884878922e-02,-2.295444970114907390e-01,-2.794690551409204082e-01,-1.095703862728423933e-01,-3.182404169325580012e-01,-1.932420508464628151e-01,-9.531363908112215622e-02,-2.553708476654179549e-01,-1.635159135447665224e-01,-6.916503106178366334e-02,-2.884178375995964383e-01,-1.133027056023727525e-01,-9.442318467255765568e-02,-1.462041476204523904e-01,-1.444398371618159094e-01,-7.659617975420218716e-02,-3.741020079526203856e-01,-4.020686678822086857e-01,-1.674809038232825675e-01,-4.208642975033553002e-01,-4.272861352044976524e-01,2.132682309429571876e-02,-6.249028357242289444e-02,-4.999655023278897215e-01,-3.046014617417063253e-01,8.745321770975374165e-02,-2.572364903476108688e-01,-5.227255909531510758e-01,-5.959982645583217914e-02,2.098582775958950097e-02,-4.934486597486397730e-01,-3.990893419158026978e-01,-3.731488824042966668e-01,-8.601766980005694230e-02,2.857966624328134309e-01,1.385180478751019406e-01,-1.943540997094662659e-01,1.548307778650481192e-01,3.672368084467997340e-01,-1.349523602332682870e-01,-1.518041867359069819e-01,3.610446807004235592e-01,1.715335859436385446e-01,-2.693389762323663006e-01,6.455701167019158027e-02,4.220331751673584431e-01,-5.055566180933184633e-02,-2.441322570862678176e-01,3.111860371890405319e-01,2.875474542248169230e-01,-2.542048283070705295e-01,-4.602134315768766082e-02,1.195174145417553790e-01,1.345869057678970027e-01,-5.298471013856809186e-01,-2.704379515697787340e-01,2.954479302622375902e-01,-8.317509710641549092e-02,3.140093705112891320e-01,2.434324713592656009e-01,-2.264359816147274440e-01,3.226673548492158261e-01,1.584266165490511857e-01,4.710546312093061849e-01,4.157732990059966327e-01,3.007779736271749549e-01,1.867669639589021047e-01,-5.016655964781496085e-02,9.334169506142858674e-02,-2.634485392810194671e-01,-3.797172189248710361e-01,-2.158041516733151532e-01,2.550396302710970509e-01,-2.899536010889866566e-01,-2.048854728731172858e-01,4.425678778864771540e-02,5.542985325807268104e-01,6.184654089276211408e-01,2.977593752756782508e-01,1.759468641968920666e-01,4.305474077072221073e-01,4.958299771786692234e-01,6.621747374937971171e-03,2.115992909030303126e-01,3.697576488592178023e-01,-2.539329962346139474e-02,5.602948690611982141e-02,8.224959647062032864e-02,3.484648393073275230e-02,8.180542134684757119e-03,1.180963774783921200e-01,1.438638216976068918e-01,1.587444865768093683e-01,1.914044557952069570e-01,1.216774027945033976e-01,2.176226429032308007e-01,6.522745143478586582e-02,-5.568535691211454891e-02,2.391744493286019069e-01,1.146579321918031469e-01,-6.833539037516023207e-02,3.871701297959569410e-01,1.554143774536033140e-01,3.667459427866855415e-01,4.172649229285368411e-01
-2.065076491264721814e-01,4.610854211405785996e-01,-5.687378588148979119e-01,-1.371882042802693644e-02,1.000000000000000000e+00,-5.733249803324865640e-02,-5.983232571660723753e-01,5.019551303603063674e-01,6.847106386788883725e-01,-4.572559106960001896e-01,-2.152935893135557721e-01,7.994471525906914344e-01,1.883541274194233672e-01,-5.839120912537177910e-01,2.793762481353942451e-01,7.653768457725307339e-01,-2.242576519023832260e-01,-3.983190432863321639e-01,6.441853034867236483e-01,4.589748537539297679e-01,-4.995346831188098857e-01,-7.990107689292903770e-03,7.675876969314687770e-01,2.230992284472552503e-02,-4.188783756924377433e-01,4.431720640425596547e-01,5.924101120389722031e-01,-3.179488759784330765e-01,-1.572036059527593954e-01,6.481783095182731547e-01,-1.533965570463667605e-01,3.609474308374323037e-01,2.598132253834367078e-01,5.117886488711774762e-01,1.887979783082948948e-01,-5.263470588928517019e-02,-2.949910691495091775e-01,-1.901966941079345219e-01,-1.792643392510882561e-01,-2.061018403345822869e-01,-1.334036679295336758e-01,-1.354243276608021740e-01,-2.806049675706758229e-01,-2.918645590223680614e-02,-1.658410299358229201e-01,-2.018577755020985742e-01,-1.383067695212367165e-01,-2.913327310138151549e-02,-7.875418651647839163e-02,1.606824511115360551e-02,9.403409041131515115e-06,-5.418625287905019100e-02,-2.656755588201590301e-01,-2.127320572284062405e-02,-1.871433567861889857e-01,1.709287300125714171e-01,2.075602255737383772e-01,-1.518170793847445632e-01,-6.001776432879556145e-02,2.730679125121349693e-01,4.597353684759343528e-02,-2.110551582978942298e-01,9.970720513612711666e-02,2.724469074471235763e-01,-1.146262116680479004e-01,-1.145797487199809450e-01,-1.912212178492502523e-01,-4.840082251506577227e-01,-2.192939344234043075e-01,5.965328074462488556e-02,-2.910907986558130545e-01,-4.920752039735329930e-01,7.328993462002503234e-02,1.082894612878771839e-01,-5.407762387711206875e-01,-3.666746541075351362e-01,2.705355325363601460e-01,-1.350986216049586131e-01,-6.194756428468156662e-01,-5.575909078902737542e-02,1.919357054559782116e-01,-4.181726494393572247e-01,-4.690237331806271781e-01,1.303789121574239762e-01,-1.439676188196076789e-01,1.081549847909202833e-01,4.521395253167856398e-01,2.820501910309602955e-01,-1.299723668810872090e-01,1.108001158827984917e-01,4.906847344226762941e-01,1.257413158859979063e-01,2.767202148098607539e-01,4.827815804165934144e-01,4.199279701038397539e-01,3.958785330668980751e-01,5.379986240633789496e-01,1.277927016321476761e-01,3.040370784194544318e-01,3.897749500941439793e-01,1.381543323164317050e-01,-3.866607987382106315e-01,-5.651380589155481360e-01,-6.499820510631890702e-01,-5.057437290943801456e-01,-8.620464562838854594e-02,-4.454553264043604743e-01,-7.476381086249394015e-01,-2.387499676482763844e-01,-6.878551048905178211e-01,-3.323985681516103408e-01,1.639684952468584422e-01,-2.655189180515153402e-01,3.920584475059539220e-01,4.375315364766295678e-01,-5.291385295628306396e-02,1.515749537433680461e-01,4.142556643984838805e-01,9.785648795637660879e-03,-1.004334377674167764e-02,1.100942478016106729e-01,-1.842394871865064010e-01,-3.541257128749150107e-01,-2.527015090091097038e-01,-1.493103197903422052e-01,7.778275604074771400e-03,2.696026563895249223e-02,-7.079323920633212586e-02,6.488272731681909988e-02,1.321193082255178175e-01,4.510289513376065096e-01,3.526612197207588117e-01,4.748522345889840679e-01,5.100930112137641581e-01,3.267345639499211751e-01,3.514294122321157121e-01,4.237509349616175869e-01,-8.841268342972728733e-02,1.771220939803479499e-01
5.007462757046614588e-01,6.916987074182484596e-01,5.283191453194622245e-01,-5.336927234836280620e-01,-5.733249803324865640e-02,1.000000000000000000e+00,-7.017395382488632836e-03,-5.751016394473548177e-01,5.024075845036554133e-01,6.627901753214606728e-01,-4.193002709929448124e-01,-2.033305614524232030e-01,7.759827091628397344e-01,2.116448794378049392e-01,-5.563752254406723052e-01,2.353144384395853550e-01,7.394608182253601392e-01,-2.316830057676192434e-01,-3.912026470540612699e-01,6.028947061230803817e-01,4.569760228841855398e-01,-4.686332332944876389e-01,-4.372648802846510613e-02,7.355498548678051085e-01,4.576327258925129426e-02,-4.939921980491913667e-01,3.995344594160444851e-01,6.207482922304107253e-01,-3.301381278435000510e-01,-3.011381811530616792e-01,-5.794194517694666313e-01,-2.177597001295434598e-01,-5.211507420965830750e-01,-1.015621249350015382e-01,-3.456289568371153642e-01,-1.877225473644945353e-01,-1.648951272537458809e-02,-1.450372638755422772e-01,1.375520553606979224e-02,3.567825508771838017e-02,-1.286691469712801239e-01,1.591850586430670553e-02,-1.580754389256203152e-01,-1.520460987110404949e-01,-6.434853338000570688e-02,-1.577809756764760596e-01,-2.511777260551899538e-01,-9.563830195133689316e-02,-2.140849035259522470e-01,-2.399379065237335906e-01,1.042676278049909679e-02,1.595446023997809659e-01,-1.137040516456459815e-01,6.449674176710591678e-02,3.620239327776190730e-01,1.687494502091912152e-01,-1.152652681695057607e-01,1.714856324971474888e-01,3.921288563252914305e-01,-9.472943578643356483e-03,-7.851414949772334007e-02,3.521938399941609288e-01,2.735430805702944168e-01,-1.143445214983861702e-01,1.161606396215351528e-01,4.305229500252254482e-01,2.848619103235970895e-01,1.403561009725689916e-02,-2.245596547758954564e-01,1.331730179060660324e-01,2.401368683348969746e-01,-1.589633131670465105e-01,-1.236211290766819626e-01,3.760799549920708640e-01,9.375971319143611149e-02,-2.751680940529713792e-01,1.332061612426895247e-01,3.701995956795105513e-01,-1.226167680244076852e-01,-2.184411909528149454e-01,3.449965320426057747e-01,2.019110425506804585e-01,-2.997431473189856588e-01,4.374104806207106122e-02,3.981126017072148526e-01,3.766967485341429223e-01,1.432924749618643412e-01,-4.867338097205655689e-01,1.227017550262400752e-01,5.479902846554272067e-01,-1.737167864246515481e-01,-4.177969708030131457e-01,-5.129821085127761471e-01,-1.695546356277276637e-02,1.178380839558756804e-01,-1.435417394674707303e-01,-2.170806157312099860e-01,-4.076784225670800343e-01,-5.718370131058424927e-02,-3.358586583856976171e-01,-4.974302164093100109e-01,-3.413666708729751198e-01,7.255133130436294819e-02,-5.758977499456313653e-02,5.318449089387861095e-01,6.859577259160021256e-01,2.702895359583746826e-01,1.406236794181190408e-01,6.212017202966635399e-01,1.543035705529421930e-01,-6.265029833997840525e-01,-1.817201921772967632e-01,2.057879165020039536e-01,2.418736824993822365e-01,-1.660206831447684772e-01,-1.475758568776911264e-02,4.774880393958075286e-01,1.299614476462526147e-01,5.115579271817174284e-02,4.795485194435666343e-01,2.044790368974039318e-01,2.092800386764507858e-01,-8.926793911422999106e-02,-1.486233717385650362e-02,-1.724349787948596113e-01,-2.945045312828963868e-01,-3.107190831123142760e-01,-2.317104152617062152e-01,-2.672235429529256079e-01,-3.373460076941758312e-01,-7.368668528184833810e-02,-2.645797565403306684e-01,-2.635937792716889772e-01,1.754059515829942961e-01,-2.613089952700095586e-01,-8.909366229021828398e-02,-2.927830841175279031e-01,-4.424315532712582710e-01,-1.808179246981565791e-01
-1.053867668166596355e-01,-4.104976758985142693e-01,6.791240291444156085e-01,4.814950938357337451e-01,-5.983232571660723753e-01,-7.017395382488632836e-03,1.000000000000000000e+00,-5.825788754497720351e-02,-5.459455475568114613e-01,5.253639922992208167e-01,6.583507726982904540e-01,-4.541728306554757566e-01,-1.413090523349516403e-01,8.093626912213597313e-01,1.655101278507116469e-01,-6.018448742334350232e-01,2.946786786977407813e-01,7.508117132662732729e-01,-2.760933379765877493e-01,-3.881399847026388295e-01,6.266665429514237662e-01,4.422452073111510784e-01,-5.161696002166151764e-01,9.630395091129567361e-03,7.271727752074109707e-01,-8.937471054301387996e-02,-5.135204176924373920e-01,4.336610228893051922e-01,5.507973343539535049e-01,-4.125940440642580920e-01,8.708216555287326410e-02,-5.589226555320457868e-01,-2.340338036648401676e-01,-3.939652703306520953e-01,-3.509462914390789612e-01,-2.816030344501839755e-01,-5.332357791396354074e-02,-5.717864378105420170e-02,-1.490287651142614134e-01,-6.990049528270583443e-03,-6.544375749070510673e-02,-1.319386507701591216e-01,-4.136801772989721210e-02,-1.267054401522866580e-01,-1.878628888479652037e-01,-5.248006407647869132e-02,-1.311057584414976329e-01,-1.680622536676119327e-01,-2.087974772724206229e-01,-2.148348004190751559e-01,-3.316030036603423992e-01,-2.331999034045567909e-01,-3.324491950988944095e-02,-3.342894126445575265e-01,-4.882265739481974481e-02,-1.379073261986147637e-02,-2.766348283991204582e-01,-2.457629318211680403e-01,-1.441235057300265139e-02,-1.291225771860600724e-01,-3.132243196068805191e-01,-1.217575071762586753e-01,1.997911609379977513e-02,-2.515745879982791977e-01,-2.980575569409487091e-01,-3.278654372371279241e-02,-3.856758873351900929e-02,2.807267327338338059e-01,2.712200579240098275e-01,1.535965289187003757e-01,1.797949425995163386e-01,3.945850981007567593e-01,1.951900878023699326e-01,1.960089364954738927e-02,3.029713618838944522e-01,4.130839813758827028e-01,3.782591960253486874e-02,7.058353450317124411e-02,4.228287584033219026e-01,2.840971192025193437e-01,2.326082080856194112e-02,2.026296176599574617e-01,4.307087770759059908e-01,1.892990612580485454e-01,1.132905180928464733e-01,1.074647211338737030e-01,-1.227303076557246519e-01,-3.525632100986691997e-01,-3.214999666647186949e-01,-1.007748635825080237e-02,-1.752151865494509242e-01,-4.024291979586882562e-01,-2.090044076797281658e-01,-1.317817474620550100e-01,-4.220228190847738481e-01,-6.533995659020648550e-02,-3.555654872098758523e-01,1.017301301359788412e-01,1.434224300570094701e-01,-1.971181506013822693e-01,-2.202918764081790437e-01,1.753228992317056381e-02,5.189851303806161109e-01,1.712244373460677649e-01,2.887995343734007792e-01,2.429053411648721961e-01,7.142408818456421615e-01,3.493800217692170640e-01,3.508635295668673382e-01,6.141649213728013201e-01,3.716497102713464673e-01,3.353802660095933641e-01,5.749036236210406381e-01,2.545411932424200552e-02,-4.944867219539950814e-03,4.777857722867673296e-01,1.819450380831545699e-01,-1.688463127491148311e-02,3.610150771062072272e-01,2.666100548462087549e-01,1.061330816906249502e-01,3.344643135262677092e-01,2.292450031350007633e-01,1.810726028305123247e-01,1.158791106706638929e-01,-4.591702397080922593e-02,-5.002146876805228098e-02,9.071248787257121804e-02,-8.981862871485665756e-02,-8.817979358892974462e-02,-3.004476888516673938e-01,-4.444977783368859181e-01,-2.665034812300890454e-01,-1.513417836530830951e-01,-4.390007360510429502e-01,4.777962249314924442e-02,-3.265959768522069262e-01,1.391849943430954473e-01,1.429610981943607029e-01
-6.104743365256858345e-01,-2.672361422048230573e-01,-4.158011077349041407e-01,6.927979036417404313e-01,5.019551303603063674e-01,-5.751016394473548177e-01,-5.825788754497720351e-02,1.000000000000000000e+00,-2.552260830482605200e-02,-5.760916002836655725e-01,5.195540725105369795e-01,6.553087919055727850e-01,-4.197271440699312239e-01,-1.847550242342232696e-01,7.838618100287044754e-01,2.153420647856734149e-01,-5.164374665907017770e-01,2.670619477148149512e-01,7.321929607627895020e-01,-1.965848598011739612e-01,-3.766684535825708391e-01,6.152432474197174761e-01,4.604071581396364521e-01,-4.577145772448846794e-01,5.225663491698249313e-02,7.276652754297997516e-01,-1.386215912162769119e-02,-4.334089161863191597e-01,4.471622431067915349e-01,5.813783367943020641e-01,2.835603914447910046e-01,1.237039060538013130e-01,4.513827320632840534e-01,3.200444928783538479e-01,1.674597973262754447e-01,-1.323783026584755551e-01,-3.314548453528762262e-01,-1.312207221204772789e-01,-3.067168814083859885e-01,-2.336772591196497606e-01,-8.653903732276693739e-02,-2.359895581769107242e-01,-2.172537324227425681e-01,-2.309370725544991274e-02,-2.569604412256186188e-01,-1.356537583704686967e-01,-7.483506805690354202e-02,-8.896269423039085411e-02,-6.701862925067321453e-02,3.052348002871484167e-02,-2.429238073445516011e-01,-3.269514336774355656e-01,-2.161020154617984967e-01,-3.065739558984355573e-01,-4.720177507972893594e-01,6.457900006737771204e-02,9.557721048069507674e-02,-4.522869587490034315e-01,-3.256910784457453523e-01,2.018303528379966905e-01,-1.264537148293352342e-01,-5.373652182347115058e-01,-5.018540092644507844e-02,1.819458727870511827e-01,-4.114842321440299044e-01,-4.204892999250667285e-01,-4.189970277580948865e-01,-3.189616877003348394e-01,1.286503946071154425e-01,8.669367230674314417e-02,-3.450109710106323280e-01,-1.200400190383600768e-01,3.062072238219162301e-01,-1.231487470295916792e-01,-4.120418690575048948e-01,1.065609026390469949e-01,2.211191220075424402e-01,-3.469288351386453639e-01,-2.611810886808251797e-01,2.918271217466515410e-01,-2.257978504445977766e-02,-4.336850471208605895e-01,2.060944404451938231e-02,2.373359058672180333e-01,-3.415887694640631911e-01,-6.835412063097172364e-02,2.724463548481015351e-01,3.637575871503084257e-01,-4.304799046481618263e-01,-2.583433809974622353e-01,4.905535772681264284e-01,1.280899529518002844e-01,4.785643267832382919e-01,4.102523131570124937e-01,4.563660069353731030e-02,4.474783254995729487e-01,4.425947283794561815e-01,4.781693027799501228e-01,4.480448749216588422e-01,4.847813908070301991e-01,3.143864017123860766e-01,-1.609541604554196037e-01,-2.720599782019125223e-01,-5.192634619010826347e-01,-6.546382028165907974e-01,-3.537570986593501776e-01,-1.520320876439649749e-01,-6.319774249021653523e-01,-4.234547095271910533e-01,-3.808362968286378991e-01,3.306637493312346576e-01,5.247708623949641771e-01,-6.647960797862189145e-03,2.601449013257989273e-01,5.656834774455935522e-01,2.936019446369632080e-01,-3.555617354055604085e-02,3.326642363873306696e-01,2.294515814143952559e-01,-1.449316629321188987e-01,5.081629312697977935e-02,-9.172878197829226199e-02,-1.391660618147197437e-01,-1.159812820029729047e-01,3.951239093792460050e-02,1.794735880347370638e-01,2.028826215609018657e-01,1.517444946032062425e-01,1.874089279886399506e-01,3.030215842931828218e-01,3.059672958309435087e-01,2.244894591485189217e-01,4.832187882150986158e-01,3.039458488604492858e-01,1.991780622335964368e-01,4.627700883244011965e-01,4.047007725291398850e-01,3.066864764097724239e-01,4.154432891350711143e-01
1.769797019946051375e-01,7.769360627813199915e-01,-1.827658622076202555e-01,-3.790450713533503047e-01,6.847106386788883725e-01,5.024075845036554133e-01,-5.459455475568114613e-01,-2.552260830482605200e-02,1.000000000000000000e+00,-4.262445542041855967e-02,-5.216389623133501630e-01,5.268349010135373600e-01,6.245003901026594528e-01,-4.204636772973494030e-01,-1.676172542563142964e-01,7.819572162633120493e-01,2.339239265997200279e-01,-5.432712583247600868e-01,2.592328964519425294e-01,7.441624821098173914e-01,-1.764495855655978662e-01,-3.600371525071036638e-01,5.902638651310652129e-01,4.517817506028152241e-01,-3.848211266673341457e-01,2.829256107327540737e-02,7.372685492110969685e-01,7.635507189088365509e-02,-3.977162048084678103e-01,3.396043507346691026e-01,-4.695102924849541282e-01,2.085317645618049165e-01,-9.300753817027759829e-02,3.572959073270410291e-01,-2.299359863716143523e-02,-1.013059738436224155e-01,-2.011550168809419503e-01,-2.069371920303444690e-01,-9.051515098938607562e-02,-1.143780020931630531e-01,-1.588384614695175778e-01,-5.923584696250211445e-02,-2.903171810103056250e-01,-9.093597390593234631e-02,-1.201818708748459974e-01,-2.160903417506335744e-01,-2.184859737585812256e-01,-5.336180411700530701e-02,-1.464217217002488636e-01,-9.276327139472277661e-02,5.271687754555539479e-02,9.634238962097406433e-02,-2.471470279405837134e-01,6.820109190883530403e-02,9.369592251946330663e-02,2.265368584083989334e-01,1.157363122753980039e-01,2.461405971265651429e-02,1.969938809721388517e-01,2.101925581120673292e-01,2.650147759924182875e-02,7.455221503525064075e-02,2.382325429613890155e-01,1.633417882730237858e-01,2.336459771243110453e-02,1.853881820398321223e-01,3.775751411406443742e-02,-3.714045111018609568e-01,-3.231674898241445604e-01,9.540409737465836704e-02,-9.630526761696769911e-02,-4.967428327139477018e-01,-4.818612792931267069e-02,2.877229832015752997e-01,-3.673602673123179119e-01,-4.727796020655966047e-01,2.591141288959015743e-01,1.070325947243352949e-01,-5.620902223347760129e-01,-2.050277523635594956e-01,3.267646662748294739e-01,-2.044453962824608062e-01,-5.636257644143606305e-01,9.068342363427525643e-02,1.132020526689555273e-01,2.797976920855730354e-01,4.150658205938648204e-01,-4.204228472871965328e-02,3.263967370892004866e-02,4.051805650781397650e-01,2.634008610400545569e-01,-1.036192419661612907e-01,-8.993710246124780872e-02,3.466103828095745132e-01,4.241268704307798454e-01,2.028344840906463609e-01,2.979293603607813812e-01,-1.695257114652382602e-01,1.577400472268686016e-01,1.005084147670116113e-01,-1.604998396473069910e-01,-4.648878750604886756e-01,-4.286004975138455464e-01,-5.088492105534911936e-01,-9.031477586226281662e-02,3.152520717540092110e-01,-2.565535243667514953e-01,-4.874561130295014255e-01,1.592963311103133273e-01,-4.779730906086749886e-01,-6.641842094099621452e-01,-4.797958516055875200e-02,-1.477453254529641213e-01,4.053937474484888837e-01,1.994525724578739556e-01,-1.215875381904663599e-01,3.582927336061176304e-01,3.664563385870728274e-01,-2.692589181743068605e-02,2.309036617910225631e-01,1.780854287808348591e-01,-6.019967885617982101e-02,-3.325882835654752068e-01,-2.128529425133741937e-01,-2.250790749073286190e-01,-1.592186775558084577e-01,-1.620707475367737793e-01,-2.056506294624879660e-01,-9.543602521829756824e-02,-1.007245060221393929e-01,3.149062333147422676e-01,1.522369249370092437e-01,2.163391630351813866e-01,4.796817071620200768e-01,1.382526637659864943e-01,1.857050945808600140e-01,1.702794968806772835e-01,-3.494638874374191295e-01,-2.454472961098875909e-03
3.931564486473874132e-01,2.471078087559543390e-01,7.748239830322343202e-01,-2.042246567282170189e-01,-4.572559106960001896e-01,6.627901753214606728e-01,5.253639922992208167e-01,-5.760916002836655725e-01,-4.262445542041855967e-02,1.000000000000000000e+00,-4.525884785777518210e-02,-5.681238665573735691e-01,5.299467608316285050e-01,6.484452085173413316e-01,-4.506247592300650640e-01,-2.556334495911786187e-01,7.629281461730328395e-01,2.213917246631363633e-01,-5.836578186748216934e-01,1.990695603792958790e-01,7.385835593869436444e-01,-1.865495740332494545e-01,-4.381354108218837862e-01,5.729631547639738587e-01,4.336494043189798031e-01,-5.353262723015584923e-01,-4.543046279135037196e-02,7.380987998936163752e-01,1.809228263699663199e-03,-5.642676983480171549e-01,-3.754083117307939199e-01,-4.812043975606271617e-01,-5.605108812899525228e-01,-3.645208999921258908e-01,-4.514916202474834606e-01,-2.419009356310667380e-01,4.555816313071239798e-02,-9.350708799360911427e-02,1.907740739141732303e-04,7.820912000301694089e-02,-9.684895235229368238e-02,-1.208305958150885165e-02,-6.229398562830066460e-02,-1.571932944184067926e-01,-7.695826116025479557e-02,-8.747906098051527746e-02,-2.085900086609572823e-01,-1.395206157321375318e-01,-2.328183527887421889e-01,-2.835062438900032289e-01,-1.280275348913412492e-01,4.536272433155715683e-02,-3.866980183863218123e-02,-7.559728427168500853e-02,3.141170721046743775e-01,8.206660403542756499e-02,-2.530735843468483459e-01,7.913609467967358535e-02,3.118526321599059958e-01,-1.283590431833629697e-01,-1.931986917828653616e-01,2.775067542249969876e-01,1.897990928960519574e-01,-2.580739115117246518e-01,4.827899765593375234e-03,3.448392050282773624e-01,2.562368125243286165e-01,2.435166321602690032e-01,-1.883375645299743828e-02,1.453595188561213059e-01,3.310467976709595139e-01,1.522157343382478101e-01,-4.088444396347776233e-02,2.688491736468122673e-01,3.270442125152192014e-01,3.183724432203659249e-02,4.951949674692254777e-02,3.507202789650124553e-01,2.225090326955228848e-01,-4.844686207672414119e-02,2.345969306820251954e-01,3.498871300505771442e-01,4.583163875059462905e-02,7.446516093154589844e-02,3.951102069504888736e-01,3.134995738098528828e-01,-4.068161980438499831e-02,-5.927455411881976666e-01,2.940797744237877692e-03,4.037369166049261660e-01,-3.219899046033936063e-01,-5.222559783512954468e-01,-5.662776142992560491e-01,-1.847385653871573274e-01,-1.698248539495057219e-01,-2.313717239176146800e-01,-4.468420513822303208e-01,-3.228218468848044198e-01,-7.135168988283846492e-02,-4.389939507860952106e-01,-5.048193132647278425e-01,-1.624584726463911000e-01,3.998003404042165809e-01,1.847260339191335865e-01,6.389742155722485384e-01,6.385126194545109879e-01,6.199732160638794509e-01,4.365220585669865594e-01,7.055233567037314524e-01,5.275567295710203997e-01,-2.641285725566844267e-01,-4.904062413306377322e-02,4.607689379634787308e-01,1.080707466194732042e-01,-2.399093022018662369e-01,1.899017735576839228e-01,4.123171491625182150e-01,-8.380999508359012959e-03,1.785920066445147447e-01,4.880066633877262472e-01,1.805481972683899150e-01,3.420365762688623579e-01,1.060603313953250859e-01,1.178324676005458038e-01,-4.711900041905253689e-02,-2.492182473035838564e-01,-2.685972730209315595e-01,-1.359485017530394357e-01,-2.649299652644540592e-01,-3.348824456425463780e-01,-2.888957425365235587e-01,-4.683654763342722238e-01,-4.342717199911493853e-01,-4.705264603951583163e-02,-4.585873870991892254e-01,-1.442674295024571063e-01,-4.645104697281927097e-01,-2.744681153317037325e-01,-1.360381565437437656e-01
-4.850159777143212558e-01,-5.744386342808304180e-01,2.182282757702372622e-01,7.943926543749290081e-01,-2.152935893135557721e-01,-4.193002709929448124e-01,6.583507726982904540e-01,5.195540725105369795e-01,-5.216389623133501630e-01,-4.525884785777518210e-02,1.000000000000000000e+00,-3.481062086598303573e-02,-4.914657997681239898e-01,5.182546038533154542e-01,6.437440699371235198e-01,-4.292847094140407327e-01,-1.798864449201808824e-01,7.822985795473591519e-01,2.218773424496608970e-01,-5.365674299187301877e-01,2.124620573533906320e-01,7.554239965413900304e-01,-1.721758412562833795e-01,-3.753440712181903005e-01,5.915870562373390928e-01,3.922021723284167538e-01,-4.961539751267213805e-01,-3.061463455652365610e-03,7.230049212119566970e-01,2.808036816197938615e-02,3.299138033103777290e-01,-3.333171387270965624e-01,1.483518139660027213e-01,-1.351924524971557240e-01,-1.281734002783494475e-01,-2.465675591094652619e-01,-1.963673928245705802e-01,-8.396955344853106185e-02,-2.791102334491140091e-01,-1.293622984160579803e-01,-5.967319807859711861e-02,-2.153395300879046292e-01,-1.041102955327803392e-01,-8.576784710771762077e-02,-2.622636381389849558e-01,-7.493172611361831326e-02,-8.308715606272833176e-02,-1.506917134065071939e-01,-1.476231574855967066e-01,-9.419020113530766902e-02,-3.805266456207833103e-01,-3.858494051442799000e-01,-1.034107431700198726e-01,-4.231960416019554527e-01,-3.522286513335770031e-01,-2.399669003635011844e-02,-1.443783842352596158e-01,-4.470664735633490539e-01,-2.579598152724744686e-01,-6.689718977787811535e-03,-2.868386323493512524e-01,-4.315284792907698730e-01,-7.273049357733911424e-02,-8.889714358848464781e-02,-4.567104011567696409e-01,-3.180638298356714411e-01,-2.955144245940739545e-01,6.101904835209024519e-02,3.270989505380519358e-01,1.317617092634632836e-01,-8.205494326067114264e-02,2.881054182069585634e-01,3.278636189364558806e-01,-1.191197443736534689e-01,1.094092258314338130e-02,4.307491001723899871e-01,1.114294980231049226e-01,-1.923723865289649892e-01,2.218674633115368389e-01,4.082014002618906123e-01,-6.663483658664408338e-02,-9.725668475215523689e-02,4.074295591246306358e-01,2.520685381307999351e-01,-1.619534962123598543e-01,-2.856086947274213972e-02,7.797023001507630974e-03,1.112093618386339640e-02,-4.872328074041349932e-01,-2.547127935071952232e-01,1.449823023796718569e-01,-1.554435417450860113e-01,1.900060798333545464e-01,1.093963942657979471e-01,-3.280830144126778980e-01,1.981052503829305866e-01,-1.838150876833071282e-02,3.944496957219376099e-01,3.386585976100886519e-01,1.602906595233944131e-01,8.353449475144250624e-02,8.185875215859608409e-03,2.521526458720318997e-01,-1.033846158375972962e-01,-1.940023696505636663e-01,-1.288753697587241009e-01,4.034023353923852917e-01,-6.285168171977026375e-02,-7.104092172704606911e-02,2.648113297064776384e-01,5.849506044261796323e-01,5.611694217170531962e-01,3.985255729447757522e-01,8.995756964314953474e-02,3.147072302249310782e-01,5.271143219669270907e-01,1.661547799061208891e-02,1.237240973061640437e-01,3.896334345248503306e-01,3.372890197987482575e-02,6.683755482049717755e-02,1.829467076406953718e-01,1.428143397243505086e-01,9.961013710898525275e-02,1.474332681767863140e-01,1.156439489343041443e-01,1.286088623076291348e-01,1.888539544902384515e-01,7.720010730054419068e-02,1.457784864783289169e-01,-7.836004543200203454e-02,-1.864323712930681665e-01,7.693013481406198173e-02,-1.169774056647428055e-02,-1.984425049828035525e-01,2.849562124959214571e-01,-1.005272423187618608e-03,3.562926540942445430e-01,3.601512354642673053e-01
