1.000000000000000000e+00,4.553325985738605475e-01,4.045929324866123777e-01,3.909873101882914148e-01,4.337119599764038269e-01,2.196826479175273683e-01,4.037145469792455255e-01,3.701782735040979877e-01,1.058644372898846775e-02,-3.210626984268838968e-01,1.555927671512478683e-01,3.000388514215411861e-01,-2.419980638214661028e-01,-1.096298512326392277e-01,1.961755539817800209e-01,-1.884331617878812759e-01,9.693710188229984204e-02,3.097610579708111045e-01,1.612833049278275810e-01,1.131808006105343850e-01,-2.142419904299431022e-01,2.795602670752349583e-01,3.387485789432011507e-01,3.292171223955700499e-01,1.370873269609438061e-01,3.258832688945589307e-01,1.394998541889965749e-01,1.458612035337911728e-01,3.296210963945658268e-01,-2.127343859435455731e-02,3.510739453478885219e-02,-7.580914483469015919e-02,-9.043596892519606412e-02,-1.163810516300429060e-01,-1.827585501025278947e-01,-2.092737695586645852e-01,-1.501908977692840708e-01,-3.160821049838845043e-01,-2.033281414096467232e-01,2.834434763925208767e-02,-1.589282594424472894e-01,1.793932801638234709e-01,1.831320962009699294e-01,9.304973844511888609e-03,8.281125512539648514e-02,1.165788094103097083e-02,7.422583480872443906e-02,-7.820171013493371071e-02,-1.554991797179518936e-02,5.176695790101255856e-02,1.219437356131211070e-01,-7.994857761450026301e-02,5.080942288317661509e-02,2.948875414873236133e-03,1.212599640519170796e-01,-1.233321308701310938e-02,8.638082224096819972e-02,4.651388495252619520e-02,-7.076406045639224707e-02,-2.713478943147256128e-01,-3.068418611056291101e-01,-1.574972810653589850e-01,-3.087988666041938113e-01,-2.766462621967615276e-01,-1.867119733064971365e-01,-3.534985295187946797e-01,-1.159484323314363408e-01,1.772984087796779240e-01,-1.504547308253165183e-01,-3.449234379138272910e-01,5.255975800632219086e-02,1.240794604180034538e-01,-2.996343288128482385e-01,-2.312904207943470847e-01,1.447682853617086318e-01,-2.279038539945174233e-02,-3.695900867494904540e-01,-6.748502955889562616e-02,2.182269442590795139e-01,2.092441108170479680e-01,2.578533065489894693e-01,1.624233724128720802e-01,1.785189448464530315e-01,3.725705508143137834e-01,-7.154240155984979699e-02,-2.481276965098204723e-01,2.420046156241840996e-01,2.658891983565141448e-01,-2.399916540301476886e-01,-1.148379274891058038e-01,3.663509414820044219e-01,7.108237621975009579e-02,-3.051498407700568571e-01,8.749615007626632135e-02,3.745558005001202728e-01,6.113839869725368886e-02,1.792624952570636698e-01,-1.972522839366115111e-01,1.265153627110494339e-01,-1.493270004261615935e-01,-3.496696047091616411e-01,5.263305789018143943e-02,1.290267531701471959e-01,-2.920408184322924039e-01,-2.507046989084109612e-01,1.853130763851973117e-01,-3.846545022590392576e-02,-3.727057085624165822e-01,-1.064717016853208714e-01,3.989932137951576058e-02,6.323101057181161611e-02,-2.499030424386240179e-01,-4.400330130311843062e-04,-9.768149995567962374e-02,-1.102552030800628136e-01,5.063724494037678825e-02
4.553325985738605475e-01,1.000000000000000000e+00,4.456536181269223351e-01,5.779741734359968852e-01,4.077517539986788564e-01,4.204189803682069071e-01,2.352571041943384289e-01,1.879442986433342566e-01,-1.650295859820658795e-01,-2.066205670105675241e-01,1.348376670765387142e-01,3.529474678920976188e-02,-2.825546921189021066e-01,-8.104130522878795484e-02,2.215324966507078649e-02,-2.365630029694775482e-01,-1.151768757428494744e-01,2.262343099774999367e-01,5.836895715222211595e-02,-1.035020466511076681e-01,-1.582864350431135159e-01,1.003789506652980890e-01,2.178504643994574608e-01,5.612589265114495407e-02,-4.582593649988136314e-02,2.402750063124816648e-01,2.350848273951066658e-01,8.239835791052091407e-02,1.635875797421618427e-01,-1.763874956431272512e-01,-1.649220856221161879e-01,-1.776674623869840541e-01,-2.368795188632807636e-01,-9.079255996904737891e-02,3.009772970183283852e-02,-1.591061019318325831e-01,1.056985531671728873e-01,-1.267062737893520086e-01,-2.220451351845325327e-01,-1.454742803321377488e-02,-8.533169869082020409e-02,6.376959467819877207e-03,1.130082481470585237e-01,8.894537970850567576e-03,-6.816169353830201644e-03,-5.797283018629159623e-02,4.895729022710734041e-02,-3.015855239902417648e-02,-8.142406449267007573e-02,1.686018797529036939e-01,1.801495427389164516e-01,9.924065330675360674e-02,1.514770709324458620e-01,5.683566334696064232e-02,3.963273058005445382e-02,-3.658846383066362284e-02,1.281988709555717809e-01,-1.229604288464213324e-01,-2.376493379838078360e-02,-2.061795567317833422e-01,-4.831069412085892828e-02,-8.267286596939123211e-02,-2.275932841822458363e-01,-1.317409329698122911e-01,-2.202922777241927144e-01,-1.843725759329057079e-01,9.301669627028892606e-03,2.336489808169942839e-01,-4.030488388985734721e-02,-1.728008519534912635e-01,1.612839751980760239e-01,1.706291523861324377e-01,-1.737125884202835036e-01,-5.962189236644824947e-02,2.382708027419130070e-01,1.417051134957247709e-02,-2.114135796572651493e-01,1.092143573925917488e-01,2.354806131970380301e-01,8.612545192171254527e-02,2.080522954528540858e-01,3.912763369177581219e-02,2.241613483677257768e-01,1.578925851400408420e-01,-4.997531750754515695e-02,-2.565781657089266088e-01,2.642716349864129496e-02,1.189914018959893904e-01,-1.818169223488849129e-01,-1.871181869914628204e-01,1.241069119339315852e-01,7.371080131073429360e-03,-2.457466876274114198e-01,-7.099832565149452601e-02,1.628282049316325808e-01,1.191573330882590431e-01,2.281344421916386145e-01,6.980382770224721756e-02,6.546996814837470480e-02,-2.343354760998870301e-01,-8.625627570407522204e-02,1.800416049120672768e-01,-3.457678905778577283e-02,-2.464374988972926617e-01,3.882473400631528820e-02,1.644763627443110443e-01,-1.769925020244297043e-01,-1.832052751195449580e-01,1.291670810560331395e-01,1.060262948430731322e-01,2.148231112473065474e-01,-3.759086934284066456e-02,7.912221622250854847e-02,9.095175836416530268e-02,2.296649637420726531e-02,1.047322100304535902e-01
4.045929324866123777e-01,4.456536181269223351e-01,1.000000000000000000e+00,3.689621328501073716e-01,4.546699140099681458e-01,2.422256604701210625e-01,2.319242216810405433e-01,3.923289667133942893e-01,-1.455510745343831791e-01,-2.157863192691029663e-01,3.162406021179459681e-01,1.802938137301456911e-01,-3.102510302673532894e-01,7.918297566999801806e-02,2.984351999926835308e-01,-1.279438914189197363e-01,8.435605186272819578e-02,3.299173721813077331e-01,-4.437930351798401868e-02,-5.573490061597969475e-02,-3.264328803783355104e-01,7.910335893758380088e-02,2.593024381727122574e-01,2.556399697218727507e-01,-6.880890474183225247e-02,2.730925826670380641e-01,2.348487971704029675e-01,2.923411210953778538e-01,2.062290066558453427e-01,-1.726948217241484618e-01,1.564491469353110689e-02,-2.227644954485950013e-01,-1.106731452117049735e-01,-2.493000151204499693e-01,-1.720511300731423776e-01,-3.385387145267506059e-01,-1.829579627779200635e-01,-1.446380808536998630e-01,-1.264202450249491683e-01,2.093537810309025748e-01,2.652211632571152382e-03,2.059519448460729041e-01,2.811444839748756808e-01,1.630445803398555271e-01,1.719852746312190150e-01,9.604878807903978466e-02,2.121174943884332753e-01,3.418317366010331648e-02,1.170288603518550713e-01,1.609657090957679337e-01,1.240834143581965171e-01,-8.778646088611972986e-02,5.908201296006799358e-02,-1.232530011080130578e-01,-1.554707140482376911e-02,-1.115732673281799869e-01,-3.428496336149457896e-02,-8.209736988090089727e-02,-2.168296423810532059e-01,-3.091452961500663621e-01,-2.672429509135765269e-01,-2.938314564048516986e-01,-3.116724664863613214e-01,-3.377886065406111582e-01,-2.555375187269748882e-01,-2.376916455811635964e-01,-2.301762812113230250e-01,2.151833069849471147e-01,6.304501479510976614e-02,-3.443565537975871171e-01,-2.713452137240186801e-02,2.753899376013250744e-01,-1.365223728501323841e-01,-3.060352476185823623e-01,1.632031489534064295e-01,1.854811391158752432e-01,-2.997485886408264300e-01,-1.284800309673222452e-01,3.060946828336461589e-01,3.068203943685821056e-01,1.303039445644976480e-01,-5.266719762217546980e-02,1.013769980569323159e-01,2.326764516687347129e-01,-2.483427736829325327e-01,-2.154568555224246063e-01,2.770452436790137862e-01,6.763099220695396874e-02,-3.391536013012669826e-01,-2.264945330543475729e-02,3.048839422842832270e-01,-1.376990896377034701e-01,-2.963372742179221642e-01,1.755721763285577053e-01,2.659290752093628751e-01,2.449116738251795322e-01,2.388292658803445045e-01,-5.668402475617859843e-02,2.758988701484417216e-01,-1.459164851756416525e-01,-2.730001959594276495e-01,2.026758854862954762e-01,2.116883174894073905e-01,-2.755427767020272589e-01,-1.346248802191818694e-01,3.150636100536259865e-01,1.089942124923311099e-02,-3.337360611254056031e-01,2.948064668861668375e-02,2.378176360659935984e-01,1.485238193489906156e-01,-6.134948010042252931e-02,1.286506216924964419e-01,-6.011570094120873703e-02,-2.839913034437334741e-02,6.392922689695956784e-02
3.909873101882914148e-01,5.779741734359968852e-01,3.689621328501073716e-01,1.000000000000000000e+00,2.828957469523313839e-01,3.383339946250473185e-01,1.098234389367423874e-01,9.690432628407320836e-02,-1.945647213651331420e-01,-1.715064775743080916e-01,1.028547996038952916e-01,-3.247104383153245205e-02,-2.747136768218389480e-01,-9.412151406555938071e-02,-2.765151732951753871e-02,-2.648171276575686517e-01,-1.441999870461451172e-01,2.062280769628540289e-01,4.283494397950660115e-02,-1.708036405674057678e-01,-1.314535008496798274e-01,7.396918768484547768e-02,1.931120622111455465e-01,-9.014289750211559524e-03,-8.516705969531043752e-02,2.285533852829902679e-01,2.504223347447482317e-01,7.673931201734741914e-02,1.354281269119772813e-01,-1.929803258312556835e-01,-1.856434535290452659e-01,-1.938930470562534591e-01,-3.011457264850181947e-01,-8.349686929859800877e-02,7.173977354238540716e-02,-1.090040374439591453e-01,1.184897140307001745e-01,-4.974202515981085426e-02,-1.811981627296519459e-01,-3.946875986300923261e-02,-6.340551411957207062e-02,-3.937396429556271060e-02,7.805929544022321975e-02,-2.297498685795324748e-04,-3.924542196355212259e-02,-1.389982546589397551e-02,5.669060570433646223e-02,2.186457836561828127e-02,-7.195193566637957117e-02,1.796728253852843682e-01,1.490374086152374822e-01,1.455645256624107653e-01,1.148624762615095829e-01,6.371864629058743290e-02,-2.240903250942192192e-03,-7.970468773431892140e-02,4.922659114309932415e-02,-1.359876793975964837e-01,1.591084618470906681e-02,-1.858100396890781103e-01,1.755007033319069126e-02,-4.716863275600947925e-02,-2.083322046960752461e-01,-8.384801542259855134e-02,-2.154384903962246467e-01,-1.535386161048536147e-01,5.678418327971888196e-02,2.426325878878403675e-01,-3.494140241720911783e-02,-1.278465885919782274e-01,1.986432735685538520e-01,1.616587043109742883e-01,-1.587617824282190893e-01,-7.763044226525533768e-03,2.558142372389185515e-01,1.139518452722901006e-03,-1.768691515078134879e-01,1.603370690641727492e-01,2.267818471959853199e-01,4.133080064725751929e-02,2.193901199047409711e-01,4.342720548171134093e-02,2.401636890225858079e-01,1.079911662878408896e-01,-2.752091180047960134e-02,-2.561038981388100710e-01,-3.596572822555740151e-02,9.773097664970949172e-02,-1.507848507207797117e-01,-2.076023460314581903e-01,6.451700566528616176e-02,1.437380890023450854e-02,-2.246164995776386009e-01,-1.170639138841985810e-01,1.145268195905566055e-01,1.118429739421624020e-01,2.316200864923031177e-01,1.193804301803705475e-01,3.311126783220734449e-02,-2.548518112537416780e-01,-2.514668881101220568e-02,1.960739631395589100e-01,-8.607867143557547396e-02,-2.347325945315217322e-01,9.808806005135560502e-02,1.445145326616432968e-01,-2.113851115698796024e-01,-1.377700129799439843e-01,1.741705183392000533e-01,8.632730318007016124e-02,2.295673756227269158e-01,-1.604934019803243295e-02,9.325840661044344782e-02,1.376276696562347968e-01,2.839717485759565146e-02,1.540000352627141078e-01
4.337119599764038269e-01,4.077517539986788564e-01,4.546699140099681458e-01,2.828957469523313839e-01,1.000000000000000000e+00,4.062127310174216688e-01,4.678797177249794936e-01,4.091091421258653549e-01,3.293140200553706844e-03,-3.796614699748110389e-01,1.437035726322117013e-01,3.072394569597241554e-01,-2.769379826136055822e-01,-1.484675738752062879e-01,1.253914640462708840e-01,-2.325979988938903231e-01,7.975955427197180259e-02,3.044678175368135675e-01,1.579219964103205087e-01,8.967969545885833005e-02,-2.161724078418108819e-01,2.656999911948411119e-01,3.444943480010678738e-01,2.806703920758633619e-01,1.056192956792090382e-01,3.320306072235933437e-01,1.805234777944707270e-01,1.072104467842987796e-01,3.275310817772017491e-01,-6.716474762598038939e-02,-6.053849397808443167e-02,-7.507302929278866777e-02,-6.980836700465080369e-02,-1.002525482810076446e-01,-1.603145938413929328e-01,-2.979677691116822680e-01,-1.168496862268620234e-01,-3.127315515162365500e-01,-2.942799565549334972e-01,2.285325882574339162e-02,-2.046048838842657869e-01,1.766794720362382387e-01,1.502759568273759061e-01,1.235797557263045672e-03,2.298125625024650953e-02,-8.673040217949435108e-04,1.403713221925249020e-02,-7.142604782432170063e-02,-5.558194715351783000e-02,4.600951178905518524e-02,1.312407976650570851e-01,-1.299077492315276784e-02,9.807732374614802628e-02,9.351055871975426370e-02,2.038712200492280857e-01,3.091977538218648736e-02,1.864686329617420424e-01,-3.964448829998525395e-03,-5.345326946680593189e-02,-2.624873429062316021e-01,-2.496051680888095869e-01,-1.372937892462992859e-01,-3.183671350334628114e-01,-2.645349253462810357e-01,-2.316543213096002307e-01,-3.566184971308908880e-01,-7.103028752688010650e-02,2.248908535273538567e-01,-1.523707530467876270e-01,-3.346691207987994021e-01,1.113331593221254107e-01,1.495566534557234706e-01,-3.112668709794365607e-01,-1.958436094094151980e-01,2.022601963234142985e-01,-1.809955284912591680e-02,-3.623469651458202656e-01,1.150155144759062087e-03,2.386975133206380995e-01,1.841162113419497481e-01,2.917707855170362796e-01,1.658955828366416585e-01,2.419422364780185186e-01,3.545088393407020422e-01,-5.350584551279485845e-02,-2.955929593808931388e-01,1.830558791063652546e-01,2.672962994966459060e-01,-2.420110603528109194e-01,-1.752125332670192992e-01,3.259199216106468677e-01,8.253373598820303025e-02,-3.283272339571222664e-01,2.312639464957041979e-02,3.607305411483255342e-01,6.921088298566238639e-02,2.168741310384774135e-01,-1.361145783242938834e-01,1.012229539510721282e-01,-2.066499423640860422e-01,-2.984685589267292438e-01,9.774381541675128404e-02,8.018613847265848582e-02,-3.175962893542862986e-01,-1.836202421120750605e-01,1.986775049588763720e-01,-1.025915360603923687e-01,-3.567813989179626777e-01,-4.345924007471139994e-02,7.647374244304550039e-02,1.357122698715432785e-01,-2.017425137489773368e-01,-2.523832614516701919e-02,-7.878416281279577993e-02,-1.786405299977576466e-01,2.838251973185262553e-02
2.196826479175273683e-01,4.204189803682069071e-01,2.422256604701210625e-01,3.383339946250473185e-01,4.062127310174216688e-01,1.000000000000000000e+00,3.203919509047485903e-01,1.243401574988766550e-01,2.568739515255916497e-02,-1.045849860286337668e-01,1.701519431135874519e-02,7.686543693824823831e-02,-7.747047759937018829e-02,-6.537232171205167863e-02,-9.499161402535443235e-03,-8.603632461620630556e-02,5.476785754570992482e-02,9.928627756759653145e-02,3.060117547581090933e-02,5.108080358113199076e-02,-5.756858153453866395e-02,7.325830780915768004e-02,8.740139029129152803e-02,8.286456184434047578e-02,4.028913125869858225e-02,1.074552470541439708e-01,6.548700850106101146e-02,2.162292775452418631e-02,1.201528978910924167e-01,-2.295195694796853259e-02,-2.523203331912164324e-02,-1.428913895101410411e-02,-5.271706735402260924e-02,6.150169117559673403e-03,-2.412144294649871609e-02,-1.116501948557735435e-01,2.184958430360566320e-02,-9.546371305128924234e-02,-7.853290491639494664e-02,-1.973701831742494944e-02,-2.538470800408720862e-02,1.147583206099552812e-02,8.572182635385362792e-02,5.990913708948141653e-02,-1.412877346040290229e-02,-6.507217121502627266e-02,-6.195417070251311997e-02,-1.030669950295866610e-01,-1.211319317558499919e-01,2.428405750388666975e-02,9.292292891038637578e-03,3.202907956993975708e-02,4.903155538877900649e-02,4.255480768544490228e-02,4.959431970226572950e-02,5.961976759433634115e-02,1.261268289660514574e-01,3.374925699969735099e-02,-3.038367745312864007e-02,-6.635216131401856787e-02,-8.088880337048773295e-02,-4.736770854694771077e-02,-8.462700328122360616e-02,-6.545656213353984176e-02,-5.786199145362896923e-02,-9.461343308593160584e-02,-2.856853658020712394e-02,4.792735116590303435e-02,-3.961954826874977686e-02,-9.281600623841969322e-02,1.884424159139286986e-02,3.542563850410208881e-02,-9.262528403587202974e-02,-5.938782727224345415e-02,5.050237204900038385e-02,-2.417429422981806630e-02,-1.126636296267586879e-01,-7.988465523139611640e-03,6.413810208867801177e-02,3.967321454713269163e-02,6.860882343244822934e-02,3.608592086053668407e-02,5.101469204344889069e-02,1.333935956245534127e-01,-2.029791363305443602e-02,-8.401014439861989591e-02,7.830793418031067876e-02,8.331726731446813250e-02,-7.311806357338748730e-02,-4.844168040873753772e-02,1.165807150324957159e-01,2.921102494110278114e-02,-9.958755153075111999e-02,1.695621285771991768e-02,1.187242607782658665e-01,1.861616234588834087e-02,5.479169128232581204e-02,-5.310884911978536183e-02,4.318589490920178575e-02,-5.006691685887609128e-02,-1.068819773581554250e-01,2.095536952260853084e-02,3.796029369103423590e-02,-8.499993995494228849e-02,-6.541930120806174753e-02,5.723301966491074755e-02,-2.010006850964535241e-02,-1.102077090106986373e-01,-3.206826159360226525e-02,1.179031845045117738e-02,3.004030689701880572e-02,-1.219943706842831627e-01,-3.082071636624517802e-02,-3.945110898010284993e-03,-4.998980626805192562e-02,3.524316581568582435e-02
4.037145469792455255e-01,2.352571041943384289e-01,2.319242216810405433e-01,1.098234389367423874e-01,4.678797177249794936e-01,3.203919509047485903e-01,1.000000000000000000e+00,3.972150526839972051e-01,-9.040908671294638210e-03,-3.238410860387176959e-01,1.660622843829724082e-01,2.994672255083573043e-01,-2.656784631764009252e-01,-1.282292042006684674e-01,1.657077744860606661e-01,-2.409436361759545731e-01,1.291185640884296437e-01,3.514567385136938005e-01,1.899477389441120434e-01,1.423617353082715364e-01,-2.546044387560500999e-01,3.217495443250875664e-01,3.925622350162492058e-01,3.938980212960920824e-01,1.634922111054339933e-01,3.715498546715305106e-01,1.517531671945613059e-01,1.435575697377864668e-01,3.589449234637160924e-01,-2.713983211948584745e-02,2.508545232201848246e-02,-2.613619638644889068e-02,-5.114319588888142226e-02,-6.260926278042897031e-02,-2.368991279253754578e-01,-2.767888352766049720e-01,-1.875221057334582331e-01,-3.211519404743711226e-01,-1.900878071013152870e-01,3.849176312584011439e-02,-1.811223641020744957e-01,8.059119020792342158e-02,1.204975903516194158e-01,8.664132861460834001e-02,3.713475024088639526e-02,-6.665971817135228628e-02,-8.374965636374991085e-02,-1.949294115056516008e-01,-9.755046218562424265e-02,-1.403737842559984739e-01,5.653028820050384068e-02,-4.773124705069909518e-02,-4.850220592483765747e-03,1.431656411595347012e-01,2.524996046811939787e-01,2.135115846476055013e-01,2.959316424838464021e-01,1.869052044534831314e-01,-9.127064792588211739e-02,-2.933527754626876760e-01,-3.638110253260912752e-01,-1.945134171522606981e-01,-3.693410535363306213e-01,-3.289434075977712979e-01,-2.225468249462332349e-01,-4.083853532974917044e-01,-1.543754876114656061e-01,2.065490903704850500e-01,-1.619412606233697205e-01,-4.082593399919529076e-01,4.457082332437732608e-02,1.512378510367128059e-01,-3.363385006622089390e-01,-2.821793277241617104e-01,1.634898381637705511e-01,-5.374225795357713553e-03,-4.223633376684571838e-01,-9.830007577484910219e-02,2.453810635478219926e-01,2.700786942720271866e-01,2.931466605736273712e-01,1.832311424008479239e-01,1.815506208549355627e-01,4.178342728477578150e-01,-9.056216395043137357e-02,-2.723237340188835454e-01,2.850948761595819558e-01,2.896476143267852077e-01,-2.796942105309957460e-01,-1.133532350949683215e-01,4.166770670450978820e-01,6.600849940593542242e-02,-3.424157927115544786e-01,1.121688203743645418e-01,4.235278084749579675e-01,7.964914348277651879e-02,2.122570523730465952e-01,-2.254659039423551337e-01,1.543874293415488652e-01,-1.598913920671653222e-01,-4.053517685427974748e-01,5.771141623040411395e-02,1.654685344816432813e-01,-3.342970679781053778e-01,-2.973052528281653895e-01,2.193482355145972562e-01,-2.918539290987375370e-02,-4.237239106830293922e-01,-1.138086047027484782e-01,1.335824283233908068e-02,6.149143288387119710e-02,-3.195860460979925155e-01,-3.968047784347333157e-02,-1.101252727049745611e-01,-1.448486726076093634e-01,-4.639633696774652510e-02
3.701782735040979877e-01,1.879442986433342566e-01,3.923289667133942893e-01,9.690432628407320836e-02,4.091091421258653549e-01,1.243401574988766550e-01,3.972150526839972051e-01,1.000000000000000000e+00,3.902635466762385819e-02,-4.337351679273375171e-01,5.629118590686985613e-01,6.711765172063320906e-01,-4.049851160378232229e-01,1.216115499629552427e-01,7.055017722218848153e-01,-7.663468954850748138e-02,5.302876304985318923e-01,5.659104991435570664e-01,4.906046908483034652e-02,2.542230808447446533e-01,-5.530821477986750390e-01,3.251806248599648508e-01,4.857527040640554628e-01,7.914800124963017325e-01,1.680550260129254070e-01,4.614645817745147705e-01,1.621065310213076760e-01,5.438720703914509125e-01,4.810734617760012433e-01,3.346636560851040578e-03,3.894245825607635103e-01,-1.278942923654969588e-01,1.402352422592701917e-02,-4.124619015245457043e-01,-6.450757630020629296e-01,-4.987133118600802217e-01,-5.358803990764943181e-01,-4.507780434185870155e-01,-2.926695078508247116e-02,3.747110234005044394e-01,3.931880505053200053e-02,5.423737077518306915e-01,5.139264048608875868e-01,1.617367992379717123e-01,4.676962925292684758e-01,3.189793875126806788e-01,3.385406393213278853e-01,7.606791774820947927e-02,1.514015275684584549e-01,1.182766656728832105e-01,-6.887626465790133712e-02,-3.236478022000576216e-01,-9.743238696545915983e-03,-2.648718710378660246e-01,-5.591352749907058800e-02,-1.472490556752391599e-01,-1.009906509979225792e-01,7.211935706874017527e-02,-4.505976846268466285e-01,-5.410031849698440087e-01,-8.070348450648799910e-01,-5.868317322138092429e-01,-5.101743215226632877e-01,-7.355604148966573552e-01,-3.062464736752971706e-01,-5.400238037335807206e-01,-5.995206513394709669e-01,1.701057107527591539e-01,5.571002031731978185e-04,-7.436516508951648285e-01,-3.018955392080927558e-01,3.415192937513149563e-01,-3.198548702110950437e-01,-7.456323924021696081e-01,3.304256492721121402e-02,2.586744039324872513e-01,-6.394066903961171944e-01,-5.114743390510728682e-01,3.835949426557757613e-01,6.386259158455258600e-01,2.003151140704101940e-01,2.713418277566291906e-02,3.201355942730508414e-02,6.236414929250672090e-01,-4.483213550278005166e-01,-2.438780507633231120e-01,7.680758731151632324e-01,2.562671415562317589e-01,-5.949528250200326607e-01,1.573373424946301335e-01,8.096952943586885887e-01,-1.713184941681679951e-01,-4.821618571568035971e-01,5.710269798768154992e-01,6.584044851364935225e-01,3.117240841625614767e-01,2.384752958986838811e-01,-4.996705929733966101e-01,5.598238681513886261e-01,-2.348992707397261001e-02,-8.067374868750455397e-01,8.872520009070952729e-02,6.273519323017702209e-01,-4.110712809711078997e-01,-6.699886109051715888e-01,4.933629265081820314e-01,3.145762245790640343e-01,-7.514307127425229327e-01,-3.306869315564639478e-01,2.815309057082224231e-01,-9.373841605280893927e-03,-4.247606656952173654e-01,6.435181579420717890e-02,-2.442990113405320574e-01,-1.530933244008711724e-01,1.804862443385049642e-02
1.058644372898846775e-02,-1.650295859820658795e-01,-1.455510745343831791e-01,-1.945647213651331420e-01,3.293140200553706844e-03,2.568739515255916497e-02,-9.040908671294638210e-03,3.902635466762385819e-02,1.000000000000000000e+00,4.886990637057300052e-03,-6.482876358392358762e-01,5.521490393814785236e-01,7.600096012231609688e-01,-3.060811893901559944e-01,-9.457829878289723824e-02,4.960787638121853527e-01,3.565050621024494770e-01,-5.090210070505081230e-01,4.524102924151048866e-01,8.507674765049300092e-01,6.710983177160619872e-01,3.714011897729057599e-01,-2.698639371462507874e-01,2.248685146743795715e-01,7.967318498639059943e-01,-3.606679867310779164e-01,-8.307210867624069683e-01,-5.356937019220060492e-01,1.241002706583684556e-01,8.873546932036054935e-01,5.217570402805156160e-01,8.306934435141093420e-01,6.472329854251878123e-01,5.593547873853748076e-01,-1.465161619326704467e-01,5.164974863206875932e-01,-7.591472773894764612e-04,-4.704997386526589276e-01,-3.990299057776995617e-02,-5.455372378332792316e-01,-3.333591196227865261e-01,-2.421691292735487014e-02,9.387929165766469713e-03,5.454200368938737914e-02,1.117863928534977742e-02,-4.295759193996074449e-02,-2.971908681520622486e-01,-3.634436708055068799e-01,-2.397846656461415371e-01,-4.764472788958020733e-01,-3.856778404763804846e-01,-3.623694029791902915e-01,-4.086097123716969648e-01,-1.154004495999803315e-01,8.363974213189875190e-03,3.571981174491298816e-01,-1.518114479395553905e-02,4.413578629975394851e-01,3.994126859787978656e-01,6.369770869050388473e-01,-1.332835801750722193e-01,4.966263226888072424e-01,5.270565875887294194e-01,3.972216394101343862e-01,7.791794243836202005e-01,6.594606113084182375e-02,2.041942515980354755e-01,-7.349751848170192892e-01,-5.251916839204980869e-01,3.274553402448052153e-01,-2.607988219988404688e-01,-8.356647504382543890e-01,-9.103839859229391485e-02,2.462253941893959852e-01,-6.426858391076409882e-01,-6.338446284181702417e-01,2.054709973978843252e-01,-2.076762521886079127e-01,-7.266469078902463297e-01,-4.808586371109447866e-01,-2.148039912611791336e-01,4.708612914724068510e-01,-3.429525365484687449e-01,1.956869857700874182e-01,5.608233205724365567e-01,4.628801272492778507e-01,8.401245854719064515e-03,3.546880160463261045e-01,6.387896005074472638e-01,2.197560209822431443e-01,5.514901412848261658e-02,5.755920862496501922e-01,5.167091005424881978e-01,6.644535371259308043e-02,5.835085371461927461e-02,-7.906447787963363227e-01,-7.984029728322874497e-01,-7.225402659457985655e-01,-4.712176047603003348e-01,6.286745888118289161e-01,-1.757327037054607910e-01,-9.130755514309911725e-01,-3.144089951116070536e-02,5.431812135713423029e-01,-5.411440506042578535e-01,-7.365819504136876805e-01,3.609946248841299221e-01,2.138284163641507585e-01,-8.262820224135262182e-01,-7.239188434329634214e-01,-8.064032255144867323e-01,-5.286586655536943402e-01,-7.089946790082869432e-01,-4.968542826736097040e-01,-4.294541147164936401e-01,-2.753626165375569479e-01
-3.210626984268838968e-01,-2.066205670105675241e-01,-2.157863192691029663e-01,-1.715064775743080916e-01,-3.796614699748110389e-01,-1.045849860286337668e-01,-3.238410860387176959e-01,-4.337351679273375171e-01,4.886990637057300052e-03,1.000000000000000000e+00,1.355714725590034461e-02,-6.320419984960317095e-01,5.569780425163929349e-01,7.138288495569647951e-01,3.479464135606711445e-02,6.845720439320822637e-01,1.626937462854523841e-01,-5.974488195672089663e-01,-7.050439836527839788e-01,-2.545678846184113997e-01,2.289054924728957940e-01,-8.565481087816491090e-01,-8.947665634585943994e-01,-5.183367369377293032e-01,-4.276574839449122645e-01,-8.395540385626054647e-01,-3.559598243091967595e-01,-1.973287316189997753e-02,-8.635890759452694576e-01,5.394662634726046790e-02,2.640876360612544604e-01,1.350808209158131101e-01,2.242727114232245245e-01,1.310175830094704452e-01,3.155978387117928108e-01,4.027721591893254072e-01,1.235962835380805397e-01,7.088982305326243516e-01,7.191335998808400243e-01,6.781750497272806544e-02,6.457909446621447058e-01,6.297706113391298224e-03,-1.413896506246920259e-01,-1.509525595316723312e-01,-1.028498231517762512e-01,4.263472930342761952e-03,-4.860799958400657816e-02,5.784118905431837043e-02,1.905004702452878784e-01,-8.026640356311577629e-02,-2.382968697793580726e-01,-2.501201105134319772e-02,-8.401013077402080809e-02,-6.122925430009348857e-02,-2.030827020420242768e-01,9.535382525414423660e-02,-2.089236515085636792e-01,-7.066267497688492882e-02,-2.982863363485496744e-01,4.464612871786061699e-01,3.427798418490042298e-01,-4.288817936365674210e-02,7.219511920399872551e-01,3.824588790211801426e-01,4.689890316233232825e-01,9.205305213105208217e-01,-2.047975761825358842e-01,-5.691297449453985857e-01,6.735719928462603479e-01,6.305721615975944383e-01,-5.820623519766678911e-01,-1.405689104072210538e-01,9.395207484160877920e-01,1.225288747090229197e-01,-6.229411462499330199e-01,3.876987470504510425e-01,8.497214132106933882e-01,-3.427697349003149818e-01,-5.154599178791564595e-01,-7.918927247456028495e-02,-8.967854961101681122e-01,-7.217774227393816133e-01,-7.991099908737571145e-01,-8.602941883181780547e-01,-2.165087172190977294e-01,8.130278780815973771e-01,-1.203825315683120789e-01,-8.620699433989841287e-01,3.436200755630900994e-01,7.172932271754999256e-01,-6.201563155295071184e-01,-5.197365198285687216e-01,7.665676218316055390e-01,2.839685158186714964e-01,-8.542574806496405770e-01,8.659551765529061029e-02,-4.734521910708429093e-01,2.966249453699809080e-01,1.179988454643078749e-01,6.373621873880397359e-01,5.317803810068993942e-01,-1.171680409543000567e-01,2.112634457175158464e-01,7.727896171684646154e-01,3.071213364849011973e-01,-1.922293305591659951e-01,5.421061201050585421e-01,7.150262575263532927e-01,6.034952431876158818e-02,1.895227843186728933e-01,-2.827408600091957935e-01,4.932119833341644388e-01,9.281725288168547403e-03,1.245090894446144181e-01,2.431941638741738076e-01,-1.413856121250675439e-02
1.555927671512478683e-01,1.348376670765387142e-01,3.162406021179459681e-01,1.028547996038952916e-01,1.437035726322117013e-01,1.701519431135874519e-02,1.660622843829724082e-01,5.629118590686985613e-01,-6.482876358392358762e-01,1.355714725590034461e-02,1.000000000000000000e+00,-3.521982726822634087e-03,-6.318669863296703104e-01,6.272866885373348245e-01,7.589284349851327383e-01,-7.325904862799577366e-02,3.512920970212125016e-01,6.249234873117398559e-01,-5.629405682715852288e-01,-4.316680270615395054e-01,-8.730791557094286226e-01,-3.049651339800245609e-01,2.564721216319112429e-01,3.855614603460312817e-01,-5.547625432945824109e-01,3.147099300155089541e-01,5.431792405854051209e-01,8.786260736267782478e-01,-1.002386410764652945e-05,-5.585177550631390542e-01,1.520575641662809119e-01,-6.282885854919064705e-01,-2.883053307653021813e-01,-7.157506585133652788e-01,-4.109892363701696527e-01,-6.388569202057261531e-01,-5.068979652691200100e-01,2.206675247627147007e-01,3.500271244010134675e-01,8.172762560803660259e-01,5.651497244569209100e-01,4.982757736004169158e-01,3.818452176639787754e-01,4.402856058549359936e-02,3.747387157160826932e-01,3.152439455597561557e-01,5.004118985819422383e-01,3.353946773746653842e-01,3.902337004223350725e-01,3.896108501527216772e-01,5.656731647924170825e-02,-3.750537741652137935e-02,1.877233114293657412e-01,-1.716738721486522068e-01,-1.575793259728139051e-01,-3.187505535966598247e-01,-1.966132892904275398e-01,-2.310544730929557922e-01,-8.210486203916036452e-01,-7.472989802590026542e-01,-5.357129258188944032e-01,-9.097182852898234584e-01,-5.237280215301860498e-01,-8.008252745136249517e-01,-5.996557748750583894e-01,-1.611229106112792298e-01,-7.981335664659380269e-01,4.002573775500254949e-01,6.402760908172061560e-01,-6.543818303920427848e-01,-3.718574688859024313e-01,8.155890433951915597e-01,1.624553522885504031e-01,-8.246690072086507728e-01,1.801894546797993546e-01,8.317256439602247475e-01,-3.748800905464783062e-01,-5.004596065723497800e-01,6.106276342017891157e-01,8.932076246739174552e-01,-5.873068322172728117e-02,-5.905059307035810390e-01,-9.494662790270579078e-02,9.282645921862094085e-02,-8.985218444763763967e-01,-1.736839335076034163e-01,6.845685104314407354e-01,-3.648259484618143200e-01,-8.445433882844712858e-01,3.196277012504086246e-01,4.721167138662947238e-01,-7.717633467481597176e-01,-4.721422113028345136e-01,6.315441976283340253e-01,2.241261169491451377e-01,8.627073774472753254e-01,5.482287403991197294e-01,1.214944076674247531e-01,9.016638100291697322e-01,-1.600075791579201046e-01,-4.268272928244631892e-01,6.379241891391312924e-01,7.116059756262406166e-01,-4.161614412331043344e-01,-1.542858769826578880e-01,8.741461575285474073e-01,3.002795047490332547e-01,-5.528046076243426921e-01,2.470025183810960756e-01,8.131105783272202236e-01,3.721625091731043944e-01,1.616894571389191904e-01,5.495307048556820062e-01,1.528831900816429168e-01,2.755127673811197386e-01,2.098814377344496163e-01
3.000388514215411861e-01,3.529474678920976188e-02,1.802938137301456911e-01,-3.247104383153245205e-02,3.072394569597241554e-01,7.686543693824823831e-02,2.994672255083573043e-01,6.711765172063320906e-01,5.521490393814785236e-01,-6.320419984960317095e-01,-3.521982726822634087e-03,1.000000000000000000e+00,-9.250740245619325577e-03,-3.748338857535137847e-01,3.941137499737084604e-01,2.264378376075145902e-02,4.986210506639789930e-01,2.836476125852201435e-01,5.527868065516153839e-01,7.576568008618996819e-01,-3.674722527645134240e-02,7.437215950578811574e-01,4.782517508911022786e-01,8.324874953074320461e-01,7.364254623098784869e-01,3.885289836864943003e-01,-2.626202412277310883e-01,4.964967661799830206e-02,6.982675888163670797e-01,5.080111340858977087e-01,4.705603566440473284e-01,3.497834941649354268e-01,3.239165131484255111e-01,1.684291686711539282e-02,-6.408076124900535797e-01,-1.532154827121992025e-01,-4.311796112516957380e-01,-7.917222331166205995e-01,-2.598280144262856139e-01,-4.070012996724533400e-02,-3.779793811949700988e-01,2.802856263652061530e-01,3.408479492531393262e-01,1.868738388469488865e-01,3.219560291087069648e-01,1.560584767278740959e-01,4.900854298435757678e-02,-1.916411024844952293e-01,-1.187993936809985523e-01,-1.904913725815835235e-01,-2.269141628152922807e-01,-3.787968204814753381e-01,-2.475841317123030350e-01,-1.921681577243513905e-01,4.208322646859442850e-02,1.045387097690616413e-01,-3.642685830016104565e-03,3.669443598684012375e-01,6.318021202529498781e-02,-1.293775862362003259e-01,-7.213592511028810161e-01,-6.565197476634367091e-02,-2.765055897852378708e-01,-3.746034656103865990e-01,1.003738035850622878e-01,-6.433709355741445979e-01,-1.886271519185830081e-01,-1.222093793066011819e-01,-5.582005329164739793e-01,-5.124407653787937944e-01,-1.382540495165202887e-01,-2.290021768683384862e-01,-6.027927294890506049e-01,-3.770606297038113786e-01,-1.375259736684538714e-01,-3.565745911140292268e-01,-5.948514314506682110e-01,-3.238029094867029278e-01,-9.573487156915010815e-03,1.502534699746723712e-01,3.256055039798954054e-01,5.664886361450822694e-01,1.002254398184356243e-01,8.256849211234364994e-01,1.211321984067794955e-01,-1.640130930983597080e-01,5.479217903539272960e-01,6.890786058828103355e-01,-1.282348802910578955e-01,-2.758711425651392407e-02,7.817738132322814559e-01,4.213329113589235342e-01,-2.835058544163818195e-01,3.070859178474893425e-01,7.726195978921280849e-01,-2.991625876607560963e-01,-1.513673116232451543e-01,-8.652104017666339963e-01,3.751017476910133153e-02,1.292203287934654554e-01,-8.170932173812529564e-01,-4.443950600692916364e-01,3.047406881662207967e-01,-2.205058006662339865e-01,-8.667240078040792106e-01,-5.361196443738872747e-02,2.208869937152134755e-01,-6.175036268264536554e-01,-7.352081017157487963e-01,-3.416313959623752394e-01,-4.135386105466067885e-01,-7.655460926179461500e-01,-3.707521392305137553e-01,-4.959572062374708601e-01,-4.068905259279748665e-01,-1.348811577415715279e-01
-2.419980638214661028e-01,-2.825546921189021066e-01,-3.102510302673532894e-01,-2.747136768218389480e-01,-2.769379826136055822e-01,-7.747047759937018829e-02,-2.656784631764009252e-01,-4.049851160378232229e-01,7.600096012231609688e-01,5.569780425163929349e-01,-6.318669863296703104e-01,-9.250740245619325577e-03,1.000000000000000000e+00,5.621413942955624798e-02,-2.365115703378073420e-01,7.696043289817534605e-01,2.228370392982643444e-01,-8.414023718201151247e-01,3.724667297294496221e-02,5.184593180504870613e-01,7.997273304504557423e-01,-1.713614808457374628e-01,-7.568464648253621085e-01,-2.576164333255147598e-01,4.161297401936631113e-01,-8.018228533731498464e-01,-8.849995733338791304e-01,-5.933724304123467741e-01,-4.166620645652507893e-01,7.466653205980749997e-01,4.357526823493395596e-01,7.831450098087474609e-01,6.351103107343806231e-01,6.389716164375117691e-01,2.017550782022298761e-01,7.413660737588724237e-01,1.725039513654824663e-01,4.603326362098685010e-02,2.926979873565832557e-01,-4.791614588179184397e-01,4.961319450271508939e-03,-1.741627437529203182e-01,-2.175961057320366099e-01,-8.301767055207832924e-02,-1.897358837302724477e-01,-1.312544409175084859e-01,-3.789302713446435766e-01,-2.956280802747818792e-01,-1.564286326744676048e-01,-4.642059588934968617e-01,-4.076736592396548731e-01,-1.988729211113811068e-01,-3.557724545885386225e-01,-2.152071464285833929e-02,-6.218740791809267143e-02,3.976024633405408903e-01,-5.384823854497829132e-02,3.143929892635998757e-01,3.115567828064516043e-01,8.699719011243934874e-01,2.578108514103303328e-01,5.395243947176816546e-01,8.949739226707540407e-01,6.932504547783971960e-01,9.343875494382652969e-01,6.149972321606580472e-01,2.297584023938244180e-01,-9.076689640680983828e-01,-1.236893146518317083e-01,7.501183641090749532e-01,-3.999788123058889977e-01,-8.384763675157526075e-01,4.365996584269496439e-01,4.523452370814438628e-01,-8.214189769721845780e-01,-4.106837850483134877e-01,7.248063857519839726e-01,-1.923376907348306741e-01,-9.362016582218199989e-01,-5.971067923307945557e-01,-6.412629171071034806e-01,4.564745615399185691e-02,-6.515046316478187993e-01,-3.952164082676100088e-01,4.756790596451250241e-01,8.173798226772999165e-01,-2.459793871579942781e-01,-1.670595389489434313e-01,8.342112904297429576e-01,4.649746534603947934e-01,-4.453306831518675235e-01,2.795321651873375335e-01,8.962446549786187155e-01,3.630186948475120495e-02,-5.109549584566122071e-01,-6.883698134330474838e-01,-9.327489653942492298e-01,-3.265229237514359339e-01,-4.776364936101343828e-01,8.114729306260922703e-01,3.079273388631246222e-01,-8.245387557135352985e-01,-9.334697814488369938e-02,9.052568375213695395e-01,-1.296129912739941714e-01,-8.200105204147862814e-01,4.613377657922943520e-01,6.968045968221550091e-01,-5.621783941646931737e-01,-5.830092242601454533e-01,-7.985605962895032661e-01,-7.181521515522606980e-02,-5.919798874243921150e-01,-3.057066077442572305e-01,-1.971518604822833087e-01,-2.282913854291619138e-01
