1.000000000000000000e+00,3.900684379267861934e-01,3.840194935918131436e-01,1.257390520106740628e-01,1.321364385233556316e-01,3.240503002923856429e-02,1.166599666460493290e-01,4.454478614201803216e-02,3.001925909147717605e-02,1.006650610267958990e-01,5.565029630929485549e-02,2.839462687142438671e-02,2.994863225470065313e-04,5.311812765936949760e-02,5.214192113210805619e-03,1.150930910063035009e-02,3.522911814658479662e-02,1.082266098607810589e-02,-2.383806813534460750e-02,-9.817357352267070195e-03,1.352270107528678704e-02,7.256945580233421962e-03,-1.389100359780517067e-02,1.057973014450307517e-02,2.418090151682260412e-03,2.508672305999511739e-03,1.481183401954342012e-02,1.425742218228787800e-02,3.209060954201269772e-02,6.781894342339099026e-03,-8.732288281515966297e-03,-3.376474899272501377e-04,1.234895454845190942e-02,-7.040294658681950889e-03,1.797693862272463361e-02,1.367421591916384354e-03,-2.344760715197050441e-02,-4.436189768073261347e-03,-2.551923560291737697e-02,2.064644644592537187e-02,9.536751765900469344e-03,3.113455997872766751e-02,-5.960499012995336757e-03,1.224771859109113729e-02,1.225386259980605630e-02,-8.857366547554722247e-03,1.200597967932118260e-02,1.396882491208921613e-02,1.520301179386202538e-02,-4.030182900951617339e-03,3.257607806498061948e-02,1.106370681626748197e-02,7.391753131980484740e-03,7.656632252013849047e-03,-1.340815982523195157e-02,-2.627727266509580911e-02,-2.274644923181720017e-03,2.930609348242282919e-03,-1.920296450630416471e-02,-1.679881798157427733e-02,-2.791656951428130376e-02,-2.538082807921462902e-03,-1.197611458463795908e-02,8.746667617624975105e-03,2.042793906802681941e-02,1.867091136888016090e-02
3.900684379267861934e-01,1.000000000000000000e+00,3.127963152071789876e-01,1.621120918800874888e-01,2.039327389947000468e-01,9.749995590222786113e-02,1.411575837068678452e-01,5.205736568264514308e-02,6.099647275604244863e-03,1.089701944842250692e-01,3.435025537574046273e-02,6.286353300027264918e-03,-4.009464691560536004e-02,4.175782867528504694e-02,-1.866802140416622818e-02,1.195166499436271269e-02,1.905266393827153432e-02,-2.499931749958389602e-03,-2.665100955050572415e-02,-1.919314749485041827e-02,1.269076919090170695e-02,-1.182832920408972326e-03,-1.354793763033078531e-02,1.731567486642933418e-02,1.130010829298607779e-02,1.490612735845051225e-03,4.549612489256690470e-03,2.339666609195386118e-02,2.498216712599158132e-02,-1.664543615056638531e-03,-1.935580502050154167e-02,-2.221674145072166304e-02,-1.263503788431712474e-02,-2.455886836884286009e-02,-6.793951071625985855e-03,2.848815305852834580e-03,-1.005415690944566273e-02,7.899675816015550370e-03,-1.378260738064448392e-03,1.427558046270934996e-03,3.152696993583602864e-02,3.924008508093855541e-02,-1.997273232387895489e-02,-6.800188182821881311e-03,1.612744202374931726e-02,1.122811652064738437e-02,-5.486360814985153170e-03,1.902959712363949674e-02,1.508053995168434462e-02,-6.701534061407916389e-03,4.374633390522833509e-02,1.183377162667160684e-02,1.392181383782001639e-02,2.858278754514526412e-02,4.289241087727111226e-03,-1.402451069910242744e-02,1.228972882190908222e-02,1.018406407648511994e-02,4.284417382348507455e-03,2.549548392837949241e-03,6.620348401744423177e-03,1.209037679126891487e-02,-5.016773715759307271e-03,2.100254827198980850e-02,1.476406656940174381e-02,1.270807364229194387e-02
3.840194935918131436e-01,3.127963152071789876e-01,1.000000000000000000e+00,2.825738584049250490e-01,2.814021616303066242e-01,1.336662956895451060e-01,2.728408007752193831e-01,1.362020692846105663e-01,7.432677199603783535e-02,2.315403469189437069e-01,1.122415611981836953e-01,7.990490394427700316e-02,-4.710806406738363844e-02,9.109062333016106072e-02,-4.698872334656096876e-03,5.001622392683535007e-02,9.350272480779571460e-02,1.681250878287020301e-02,-5.097844791976052087e-02,-2.451721817069891715e-02,1.932807901044762341e-02,3.805853340854302436e-02,1.087498247554029903e-03,4.886291736465628310e-02,-5.226546774182013952e-03,-2.054951710437689927e-02,2.628281101079368159e-02,3.775030651678468879e-02,4.282107548248789697e-02,2.843911779174346233e-02,4.084702886479764546e-03,1.500652889846038106e-03,3.576078308627422125e-02,1.565037244486488371e-03,1.823831549477246058e-02,3.761074311934214931e-02,-1.862273239386128768e-03,-3.357788925565535765e-02,-1.184979347568114634e-02,1.402765763166111080e-03,1.861011320014483231e-02,2.233330442030531660e-02,-1.259977212220715452e-02,2.362274652509937720e-03,1.352747528937364024e-02,9.280943632083074948e-03,1.311593054709142905e-02,1.246555362471165815e-02,2.084003239535722404e-02,-1.372781282883269068e-02,2.575009677053509069e-02,3.252796875055349868e-02,9.361781900978151036e-03,2.927280617339910601e-02,-1.066684567344669717e-02,-1.755403889642397769e-02,-5.113447387356131026e-04,2.477998482591606960e-02,7.916643612829208504e-03,-4.631737963041069987e-03,-1.180495341241647941e-02,4.303737427290561628e-03,2.360809531680918213e-05,1.492895471414965036e-02,1.266990716069813470e-02,1.023889871308918467e-02
1.257390520106740628e-01,1.621120918800874888e-01,2.825738584049250490e-01,1.000000000000000000e+00,4.215042080886338138e-01,3.711348389507495571e-01,4.798091247264246739e-01,2.800077802528473936e-01,5.337423053296326547e-02,3.585545812487444528e-01,1.176145943134114524e-01,9.544725510699234028e-02,-1.079913555452109153e-01,6.383580255614393351e-02,-3.786897233006036867e-02,1.527588249065210957e-01,1.325008384383953020e-01,-1.802218455928605162e-02,-4.753232259233054757e-02,-2.675921767252142577e-02,-3.432801950009341241e-02,4.730031647707502729e-02,6.846426827417852190e-02,8.817519017246867874e-02,-2.554091412643811829e-02,-8.174416467005410358e-02,-2.259551652188359413e-04,1.704062629990787600e-02,5.034746804376124402e-02,1.161017997832498351e-02,-1.418407123735706057e-02,-4.962001831314577678e-03,-4.366620258463050318e-03,-9.046076872773662486e-03,8.581846655594929651e-03,2.607570295328203586e-02,1.543224017491462256e-02,1.241214102056817717e-02,2.129925355299894241e-02,-1.169936247246752131e-02,2.310572711838476331e-02,-5.069490435520313670e-03,-2.906332177707533423e-02,-3.297635197620701203e-02,-8.754295219427221664e-03,7.753920934505556355e-03,7.158846134771752745e-03,6.080710505451966761e-04,-9.268392608717831646e-03,-3.037229186925992017e-02,8.300875965755349266e-04,-1.427615540821482176e-02,-1.535271143405499486e-02,-2.441758299169885169e-02,-2.283590130558161083e-02,-2.946370413145297726e-02,7.604293709263815031e-03,1.899231440313168054e-02,3.554104082010658885e-03,6.326370516437437516e-03,-1.574386313244705016e-02,3.134869262401358825e-02,2.552479055740102670e-02,-1.026693173201943636e-02,1.279152083544845241e-02,-4.103728291826106746e-03
1.321364385233556316e-01,2.039327389947000468e-01,2.814021616303066242e-01,4.215042080886338138e-01,1.000000000000000000e+00,3.682858074417322269e-01,4.997739228870227146e-01,2.111134726790857563e-01,1.288639025429873242e-01,4.295271517107285275e-01,1.405409744500371871e-01,2.067756505339556350e-01,-3.985845358050094794e-02,1.145712397066217525e-01,3.459102304505310560e-02,1.437274680337659316e-01,1.387424362628472962e-01,2.988092988807538111e-02,-8.966817815544768366e-02,-3.637275002748460023e-02,5.586357821378266746e-03,1.136296618874729492e-01,4.569569364877088674e-02,1.202988906074828890e-01,-2.638408907305288265e-02,-7.658157496906124739e-02,6.631923194744443473e-02,6.883414657592339114e-02,7.917930631654994389e-02,3.276528979977286898e-02,2.020440722031446520e-02,2.947186448601155778e-02,4.092697902396014858e-02,1.342832711862291563e-02,4.677387720704396373e-02,6.186539924613860403e-02,3.993784304266042445e-02,8.526588012931327109e-04,2.001315128471443591e-02,2.090224960894142628e-02,4.462655503259945616e-02,2.463622929444347562e-02,-2.768063389868324550e-02,-2.148030697260044919e-02,6.203482633286596520e-03,-6.482280256463466336e-04,5.815511233590303988e-03,1.400383871692642210e-02,2.890914039602525756e-02,-1.693084427355710103e-02,2.426853046935605052e-02,7.950621158936516455e-03,1.674161894548781629e-02,2.645100280652325914e-02,-2.648788214668214638e-03,2.047904145200683639e-03,5.796801362023965357e-03,1.574155494614803627e-02,-1.379560806019859871e-02,8.895349147244163354e-03,-3.444460147444538666e-03,2.775800366000925196e-02,2.021294934277845495e-03,-8.522198438639827511e-03,-1.297913044149776214e-02,1.502842036337516873e-03
3.240503002923856429e-02,9.749995590222786113e-02,1.336662956895451060e-01,3.711348389507495571e-01,3.682858074417322269e-01,1.000000000000000000e+00,2.054034759334912030e-01,4.430501527733495676e-03,-1.250996742426179753e-01,2.041781744843308433e-01,1.420386972001960735e-01,8.805582751127438712e-02,-2.917255517052923589e-03,9.084906631063943694e-02,-3.086185304962436177e-02,2.858946483829248944e-02,1.220323816286296020e-01,4.557891988956665891e-02,-6.193771555012939078e-02,-1.843316356991527016e-02,3.585595501497531451e-02,9.006593420531686101e-02,1.341852863627170274e-02,7.394939573196454563e-02,-4.394894166950638614e-02,-3.406269328315783551e-02,4.815407870267485180e-02,4.907661696175753818e-02,1.943841294439270506e-02,2.078878081773678083e-02,1.119212522235020707e-03,2.057145314047413576e-02,8.989286186323306588e-03,1.813872680399206388e-03,2.763628466348774099e-02,5.649333312476419872e-02,4.582635617215897322e-02,-4.487930226432362011e-04,3.880946243022775216e-02,-1.741609156829007979e-02,3.634227116768751209e-02,4.048508159997186648e-03,-3.006827887808500438e-02,-2.921993343828595269e-02,-4.460536367195732342e-03,1.412338727467899943e-02,2.556318752942070976e-02,7.051583947089242257e-03,2.648730121462472206e-02,3.771825530154137088e-03,5.773334268209012049e-02,3.156684187494546850e-02,5.391587728575870930e-02,3.745445448993250243e-02,9.945625706298246924e-03,2.983929092383742765e-02,1.608330369843016458e-02,1.240644519256961682e-02,6.586557022414985495e-03,2.377370596853729812e-02,5.609525570900079569e-03,3.095452425971548932e-02,2.216060368888630658e-02,-9.261254998259697141e-03,-2.025326367633438485e-02,-2.922674700299008471e-02
1.166599666460493290e-01,1.411575837068678452e-01,2.728408007752193831e-01,4.798091247264246739e-01,4.997739228870227146e-01,2.054034759334912030e-01,1.000000000000000000e+00,4.705613486784339106e-01,3.681881721831914978e-01,6.660357682208023489e-01,1.405782962623324528e-01,2.363502361517973160e-01,-1.482987650533232615e-01,8.822690306670767646e-02,7.341561627118289857e-02,2.426422093802714786e-01,1.593719379420197313e-01,-8.048674473719624745e-03,-7.201639305950469083e-02,-2.215923740877205270e-02,-6.251927928192277384e-02,9.408885120339249841e-02,1.231463007664981985e-01,1.462691636554811769e-01,-3.901729319121419182e-02,-1.319917040187661705e-01,1.888241538229976785e-02,4.684587668227156027e-02,9.098380926862575935e-02,3.265372143230680507e-02,3.180355942526420093e-02,6.633852900757191903e-03,2.898129461395992576e-02,1.125424298177006045e-02,1.224532649446252383e-02,3.851511194336389859e-02,8.498185527445764262e-03,-3.587691192400252905e-03,9.447682825892781897e-03,-2.399775238870529084e-03,3.142847522580183295e-02,2.717859251642179303e-03,-2.133901100985298102e-02,-2.247638600281751456e-02,2.456254586102907689e-03,4.404496346238703439e-03,-3.781841359710776986e-03,2.373198681010032368e-02,-1.607384685520521972e-03,-5.517441271526122432e-02,-9.725886169587156377e-03,-1.248335652410372670e-02,-1.268301949639683360e-02,-6.880950449271661801e-03,-3.126647218099331410e-02,-4.056060101424158876e-02,-1.893528925629981222e-02,1.494094481113212441e-02,-1.807243146579081555e-02,-8.012792635166044244e-03,-8.388844005239830606e-03,2.547966633013436927e-02,9.009638601528615481e-03,-9.066151687980698176e-03,-6.359184367326953941e-03,7.794464325381348681e-03
4.454478614201803216e-02,5.205736568264514308e-02,1.362020692846105663e-01,2.800077802528473936e-01,2.111134726790857563e-01,4.430501527733495676e-03,4.705613486784339106e-01,1.000000000000000000e+00,3.945116111664508929e-01,2.095662150750213781e-01,-8.915382418846438950e-02,-1.467687718182084100e-01,-3.594101718452311633e-01,-1.330241236193381305e-01,-1.225888227235429617e-01,2.008579991979770329e-01,1.158841830749349766e-01,-1.383022174761139311e-01,-4.456706695781506578e-02,-7.843874979724466123e-02,-1.293650058888989041e-01,-7.286885374376522728e-02,1.288008301710998615e-01,7.085147268821657962e-02,6.542045403323044905e-02,-1.118569017520545106e-01,-1.287267171294086132e-01,3.612124388379663736e-02,7.347700259463040874e-03,-5.925913106199368410e-03,-1.665285911613051395e-02,-6.748181674063824520e-02,-6.217494951686385572e-03,-9.366454972849193317e-03,-4.325955105797033018e-02,-3.663614685559470063e-02,-5.085173245888561372e-02,-9.478856071464038593e-03,-7.979417493547778101e-03,-5.804597093107087546e-02,5.683037227562090857e-03,-3.742761119098525491e-02,-2.441311123944852127e-02,-4.910624658826300004e-02,-4.909149431422106524e-02,-2.616883911144681288e-02,-3.800347299572379156e-02,-3.616590925816473567e-02,-3.646033607553921668e-02,-5.256826392812285337e-02,-4.531295567657447204e-02,-2.828412756613518306e-02,-2.177727329706127118e-02,-3.436088841207914774e-02,-3.933811371367974125e-02,-5.405824998819484112e-02,-3.216874765634340078e-02,-3.375724533370662826e-03,-1.130360906961511494e-03,9.554546411410505188e-03,-3.516936520777030461e-03,3.239610743456029091e-02,4.266884441762455044e-03,5.659898343994826560e-03,-2.169516053257300459e-02,5.871975259996635096e-03
3.001925909147717605e-02,6.099647275604244863e-03,7.432677199603783535e-02,5.337423053296326547e-02,1.288639025429873242e-01,-1.250996742426179753e-01,3.681881721831914978e-01,3.945116111664508929e-01,1.000000000000000000e+00,3.845584576781327368e-01,-1.807985744428416142e-01,1.474440331364766377e-01,-1.551488874168092946e-01,-1.567770868158998299e-01,2.210294938962601985e-01,2.146413359410931920e-01,-3.843034111331901370e-02,-5.316165477895961472e-02,2.853134607767626382e-02,3.294796443960908150e-02,-1.038138147750198859e-01,-9.443490067491417533e-03,1.208190966456172133e-01,4.291663092433448123e-02,-5.668604644518455971e-02,-1.101317350139658924e-01,-6.546758584290016114e-02,-2.290368878518335080e-02,8.269716955040589887e-03,-1.052172336110914277e-02,4.350712122670592936e-03,-2.602905263705684868e-02,1.251615232667898335e-02,6.729837981616459790e-04,-2.600038472821303639e-02,-3.175126045371551992e-02,-4.026275558743720034e-02,2.278407952254625068e-03,-6.773484013984749745e-03,-6.885910219469336228e-03,1.515272097645369020e-02,-1.935295960591848496e-02,-1.632865400230713165e-02,-2.585721349941674449e-02,-3.112631932008232821e-02,-1.524064433805073782e-02,-1.062885913208409285e-02,-1.658255134702146111e-02,1.308695478002415077e-02,-3.900184690338249355e-02,-3.640507610108974917e-02,4.158518563304603420e-03,-8.478586140977604352e-03,-1.822905705454897982e-02,-2.189457944134854533e-02,-5.042429523385923845e-02,-4.684859672456859192e-02,-6.821732365987051051e-03,6.636969376053886323e-03,8.884755560063210475e-03,8.072332158985322942e-03,1.247498840335128228e-02,-1.030803304758828864e-02,9.336502474226517426e-03,-2.063817425126186419e-02,1.409173949559982403e-02
1.006650610267958990e-01,1.089701944842250692e-01,2.315403469189437069e-01,3.585545812487444528e-01,4.295271517107285275e-01,2.041781744843308433e-01,6.660357682208023489e-01,2.095662150750213781e-01,3.845584576781327368e-01,1.000000000000000000e+00,1.721198824937325844e-01,4.335312810282366813e-01,-9.851695509252411664e-03,1.462598488491583526e-01,2.281875146422963352e-01,2.355726528518104212e-01,1.218193756196049582e-01,7.534380018737120432e-02,-4.615231871362736327e-02,4.729426835060113188e-02,-2.089678147227378921e-02,1.777430396445363048e-01,1.103172270053986298e-01,1.576277351623422140e-01,-1.141556989955172796e-01,-1.258914811192536620e-01,9.113717039739011039e-02,2.955588697107262852e-02,1.097249356285494026e-01,3.183703942692590189e-02,4.922983699372039668e-02,4.073532584091352216e-02,3.362057399384854595e-02,6.402935984191660684e-03,3.173851427277411125e-02,5.695982030071906205e-02,2.636710095383745095e-02,2.078153277547538889e-03,9.224869760966314391e-03,2.846492275342521472e-02,3.067508606971795435e-02,1.612907095180505027e-02,-1.362322849286698445e-02,-5.595812270711581979e-03,2.024161403138102777e-02,1.558637954416507328e-02,1.562314085763123403e-02,3.651716038000300812e-02,1.288734320878552782e-02,-4.011810344189781913e-02,-3.022116178081688323e-03,-5.847562912552266116e-03,2.717171900037127288e-03,5.332612870738240654e-03,-1.360172299954561653e-02,-1.380938321155538405e-02,-2.886012923838779734e-02,4.914943227464519185e-03,-2.542906969537946094e-02,-1.245576261651278049e-02,-5.138047594867251565e-03,6.110262646973117426e-03,7.529237032136162043e-04,-1.225148011225266585e-02,5.175095224089602992e-03,6.076314793489967503e-03
5.565029630929485549e-02,3.435025537574046273e-02,1.122415611981836953e-01,1.176145943134114524e-01,1.405409744500371871e-01,1.420386972001960735e-01,1.405782962623324528e-01,-8.915382418846438950e-02,-1.807985744428416142e-01,1.721198824937325844e-01,1.000000000000000000e+00,4.417735016046047680e-01,4.055864644346061643e-01,5.071539816369300402e-01,1.216380484231459752e-01,8.016211113889918846e-03,2.359409702834958100e-01,2.188348498185530844e-01,-1.822293664901243962e-02,1.204665068679842133e-01,1.366523947401451777e-01,2.710141313868957846e-01,-2.697045927842137147e-02,8.867942164521082360e-02,-1.515570555875702663e-01,2.141309129749998513e-02,1.661511605127544700e-01,2.721793411694126141e-02,1.019232120644613798e-01,5.590550499805560514e-02,4.157538277801274551e-02,6.971692292069052443e-02,3.201044453891489089e-02,4.902720300123134672e-02,1.073383439852005627e-01,4.415368169769957885e-02,7.186246484950097047e-02,4.628280861655623829e-02,6.540143074373069854e-02,6.588824522757606716e-02,6.198295646715271112e-02,5.454186758718332362e-02,-2.226879663132239756e-02,7.140541195682388945e-03,3.430825283851979962e-02,2.114371103263255544e-02,4.051510872067309865e-02,4.470621763198713572e-02,7.165481395105680398e-04,1.747242290526318867e-02,3.565496276442943480e-02,1.892720159198217622e-02,-1.644736927819438060e-02,1.116900762802955881e-02,-2.735441624252607853e-02,-2.865034265177452549e-02,-4.133064769911163998e-03,2.197201672671867181e-02,-2.118351119801327800e-02,-2.400024123048902919e-02,-1.195540816941719105e-02,1.525943515299049702e-02,2.638089422571382806e-02,-3.029802779780406755e-02,6.315714339493782963e-03,-4.344493800816301432e-02
2.839462687142438671e-02,6.286353300027264918e-03,7.990490394427700316e-02,9.544725510699234028e-02,2.067756505339556350e-01,8.805582751127438712e-02,2.363502361517973160e-01,-1.467687718182084100e-01,1.474440331364766377e-01,4.335312810282366813e-01,4.417735016046047680e-01,1.000000000000000000e+00,3.273831511574057385e-01,2.637700127520706816e-01,3.601153814451222845e-01,1.019499494719719040e-01,1.510511847177676559e-01,1.988905778685227110e-01,-4.854520346378656676e-02,1.048989389629007424e-01,6.255381188332539977e-02,2.955583440948392759e-01,5.138113464398100932e-02,1.544244933846124768e-01,-1.765925638692674715e-01,-7.924524773008817524e-02,2.054403700919966991e-01,6.699654048448673224e-03,1.249092126815527504e-01,5.445394410656802936e-02,5.736483495638153990e-02,1.016192653661706496e-01,5.902913129467102227e-02,3.312363784766262503e-02,6.905720402786187651e-02,5.293359013039936750e-02,3.848097430018004167e-02,1.796273665490212210e-02,3.286213558300129373e-02,6.991064362558112311e-02,4.495201598171141844e-02,3.075466347916045243e-02,-2.848534918332076837e-02,8.914048703143866853e-03,1.995155147723204347e-02,1.209742811068635626e-02,3.952098330567899859e-02,2.091434710886258541e-02,4.218892261221676362e-03,-1.139850998119458329e-02,9.954809147925021418e-04,5.799810313625125731e-03,-1.046071829948645900e-02,-4.061992636463203159e-04,-1.039518538928346260e-02,-2.350363958654430249e-02,-1.906535962738801007e-02,9.152575921783510232e-03,-3.415346699529409752e-02,-4.738895053893772691e-02,-2.365033253233627536e-02,7.060072216010191207e-03,3.714769101770241944e-02,1.941841476798303323e-02,4.044789596193187897e-02,1.000558104491047415e-02
2.994863225470065313e-04,-4.009464691560536004e-02,-4.710806406738363844e-02,-1.079913555452109153e-01,-3.985845358050094794e-02,-2.917255517052923589e-03,-1.482987650533232615e-01,-3.594101718452311633e-01,-1.551488874168092946e-01,-9.851695509252411664e-03,4.055864644346061643e-01,3.273831511574057385e-01,1.000000000000000000e+00,4.272133655423045462e-01,3.191856688969799127e-01,2.416449863480695653e-02,-6.223016174166379894e-02,1.799444020410073952e-01,1.448638382258188861e-01,2.248273076087619893e-01,7.136399359513430352e-02,1.464290587862721316e-01,-2.489403549400095658e-02,-4.732088890529497632e-02,-2.073315507728287765e-01,3.249936102706479230e-02,5.920757384543815643e-02,-7.405514740861948719e-02,-1.829286765536687273e-02,-4.237012202958152784e-02,-1.332693116619122244e-02,3.823346026504043094e-02,-3.020368864223426167e-02,1.130243598037009890e-02,9.858283639401589638e-02,1.012153565508572273e-02,5.116586610876500130e-02,5.064468133998682037e-02,4.141841676268216005e-02,8.745758446333591618e-02,3.529553076819909319e-02,3.500342383169456617e-02,-2.039339599291842969e-02,6.498852583248971963e-03,2.624020319192407052e-02,8.618920344969279237e-03,6.232354461576780115e-03,3.087928163035144266e-02,1.828138501660920255e-03,1.085511673267141805e-02,-6.747346114765686957e-03,1.028528685820494053e-02,-3.720112018712353613e-02,6.416403053350070232e-04,-1.574782791237887281e-02,1.200521767162819609e-02,2.991461077023715152e-04,3.365931643883512871e-03,-4.737741907409225191e-03,-3.826876903577872135e-02,-1.536271820964510600e-02,-1.333905654092995899e-02,4.696756958275542966e-03,-6.611788673123090640e-03,2.597634375352526892e-02,-4.680107495796109046e-02
5.311812765936949760e-02,4.175782867528504694e-02,9.109062333016106072e-02,6.383580255614393351e-02,1.145712397066217525e-01,9.084906631063943694e-02,8.822690306670767646e-02,-1.330241236193381305e-01,-1.567770868158998299e-01,1.462598488491583526e-01,5.071539816369300402e-01,2.637700127520706816e-01,4.272133655423045462e-01,1.000000000000000000e+00,1.869239702344777931e-01,2.530443843664270664e-02,5.000681452324824000e-02,2.388131165112875043e-01,1.312817774861796960e-01,2.121672163856261895e-01,1.583893345340994241e-01,1.681376517425255956e-01,-9.536663347517991551e-02,-6.827791653809692218e-02,-1.732267919958650204e-01,1.146164227763813992e-01,1.106981644454090308e-01,-1.735675717017552341e-02,4.952413897184245600e-02,-1.659367876407216377e-02,-5.391827472773995378e-03,5.926885544416497786e-02,1.642302783147750120e-02,6.849115755681628448e-02,9.814473480351051937e-02,6.210353601346844943e-02,8.792977170390206543e-02,3.493271121527736361e-02,6.035301755368352450e-02,7.953994129820250725e-02,2.761828476178988453e-02,4.847051285796520614e-02,-9.952471091537835532e-03,-2.431712474965840032e-03,3.019317533595644587e-02,2.819911634848610779e-02,1.105003285228100575e-02,3.499248424131577717e-02,-9.909253764729621453e-03,2.452704524581011004e-03,2.988739696008614610e-02,6.640059854556405912e-03,-7.835042173949162761e-03,3.547569403844986341e-02,-3.341525524435474265e-02,-1.585026125910165423e-02,1.496027389685143476e-02,2.016984863450172610e-02,-4.207101787969601270e-02,-2.202631539621070778e-02,-8.932287803590732711e-03,3.678559873560748560e-03,5.887305618379081243e-03,-2.671066686534549067e-02,1.787591644826496198e-02,-3.021384091167415506e-02
5.214192113210805619e-03,-1.866802140416622818e-02,-4.698872334656096876e-03,-3.786897233006036867e-02,3.459102304505310560e-02,-3.086185304962436177e-02,7.341561627118289857e-02,-1.225888227235429617e-01,2.210294938962601985e-01,2.281875146422963352e-01,1.216380484231459752e-01,3.601153814451222845e-01,3.191856688969799127e-01,1.869239702344777931e-01,1.000000000000000000e+00,4.173432750797716889e-02,-2.748090638664605900e-01,3.140523889852934181e-01,3.261565529316033385e-01,4.052747468040004963e-01,1.289681465010565908e-01,2.008368021532518366e-01,-7.546546807969799209e-02,-1.464283416208357336e-01,-3.859871889987647187e-01,8.671091508220700461e-02,6.645400186883336502e-02,-8.384430276824646200e-02,2.461138321296889309e-02,-1.733414260823793254e-02,2.934937845975540624e-02,2.411142291229097928e-02,1.146145005270140030e-02,4.274084782829842138e-02,4.872317337264631121e-02,2.974644398684965496e-02,5.770232570290789037e-02,4.414643494990891370e-02,4.011237486329023022e-02,7.686924519657151178e-02,7.046936391573233038e-02,4.816251270976429355e-02,-3.675073983075606565e-02,-5.176161428877726171e-04,3.653745914738323192e-02,2.765764766024810320e-02,1.063486655869648641e-02,5.364625682139941010e-02,5.128911922856311395e-02,6.904845027504501014e-03,2.097469322174558629e-02,3.347041095672548261e-02,-5.771721840573386560e-03,4.703713221080843727e-03,-4.445821199392091527e-02,-4.503481189527967082e-02,-1.515092610165800699e-02,4.539334435306033311e-02,-4.904054837966937514e-04,3.611000553006246672e-02,1.931039926386453331e-02,1.198631763829922578e-02,2.816931078774428596e-02,8.414730299386479623e-03,1.623504276173659555e-02,-2.485478861989755955e-02
1.150930910063035009e-02,1.195166499436271269e-02,5.001622392683535007e-02,1.527588249065210957e-01,1.437274680337659316e-01,2.858946483829248944e-02,2.426422093802714786e-01,2.008579991979770329e-01,2.146413359410931920e-01,2.355726528518104212e-01,8.016211113889918846e-03,1.019499494719719040e-01,2.416449863480695653e-02,2.530443843664270664e-02,4.173432750797716889e-02,1.000000000000000000e+00,7.052555959030472332e-02,-2.175941090186631899e-01,4.368259759099819665e-03,1.088933102646398934e-02,-3.057526666858534914e-01,-3.638223672942411668e-02,3.235069950844711162e-01,1.541933156584767428e-01,-4.244584188622754772e-02,-3.065238235094758790e-01,-1.630086660718336189e-01,-7.654995501013234227e-02,-6.284027952895926417e-02,-4.712853851095162583e-02,-2.149812343283244095e-02,2.593189690912376180e-02,-1.473628883873841916e-02,-2.965524512853302819e-02,4.441756332816040875e-02,4.718214384950867452e-02,5.938726928222526347e-02,-1.471407452215363863e-02,4.532342461754313573e-03,-2.773747758267226804e-02,-5.172009152091533793e-03,-3.498023342107445255e-02,-6.888843669205136147e-03,-3.182583855662193817e-02,-7.431331620566711087e-03,-2.595001379222030505e-03,-3.149441714925255847e-02,-5.168018047787700797e-03,-3.440176973671953825e-02,-3.407804063989722243e-02,-3.929742930013109536e-02,-2.792947501362076645e-02,-4.763450581138816559e-02,-2.282341892853665538e-02,-3.589453201563895524e-02,1.736118181731366103e-03,-1.206300853507307966e-02,-3.206550391361072394e-02,-2.513952440767074081e-02,2.386902324387481494e-03,1.174448558977065314e-02,-1.030374944503967272e-02,-1.078101548233249482e-02,-2.722634418664944544e-02,2.103372844719349211e-02,-1.085677319537762045e-02
3.522911814658479662e-02,1.905266393827153432e-02,9.350272480779571460e-02,1.325008384383953020e-01,1.387424362628472962e-01,1.220323816286296020e-01,1.593719379420197313e-01,1.158841830749349766e-01,-3.843034111331901370e-02,1.218193756196049582e-01,2.359409702834958100e-01,1.510511847177676559e-01,-6.223016174166379894e-02,5.000681452324824000e-02,-2.748090638664605900e-01,7.052555959030472332e-02,1.000000000000000000e+00,1.010085907465444882e-01,-4.022138863693082711e-01,-1.758969571196558612e-01,4.763010137599688054e-02,4.214101587550197481e-01,1.478772749606828973e-01,4.551091120062502049e-01,-9.288199217361315166e-03,-2.202314011201548516e-01,3.209541413136609012e-01,2.433939318393443241e-01,2.224340731779612390e-01,2.201771669112708163e-01,1.379178996792535250e-01,1.279282987901382840e-01,1.466707622175058012e-01,2.734136458660067770e-02,1.315201472450726050e-01,5.934590043508208151e-02,7.773843030450469649e-02,2.059757270498712226e-02,6.139140299257706684e-02,3.822046240552341018e-02,3.430069626504735764e-02,3.515611224033363125e-02,1.371511347516767704e-02,1.394331807406554678e-02,1.953916149665184399e-02,6.475121387622031176e-03,3.604113740850884567e-02,2.331359165331596886e-02,-4.766107324445192223e-02,2.669655144825487658e-02,3.624837858765257020e-02,2.113642626268732658e-02,4.582081527601782750e-02,2.367662842203254250e-02,-1.413026904165916656e-02,-8.954913461184866447e-03,-4.520274695196924153e-02,1.304043536403621389e-02,-5.589499040236847217e-03,-1.262434237663488321e-02,2.556578088077764502e-02,1.615845207351351495e-02,1.967865852650708958e-02,-4.036500916443822896e-03,4.078413296272303049e-03,-1.439051668962287520e-02
1.082266098607810589e-02,-2.499931749958389602e-03,1.681250878287020301e-02,-1.802218455928605162e-02,2.988092988807538111e-02,4.557891988956665891e-02,-8.048674473719624745e-03,-1.383022174761139311e-01,-5.316165477895961472e-02,7.534380018737120432e-02,2.188348498185530844e-01,1.988905778685227110e-01,1.799444020410073952e-01,2.388131165112875043e-01,3.140523889852934181e-01,-2.175941090186631899e-01,1.010085907465444882e-01,1.000000000000000000e+00,1.518235131617976796e-01,4.262713217488139916e-01,6.340044208579317386e-01,5.563941443713676938e-01,-4.413093010026843399e-01,-1.311429890824830635e-01,-4.168651219064110069e-01,4.023737787780268249e-01,4.720961957506664697e-01,-1.629514827265041849e-02,1.161730051173027883e-01,9.694341431184173852e-02,8.073178330916827572e-02,1.270064118741369708e-01,7.287962727806418517e-02,7.925744036053873620e-02,4.351436735933138927e-02,4.420901394139047785e-02,4.639259543359247617e-02,3.721388908419292346e-02,6.733144894575976425e-02,8.801982273372133125e-02,4.951457219779688973e-02,7.369767687665118583e-02,1.391145568318924268e-02,2.614368637329843661e-02,4.091885205161924915e-02,2.302026025806886561e-03,3.765919483860771799e-02,5.444895077379643955e-02,2.005300834261655729e-02,6.791141630834536536e-02,5.537638880533506808e-02,5.997033521563535641e-02,5.075151764910951907e-02,2.544144756880075547e-02,-1.505836765156395689e-02,-4.297528083094107054e-02,-2.103495665797237499e-02,6.884339138475095710e-02,5.478506091436659634e-03,2.337140518434960637e-02,1.730943643336423088e-02,-1.098241727272203198e-02,-5.001409974757956651e-05,1.004741377093117290e-02,6.150932631258826042e-03,-2.338537652826448363e-02
-2.383806813534460750e-02,-2.665100955050572415e-02,-5.097844791976052087e-02,-4.753232259233054757e-02,-8.966817815544768366e-02,-6.193771555012939078e-02,-7.201639305950469083e-02,-4.456706695781506578e-02,2.853134607767626382e-02,-4.615231871362736327e-02,-1.822293664901243962e-02,-4.854520346378656676e-02,1.448638382258188861e-01,1.312817774861796960e-01,3.261565529316033385e-01,4.368259759099819665e-03,-4.022138863693082711e-01,1.518235131617976796e-01,1.000000000000000000e+00,7.443246818085821337e-01,1.389539021942962430e-02,-1.299486819293546591e-01,-9.564127062599168949e-02,-5.713867094541188463e-01,-5.307419676631246475e-01,2.179005189688854316e-01,-2.899626000408970783e-01,-4.730285299150473466e-01,-2.913799817635887024e-01,-2.549261900796661040e-01,-1.665755910580843935e-01,-8.081705046243095603e-02,-1.702094992844825905e-01,-2.181737584192194532e-02,-6.708313544523229754e-02,-2.953910971352555204e-02,-4.310531399341352432e-02,2.705495386208370875e-03,-2.321904215767036858e-02,-1.211342980589343379e-02,-4.151716958216093885e-03,-5.014557735121204229e-02,-6.890889394406338186e-02,-7.520049307255698146e-02,-8.361664471720003933e-02,-7.910941708316927834e-02,-9.294354430379701826e-02,-7.004073656709217111e-02,-3.626509628472226326e-02,-2.959042458486555935e-02,-6.994595348117144118e-02,-1.306497343761665528e-02,-4.538922479791539927e-02,-4.474463452498787103e-02,-3.165795445643197065e-02,-2.483177145472921857e-02,-7.187129836133061660e-03,2.293359859501702819e-02,-5.205781979906513174e-03,4.359092581181505006e-03,3.777430060902595057e-03,-9.661427536243532427e-03,-1.431872935341478234e-02,-1.620274716481115429e-02,1.223768236610081259e-02,-2.934562396893949932e-02
-9.817357352267070195e-03,-1.919314749485041827e-02,-2.451721817069891715e-02,-2.675921767252142577e-02,-3.637275002748460023e-02,-1.843316356991527016e-02,-2.215923740877205270e-02,-7.843874979724466123e-02,3.294796443960908150e-02,4.729426835060113188e-02,1.204665068679842133e-01,1.048989389629007424e-01,2.248273076087619893e-01,2.121672163856261895e-01,4.052747468040004963e-01,1.088933102646398934e-02,-1.758969571196558612e-01,4.262713217488139916e-01,7.443246818085821337e-01,1.000000000000000000e+00,1.250312124506859357e-01,2.404767576622419412e-01,-7.884398555868143976e-02,-3.869096987321972714e-01,-7.245201442102042755e-01,1.569060922771998712e-01,-2.235224795906725487e-02,-3.839528920417804025e-01,-1.826452406854437993e-01,-1.722572377818387401e-01,-7.926991131826867376e-02,-1.054711085029806129e-02,-1.161513142946394850e-01,3.125647034262329579e-03,-2.641830213047412137e-03,1.758080480223946735e-03,4.220099805230842667e-03,3.008883889067178255e-02,1.818685386030140586e-02,3.536937592604006558e-02,2.353688169689481871e-02,-1.339241794370608224e-02,-5.622923536342464695e-02,-5.708350346364361727e-02,-5.729017190570922374e-02,-6.334806877598155028e-02,-5.615084534436511066e-02,-4.553645926994471377e-02,-2.552875503294076837e-02,9.642385370830862390e-03,-4.039843988066850466e-02,2.191407327644365188e-02,-8.872204574170346539e-03,-1.671534994855571055e-02,-2.044217452058267465e-02,-1.851607593836031296e-02,-1.516483660351148309e-02,4.498338159040668471e-02,3.748008572217680513e-03,1.679456648117068698e-02,2.198556318726711464e-02,-5.393440547502787244e-03,-4.187350922542266811e-03,-1.159445754274034297e-02,1.102772722004605188e-02,-3.968212467713778946e-02
1.352270107528678704e-02,1.269076919090170695e-02,1.932807901044762341e-02,-3.432801950009341241e-02,5.586357821378266746e-03,3.585595501497531451e-02,-6.251927928192277384e-02,-1.293650058888989041e-01,-1.038138147750198859e-01,-2.089678147227378921e-02,1.366523947401451777e-01,6.255381188332539977e-02,7.136399359513430352e-02,1.583893345340994241e-01,1.289681465010565908e-01,-3.057526666858534914e-01,4.763010137599688054e-02,6.340044208579317386e-01,1.389539021942962430e-02,1.250312124506859357e-01,1.000000000000000000e+00,2.908793524784243911e-01,-7.524616702400137580e-01,-2.951856555585568587e-01,-6.385428836282909526e-02,6.842389636423964472e-01,4.368903338926983237e-01,1.252724389754530411e-02,1.118610335206101924e-01,9.437322833746618345e-02,4.070702307779661827e-02,1.015351253769338352e-01,6.788154353885836323e-02,9.981567611728785205e-02,1.526105276965665329e-02,2.823124602530106830e-02,3.904473911117439106e-02,3.558587551112857988e-02,5.384681913598169528e-02,8.002659501196492109e-02,5.150654418955310371e-02,9.206993250170354692e-02,2.544548982596806994e-02,4.718096919150643193e-02,6.726150010862316786e-02,2.732088798942629293e-02,4.612924874060683050e-02,7.568359028993147664e-02,2.419808309957192233e-02,7.133027034496185192e-02,5.954589390522316283e-02,3.695774396024857633e-02,3.982411604400364069e-02,2.981123467878925640e-02,-3.811339705566510559e-03,-3.559961593315463801e-02,9.709646784876187209e-03,7.628297129504460483e-02,6.204717136253970998e-04,5.154469177467263172e-03,-2.896275827891849931e-03,-9.873470673473820625e-03,9.763602789961845635e-03,-2.153895384886114154e-03,-4.150436049238662162e-03,-1.260520392314482506e-02
7.256945580233421962e-03,-1.182832920408972326e-03,3.805853340854302436e-02,4.730031647707502729e-02,1.136296618874729492e-01,9.006593420531686101e-02,9.408885120339249841e-02,-7.286885374376522728e-02,-9.443490067491417533e-03,1.777430396445363048e-01,2.710141313868957846e-01,2.955583440948392759e-01,1.464290587862721316e-01,1.681376517425255956e-01,2.008368021532518366e-01,-3.638223672942411668e-02,4.214101587550197481e-01,5.563941443713676938e-01,-1.299486819293546591e-01,2.404767576622419412e-01,2.908793524784243911e-01,1.000000000000000000e+00,-2.558088367350317902e-02,4.083148982013183881e-01,-4.336934360652462406e-01,-7.042280211761167696e-02,6.301657924324863824e-01,2.235661319653169665e-01,2.607684510795147959e-01,2.031278379363774256e-01,2.041277440848468794e-01,1.684886409464509960e-01,1.384657858406228292e-01,7.328605064309900996e-02,1.452525386776087613e-01,7.213109656882478460e-02,9.937462084945287988e-02,5.481298935532404742e-02,8.633342158195426996e-02,8.638885764873807660e-02,5.621561241375768597e-02,7.283975983341089977e-02,2.047550970601117598e-02,3.723023171096565692e-02,4.346770151576927893e-02,2.143004928581893412e-02,5.741589647022401349e-02,4.781722459668687197e-02,1.591163580022176768e-02,7.275212641245258627e-02,4.423271041327949543e-02,6.104737625775915472e-02,6.540934149718238833e-02,4.613423404851799831e-02,5.111594374064521232e-03,-1.234629557709145120e-02,-1.724894750983872738e-02,4.511562662329032108e-02,9.280335595318114916e-03,4.687903278494714304e-02,4.868301570803366257e-02,1.804479153225065080e-02,2.832727149786018472e-02,7.533230561731892906e-03,2.850696424866449533e-03,-2.964551331482265933e-02
-1.389100359780517067e-02,-1.354793763033078531e-02,1.087498247554029903e-03,6.846426827417852190e-02,4.569569364877088674e-02,1.341852863627170274e-02,1.231463007664981985e-01,1.288008301710998615e-01,1.208190966456172133e-01,1.103172270053986298e-01,-2.697045927842137147e-02,5.138113464398100932e-02,-2.489403549400095658e-02,-9.536663347517991551e-02,-7.546546807969799209e-02,3.235069950844711162e-01,1.478772749606828973e-01,-4.413093010026843399e-01,-9.564127062599168949e-02,-7.884398555868143976e-02,-7.524616702400137580e-01,-2.558088367350317902e-02,1.000000000000000000e+00,5.116011938863351816e-01,-1.133296922914546756e-01,-7.628967956974311848e-01,-2.412905062241401388e-01,9.269722298659004156e-02,-1.707440576172431293e-02,-1.323566845688365495e-02,4.455024477174324149e-02,-5.583688661425225547e-02,-1.621782461613843068e-02,-9.258476389046420285e-02,2.866248155466726011e-02,-2.828013833793040568e-04,-1.103290032831908546e-02,-3.093040802781022933e-02,-2.519225638004228551e-02,-6.546043309770725738e-02,-3.591289813335113434e-02,-7.784128643460962171e-02,-2.491803699088934038e-02,-4.724269136766062749e-02,-6.290846765798990825e-02,-2.642228655250418445e-02,-4.732558467122861823e-02,-7.174256443293050567e-02,-3.820144230731428031e-02,-5.333077793048881382e-02,-7.001883943772516106e-02,-2.563480072800447540e-02,-2.778109278918788200e-02,-2.178094398358840569e-02,7.722937022381737987e-03,2.735683156082364259e-02,-2.241402504033094406e-02,-7.113606957927877394e-02,-9.705600849578615782e-03,5.196804997135133324e-03,1.774311242721494583e-02,-1.250741282341356984e-03,-2.117180056875013570e-03,-1.275396637206145482e-02,-9.968873179687965953e-04,-1.100515175762489285e-02
