1.000000000000000000e+00,3.787639425423215966e-01,3.901770982803710042e-01,3.778391066844404844e-01,2.398559150235083648e-01,2.663672560636145548e-01,2.724753116832885347e-01,2.201478466168371451e-01,2.235029422178121672e-01,2.120338725153204651e-01,9.933077080032991224e-02,1.536141248684932126e-01,3.802777524438238216e-02,5.882173421386306666e-02,1.200045076923098725e-01,6.241612110119346135e-02,6.592977664672422522e-02,6.397193987666364989e-02,5.277092248253065915e-02,6.131197766984498865e-02,-2.671321904594255170e-02,5.215250075322321044e-02,-5.019811460573412199e-04,-2.879265682796516498e-02,2.624891916589751004e-02,9.220148911129903355e-03,-5.552784123112273346e-02,-3.554877746607660455e-02,2.588056146263979437e-02,-2.431952276325920204e-02,-5.078401917965319479e-02,-3.067553519661372907e-02,1.081056555453683947e-02,1.098999951670557966e-02,3.190861482953705197e-02,-2.205228177680677859e-02,-1.075988145239044173e-02,2.050176666636423922e-02,1.269493318344005160e-02,-7.321741688570965537e-03,5.880140523222653764e-02,4.292738075886525645e-02,-1.858162843625596819e-02,-4.179995042241935470e-04,-4.697154869053879467e-03,-3.180438860384449291e-03,5.239610154324362331e-04,5.747573415410528637e-03,-4.158762186161714391e-03,-5.619596826951406970e-02,-1.266278809650966432e-02,-5.465791897809699207e-02,-1.663109224378779560e-02,-5.310317479275924318e-02,-4.627261156217791355e-02,-2.685156263603994883e-02,-1.979239012205037673e-02,-2.568182516086094103e-02,-1.161786913170800850e-02,1.081349582120321416e-02,-4.564013905068128527e-03,-6.603822498259742657e-02,-1.382862471460557380e-02,9.643999572884339247e-03,-2.068437989605718605e-02,1.569796217245397404e-02
3.787639425423215966e-01,1.000000000000000000e+00,3.134930666566572710e-01,3.580603810844213974e-01,3.815763567185969096e-01,1.784191119746805498e-01,2.474035420818770370e-01,2.175127177377152721e-01,1.544293291485893393e-01,1.849902594795923838e-01,1.007111719034464725e-01,1.083571619750842846e-01,-1.251379615581041166e-03,5.437620807288959940e-02,7.607050860574823825e-02,2.968652612071017924e-02,3.971554352415346961e-02,3.403369154144993830e-02,2.219809553119792347e-02,2.963325828729825029e-02,-2.296592189547501384e-02,2.904158092437367916e-02,-4.935919939045982016e-03,-1.066949781945845249e-02,1.965118171742284009e-02,2.033012581819726786e-02,-2.943434668709931853e-02,-4.036798098745244048e-03,2.558789664476416453e-02,-5.959715130190187601e-03,-6.924487120818138483e-03,-2.246474346590451865e-02,2.674795906691595278e-03,2.474441311414095346e-02,1.474408105891833812e-02,-1.832813683534405963e-02,-1.868992575814256915e-02,1.547052627720823734e-02,8.834806205773924545e-03,6.270682544558323209e-04,4.698138109392116513e-02,4.866528192563623900e-02,-1.418124852645893247e-02,1.703151198911501130e-02,-3.467086843025137411e-03,-8.697028168912648502e-03,-1.639561221944983715e-02,2.550245600397785944e-02,-7.068508927154763810e-03,-2.243062032059440353e-02,-9.308528382587170219e-03,-4.165816473006939136e-02,-1.252235426520792276e-02,-5.369663942869433437e-02,-3.705877756618522478e-02,-2.741964432736820716e-03,-4.041474505865606109e-02,-3.037924998011251598e-02,-2.560452059282115889e-02,-1.954519274499271972e-02,-3.673260680936122485e-02,-6.795194170797035083e-02,-6.349252336348584942e-03,2.333535089614086760e-02,-2.779587162097994085e-02,1.115944694713057357e-02
3.901770982803710042e-01,3.134930666566572710e-01,1.000000000000000000e+00,3.358247988608497048e-01,4.245810998659503843e-01,4.570053907352376044e-01,2.819279781784306826e-01,3.502183885814266207e-01,3.272393116375602595e-01,1.862013730942313205e-01,9.540087957326272294e-02,1.550446325266049974e-01,-2.699204209347766045e-02,6.853054324753223014e-02,1.430961456821846500e-01,2.103472844252073093e-02,6.691565832135100422e-02,5.233924470963432357e-02,3.053910091811895544e-02,6.420700380777162597e-02,-3.077172680359733029e-02,6.154087577430397693e-02,-2.382084134532882341e-02,-3.903907170424405354e-02,1.353980440009468732e-02,1.623640991160025344e-03,-6.278547461945528652e-02,-4.432554476296819701e-02,2.396990212572304088e-02,-3.217590319990486225e-02,-8.398095133391762779e-02,-3.719988559251431043e-02,1.728836936314737116e-02,1.330479728006433299e-02,3.084004107735807340e-02,-2.696465071922165765e-02,-7.534133209816319850e-03,1.941075379891439578e-02,-2.911771184488263164e-04,-2.608038101119276170e-02,3.544709567097244218e-02,1.893930954991052476e-02,5.271340404686381638e-04,1.214279467252972478e-02,2.687006048612456430e-04,-1.164530423065862977e-02,-2.912523116136125564e-02,8.343362397827409904e-03,-3.280467745219502185e-02,-5.701442104923591658e-02,1.514285329104923979e-02,-3.574355000142560856e-02,-1.209012499724365815e-02,-4.304512594424201449e-02,-6.489064938267986860e-02,-1.631591139817606048e-02,-9.713261541658618076e-03,-3.664446582429189275e-02,-1.346725836216804834e-02,-1.569616940133426383e-02,-3.131694696704077907e-02,-6.377232408511013251e-02,-3.106175577046435890e-03,1.473897475246290639e-02,-9.662997145966824991e-03,2.166275063509891588e-02
3.778391066844404844e-01,3.580603810844213974e-01,3.358247988608497048e-01,1.000000000000000000e+00,3.730614185461582633e-01,3.904604698845612343e-01,4.984836037565782974e-01,2.952133480182477232e-01,3.489326296241064829e-01,4.179355483464289311e-01,1.426545033523334560e-01,2.837143555009266072e-01,7.671486230890914304e-02,8.118445765533197078e-02,2.269673778976199763e-01,1.084397734244024608e-01,7.366677325750714544e-02,1.144359286702149731e-01,4.357989224055631994e-02,6.249862867085937551e-02,-4.214573936140204174e-02,5.463987417583789780e-02,-1.945868144387241433e-03,-7.320185782001664698e-03,-1.538596776555893955e-02,2.793089540438693091e-02,7.806731808437949310e-03,4.108716430215969724e-03,1.443150956916718249e-02,-2.038331243851220637e-02,-1.765189790627613720e-02,6.365429420073503465e-03,3.888438195812561615e-03,8.243978774007305194e-03,2.302679752957393494e-02,-3.756011322287692439e-02,-8.980942102855613354e-03,3.903931772669780309e-02,6.019829687514458016e-02,-1.613185149260569148e-02,7.082981376016429798e-02,7.894588093998992917e-02,-9.720065887054313639e-03,3.140177984371879394e-02,-1.042289525896795271e-02,-9.573230031415923963e-03,-2.497444788001536992e-02,-1.004599471503047486e-02,-3.434116954206953287e-02,-7.880090811510358229e-02,-2.467552172879611608e-02,-6.306166468926266422e-02,-3.767206631216290375e-02,-9.171695117061415270e-02,-7.204458904181287870e-02,-3.176755922539332977e-02,-9.475943801328895466e-02,-5.990884592141613313e-02,-7.209836796838850481e-02,-2.232060911975387515e-02,-4.712605420314330829e-02,-9.902682289676950633e-02,-9.852598509432597407e-03,1.871922720323490261e-02,-3.472862434126955042e-03,1.458603721709750972e-02
2.398559150235083648e-01,3.815763567185969096e-01,4.245810998659503843e-01,3.730614185461582633e-01,1.000000000000000000e+00,3.270276634389315817e-01,3.038602369571946626e-01,4.252952333277998931e-01,2.134329755678668616e-01,1.808062172757669006e-01,1.151983077027934205e-01,5.245288150382508563e-02,-1.029444824863357116e-01,8.975631505232947727e-02,3.200372934254868545e-02,-1.023863703621322174e-02,1.687186242943270256e-02,1.851730681694222641e-02,4.020979628204901339e-03,1.987718927198366126e-02,-2.703028043189738619e-02,2.436414603554440048e-02,-1.397532841844818623e-02,6.296314993125168812e-03,4.448403010136094821e-02,1.838741323237867709e-02,-2.254911918574522764e-02,3.917931381053983003e-03,6.222553756263111621e-03,4.587663422421347538e-03,-3.515148513902744548e-02,-3.449185900161787222e-02,3.792008854082877588e-04,1.853178391520158771e-02,-1.411957103758204081e-02,-3.871912049552778817e-02,-3.693265147922626668e-02,3.385359852063146713e-02,2.138321739700638560e-02,-3.024518575681897463e-03,3.644281712143083996e-02,5.444938456788782355e-02,-1.635394934747253295e-02,2.040995338527316558e-02,2.624952593298245877e-03,3.857487953666711728e-03,-3.527594617292990897e-02,2.486442859523818258e-02,-1.698595190548600822e-02,-3.767141934594944036e-02,2.112408366126833793e-03,-3.423098124921719609e-02,-1.422911261137701361e-02,-7.566665152671156469e-02,-7.546018331983810057e-02,-6.366001959997114393e-03,-4.151117530105499082e-02,-6.845491440236826930e-02,-3.810072880808997031e-02,-4.920094012567879233e-02,-6.990167782150014109e-02,-8.179949430949691458e-02,1.510793713876440458e-02,2.148990133107809078e-02,2.042257848601088804e-02,1.884339718491390148e-02
2.663672560636145548e-01,1.784191119746805498e-01,4.570053907352376044e-01,3.904604698845612343e-01,3.270276634389315817e-01,1.000000000000000000e+00,3.219752741036793209e-01,4.562516645056609588e-01,5.371758445013683492e-01,2.210847165265746594e-01,6.152053969174039322e-02,2.221328634110286415e-01,-2.851383412956097832e-02,2.519795739773348503e-02,2.180342694633462253e-01,4.057657957594407866e-02,6.185910829734705269e-02,5.534690278359985505e-02,3.565132066886379097e-02,5.644087258554010555e-02,-2.384740796585888348e-02,6.764542207756168990e-02,-8.842850597989554765e-03,-3.099522883158856504e-02,2.014223634334665405e-03,3.808280639761392472e-02,-3.307860937791709532e-02,-2.731372468907335843e-02,5.199315035779819572e-02,-3.762279065538021855e-02,-7.900669144197276783e-02,-3.200106903981512346e-02,2.016153617439515530e-02,-1.680787078200909196e-02,3.318190702180505436e-02,-1.375153973280431041e-02,-2.029350356533103032e-03,1.173172390060538660e-02,-5.271069239723975668e-03,-2.987222714316776356e-02,3.278199910913025955e-02,2.301239683409045389e-02,9.921904597827522349e-04,1.381640837117732896e-02,4.153079344041774729e-03,-2.912764481605548128e-02,-3.824619498922553207e-02,2.824423595256315110e-03,-5.430298887527260088e-02,-6.054889176427791231e-02,1.703365788149793433e-02,-7.897456374926586919e-03,-1.752731598861427889e-03,-2.469558090385708810e-02,-8.164805074435413368e-02,-4.554495796150152820e-02,-4.730997427928593929e-02,-2.850842992916213445e-02,-1.291060183120409932e-02,9.081258063040286571e-03,-1.635205219011557840e-02,-5.739939516805935699e-02,-2.757819076652766929e-03,2.096861044817558556e-02,8.484727208718009089e-03,7.690242103768524934e-03
2.724753116832885347e-01,2.474035420818770370e-01,2.819279781784306826e-01,4.984836037565782974e-01,3.038602369571946626e-01,3.219752741036793209e-01,1.000000000000000000e+00,3.806038288106716183e-01,4.373423242682528689e-01,7.130704890739408830e-01,2.348724274829537828e-01,4.089143573219192751e-01,2.063798681846656657e-01,1.278963771719945075e-01,3.236374219855918666e-01,2.394123192362309360e-01,1.455221155039110870e-01,2.290283710276362072e-01,1.436214394813316308e-01,1.432253670693755532e-01,-9.903542184886832134e-02,5.815552698592898334e-02,-1.851054492232837717e-02,-1.125257271911398772e-02,-4.372464946611241687e-02,-1.168904028553408372e-02,-5.119478420998699883e-04,-2.122770957045276314e-03,-8.466685342886503748e-03,-5.044839398985351275e-02,-3.953028373837701170e-02,2.444326193699010094e-02,1.990423942900228661e-03,-5.551494995961443225e-03,4.442425850299371731e-02,-4.502914275849816128e-02,-1.996880777187076683e-02,4.661502650816416043e-02,9.464902430021014668e-02,-1.940048791824500185e-02,7.229397979332508051e-02,8.508273504238612894e-02,-1.074076528857255408e-02,3.311209488421806846e-02,-1.126881867309538357e-03,6.765407416371818292e-03,-3.803760412837690896e-02,-1.002423883668477483e-02,-3.245747927670398353e-02,-1.208918670864178452e-01,-3.700920226552707054e-02,-7.129838420451048431e-02,-4.004309233984643113e-02,-9.982375064165285861e-02,-1.192477113798494914e-01,-6.244765859151970439e-02,-1.062157119023515728e-01,-1.066298771426535258e-01,-7.054766878332235924e-02,-5.290104163350566741e-02,-8.386724256096801666e-02,-1.181199384689520099e-01,1.104057783420201756e-02,4.670462064903770777e-02,3.164359918921190451e-02,4.560851449616310643e-02
2.201478466168371451e-01,2.175127177377152721e-01,3.502183885814266207e-01,2.952133480182477232e-01,4.252952333277998931e-01,4.562516645056609588e-01,3.806038288106716183e-01,1.000000000000000000e+00,3.947128303522877135e-01,1.863379655642941612e-01,1.482919796850262484e-01,1.226719359072802121e-02,-1.563674737870882625e-01,1.295192245385802243e-01,1.754956688427515565e-02,-1.856906194704008306e-02,3.730202454426773118e-02,-1.412680686772785701e-02,5.172741077923497660e-02,8.074191709217636015e-02,-4.815053936646673804e-02,7.907614132830691200e-02,-1.787306042550287216e-02,-6.460781874100998690e-02,4.441043801053158602e-02,3.935282304219308441e-02,-4.789160900580068797e-02,-5.107697965392421491e-02,1.779864019233421898e-02,-4.804800989842857007e-04,-1.024337344734979616e-01,-3.363097034465380164e-02,7.436336348043877387e-02,5.890859217195340732e-03,3.251698941206852128e-02,-2.224171157403068838e-02,-7.128617449648340550e-03,2.640522408276182662e-02,3.823904198938875287e-02,-2.914216596333889936e-02,4.505238362713048783e-02,5.547907197802687262e-02,2.003532770422151998e-02,5.748299554954322543e-02,5.264496237740867723e-02,-8.963904132451001525e-03,-9.169085920273257334e-03,4.435877226476766383e-02,-1.602756652799735074e-02,-5.205534371875124300e-02,2.137757456783110840e-02,-6.357538571450385700e-02,1.505073619308505955e-03,-7.405027534332793426e-02,-1.168030055797200928e-01,-5.329980891758701739e-02,-7.598182259261436478e-02,-4.946080883734858130e-02,-2.780971692892507396e-02,-1.659385965712029424e-03,-5.156802601642020145e-02,-7.052711589218393917e-02,2.315182578378043379e-02,4.406951388713176848e-02,1.633173107883468048e-02,9.946408730354865460e-03
2.235029422178121672e-01,1.544293291485893393e-01,3.272393116375602595e-01,3.489326296241064829e-01,2.134329755678668616e-01,5.371758445013683492e-01,4.373423242682528689e-01,3.947128303522877135e-01,1.000000000000000000e+00,3.721300491568214075e-01,-5.137120125596542769e-02,3.518269426384340592e-01,1.229984074640832689e-02,-1.039125193037727102e-01,3.039472273376943035e-01,8.491333793648389583e-02,1.919810414756818739e-02,9.371593989133095159e-02,-2.339894998072754675e-04,2.786390758436636805e-02,-6.213109314904663449e-02,7.872930515626420933e-02,-5.612857005947898686e-02,-5.027797222316560816e-02,-1.228383972264455656e-02,5.728362067125557927e-02,-1.012348872554757334e-02,-6.934384786567199255e-02,5.471765632981764188e-02,-2.112367867343950545e-02,-5.253909828302451984e-02,6.518473260093553788e-03,4.238301827303651848e-02,-4.686751426004651111e-02,5.461256432370766023e-02,4.468327313017619873e-03,2.934557291934715775e-02,1.157494627253293287e-02,2.683075000160779072e-02,-7.679013406287489921e-03,3.048357321166959844e-02,2.530732927825762521e-02,7.637613320044945101e-03,5.222039029546246894e-03,-1.819241192474576121e-02,-6.720786584623754389e-02,-7.067536350458936134e-02,-4.075922878304502617e-02,-9.014380364849826355e-02,-8.714160942556896383e-02,1.812235080529555828e-02,-2.948977583138503306e-02,-3.610361480673349860e-02,-7.271426725113667999e-02,-1.051411451698090055e-01,-3.873525110255580245e-02,-5.019405179942573736e-02,-4.411118755613109566e-02,-2.330244650981619717e-02,1.606546978756118562e-04,-3.299482744868076356e-02,-6.833986079755963172e-02,1.739916710348577214e-02,2.746815857657981808e-02,7.067741059033282383e-03,3.008750766960851739e-02
2.120338725153204651e-01,1.849902594795923838e-01,1.862013730942313205e-01,4.179355483464289311e-01,1.808062172757669006e-01,2.210847165265746594e-01,7.130704890739408830e-01,1.863379655642941612e-01,3.721300491568214075e-01,1.000000000000000000e+00,2.347443942415047280e-01,5.182971953871525761e-01,3.221457703874368583e-01,1.257374110766720232e-01,4.076699176126786783e-01,3.177921380983698141e-01,1.714800177091237443e-01,2.874992119089680442e-01,1.523196761432377699e-01,1.495257014587231259e-01,-8.275026747276575945e-02,7.078894145474361188e-02,-8.913185138154658405e-03,-2.195721352394319759e-02,-6.349317409587518224e-02,4.516266063722651838e-03,1.680334255025834125e-02,-8.361687232395708172e-03,-1.419466224280495695e-02,-3.369324580360368721e-02,-1.013927768162524445e-02,5.566903714449358137e-02,1.087910757000872843e-02,-3.440032629840874320e-03,6.364577496244511190e-02,-3.333762700975861915e-02,-8.174374698883983548e-03,3.392269512104359452e-02,8.338233917545742613e-02,-2.860747815785868314e-02,6.125470081983707543e-02,7.326846734348996248e-02,-1.109967941843666497e-02,2.476511101646426682e-02,-2.718507459629943696e-02,-9.468788360705658602e-03,-4.355969002365866344e-02,-3.850573409431784500e-02,-4.518176460746275297e-02,-1.167685015530221665e-01,-2.445281321110404429e-02,-5.284063314627510111e-02,-4.931137955691047153e-02,-9.662904923975784710e-02,-1.185592820788244350e-01,-5.277681608270509001e-02,-8.954360280257463167e-02,-9.988046873715021590e-02,-5.212341331689109014e-02,-5.145444709145854251e-02,-8.235762365693452547e-02,-1.159230530353728139e-01,-4.388296608052057353e-03,2.823973186329432894e-02,2.541560457908572865e-02,5.157430391322341545e-02
9.933077080032991224e-02,1.007111719034464725e-01,9.540087957326272294e-02,1.426545033523334560e-01,1.151983077027934205e-01,6.152053969174039322e-02,2.348724274829537828e-01,1.482919796850262484e-01,-5.137120125596542769e-02,2.347443942415047280e-01,1.000000000000000000e+00,4.064455551408676648e-01,3.951180590096485812e-01,6.849044532846607636e-01,3.895422798837406275e-01,3.486345904778654914e-01,3.223556407692849679e-01,2.178744982577837108e-01,2.609908736021062658e-01,2.595327513652219698e-01,4.644147260721721154e-02,1.237664055762670717e-01,9.508166544219061322e-02,-6.286643820227845458e-02,-1.349248347168414269e-02,4.326531665474799004e-02,-5.802717521671860168e-02,1.624557301419915500e-02,2.795854222694592328e-03,-2.910513214197630455e-02,-7.844482936171175147e-02,4.000787562444337725e-02,4.664261842333120023e-02,8.458527455285459740e-02,1.355626162943589508e-01,-5.458160968663239299e-02,-1.479314262171545213e-02,5.263260405839707834e-02,2.025802865853102222e-02,-9.562363981843542693e-02,4.163847787326763888e-02,1.265006121440537083e-02,-5.101137263203834454e-02,-7.309364495608432384e-03,-2.329671345130792520e-02,-9.873274820887029818e-03,-4.311900984149933530e-02,-1.791707638451870213e-02,-1.532991273247776530e-02,-7.305305302106292198e-02,-3.970162795738271799e-02,-6.339781956442198940e-02,-7.645093033621516536e-03,-3.195777433165122167e-02,-1.045153570154285921e-01,-5.150998201418384437e-02,-4.541565270683568106e-02,-2.185602656284701267e-02,3.318971199910111564e-04,-4.502493402658225979e-03,-7.841687212120707073e-02,-9.953349972912796384e-02,-1.458928503712536573e-02,4.368934920923114862e-02,6.178809569404227625e-02,3.487536789790554592e-02
1.536141248684932126e-01,1.083571619750842846e-01,1.550446325266049974e-01,2.837143555009266072e-01,5.245288150382508563e-02,2.221328634110286415e-01,4.089143573219192751e-01,1.226719359072802121e-02,3.518269426384340592e-01,5.182971953871525761e-01,4.064455551408676648e-01,1.000000000000000000e+00,3.910592873753657162e-01,2.825123364813932891e-01,6.987539441811582153e-01,3.974201706431543246e-01,2.487031612683582305e-01,3.418572797810940922e-01,1.938315639480148733e-01,1.941843764262857763e-01,-1.829137641506781153e-02,1.174161200348376732e-01,2.564861419489384078e-02,-4.632600737110008360e-02,-8.839409174916362799e-02,3.914728247173355352e-02,7.963602972942287681e-03,-9.553984077245319256e-03,3.685134293458480065e-02,-3.991435072361512043e-02,-2.049442729423742171e-02,9.321929517221237693e-02,3.475861376960606014e-02,7.694936866768489758e-03,1.341155337329261732e-01,-2.031695201881009508e-02,3.041540093383198265e-02,3.215948740520476606e-02,4.359009415612506710e-02,-5.691077642326719532e-02,4.223621051809999666e-02,1.318423395506543305e-02,-2.487865751072814227e-02,-2.729417118930000177e-02,-7.282985894643140279e-02,-7.849876843619123246e-02,-9.899236378897167954e-02,-8.423153122699730821e-02,-1.080572012885662736e-01,-1.273937251115691283e-01,-2.061273455671932230e-03,-3.613018270993724468e-02,-5.628887247563851143e-02,-5.171336262370270637e-02,-1.251124176059697779e-01,-9.911250521567034275e-03,-2.147496319956513147e-02,-5.119302255257837664e-02,-1.545919623196808333e-02,-2.650699511421657217e-02,-6.463141535739565235e-02,-1.070101751612987373e-01,-1.754231170974950710e-02,1.070711352424848564e-02,1.623911743898079352e-02,6.770958060820890523e-02
3.802777524438238216e-02,-1.251379615581041166e-03,-2.699204209347766045e-02,7.671486230890914304e-02,-1.029444824863357116e-01,-2.851383412956097832e-02,2.063798681846656657e-01,-1.563674737870882625e-01,1.229984074640832689e-02,3.221457703874368583e-01,3.951180590096485812e-01,3.910592873753657162e-01,1.000000000000000000e+00,3.334199136299748067e-01,3.515148992438237863e-01,5.443238315464816734e-01,2.122351886792683551e-01,3.168598039261948385e-01,2.119178854851486160e-01,1.658252128606766407e-01,-8.457378737762087650e-02,3.851792576808540924e-02,-2.167911508904699427e-02,-1.047320729950174285e-02,-7.187184288677053723e-02,-3.705299463643925428e-02,-2.259618695997616875e-02,-2.660885469830960928e-02,-6.234771428169003787e-02,-1.039659253765203989e-01,-8.668825421328910097e-02,6.193715501918951871e-02,-4.316894520271887664e-02,-6.404604417758508715e-03,1.052250894757699173e-01,-7.543077995613291231e-02,-6.839147535084087737e-02,4.102885445730727193e-02,3.456122563259227815e-02,-8.465008162754474041e-02,2.170651530346701455e-02,-3.035760660856058439e-03,-3.430910241587586257e-02,-2.269767574866041887e-02,-9.607008057477189888e-02,-1.652292362045030411e-02,-6.386765798681888484e-02,-9.468419379408050951e-02,-3.413949249653646517e-02,-9.747309241838558735e-02,-1.182909377884013534e-02,-3.640331650094420779e-02,-1.972179307421593683e-02,-2.067690858489108080e-02,-1.016423776270987123e-01,-7.838808744145778218e-02,-9.686596545458386887e-02,-6.754216450803669780e-02,-3.822084901230969611e-02,6.726737061912950455e-04,-3.591356277412786208e-02,-8.660389295716927616e-02,1.169917079322972502e-02,8.351583157620957876e-02,8.959573203028167732e-02,7.269492471714221471e-02
5.882173421386306666e-02,5.437620807288959940e-02,6.853054324753223014e-02,8.118445765533197078e-02,8.975631505232947727e-02,2.519795739773348503e-02,1.278963771719945075e-01,1.295192245385802243e-01,-1.039125193037727102e-01,1.257374110766720232e-01,6.849044532846607636e-01,2.825123364813932891e-01,3.334199136299748067e-01,1.000000000000000000e+00,3.043525908831918314e-01,3.042944796937792074e-01,2.999646527301697008e-01,1.788666960630516944e-01,2.465032149175297171e-01,2.436636388570487533e-01,4.367064753775999619e-02,9.375972127762698116e-02,8.344796383281700980e-02,-4.834326444260621247e-02,-2.466552319345597516e-02,2.038293507795018583e-02,-3.756718052058365120e-02,1.422240403026980675e-02,-8.165687173853734826e-03,-3.147225134886184189e-02,-9.053723465390893510e-02,3.446886694232759868e-02,4.045388132212057036e-02,6.655945988251003864e-02,1.152928199776947354e-01,-4.975365691711027688e-02,-4.328906119033184424e-02,2.439707127485453084e-02,7.152001395996283352e-03,-1.122878384321779055e-01,2.108559584513135243e-02,-5.848242942212611775e-03,-1.784924506169738648e-02,1.729546656467190278e-03,-1.733092550534333018e-02,-2.178401372662036595e-03,-4.175218023769374648e-02,-7.845743624189690027e-03,-1.214691558692275637e-02,-5.785059022698329362e-02,-2.797370473714389308e-02,-3.742677311140269608e-02,1.166164296380148985e-02,-6.749047445896986424e-04,-9.280896578057752644e-02,-4.519858819004198003e-02,-2.488504542214256543e-02,-2.495580685348694483e-02,1.518426946627594518e-02,8.527193141067462151e-03,-6.297832612767083338e-02,-1.095626635013923766e-01,-2.713589635722451349e-02,4.404981112521945408e-02,6.383111484242175171e-02,4.005979205640514129e-02
1.200045076923098725e-01,7.607050860574823825e-02,1.430961456821846500e-01,2.269673778976199763e-01,3.200372934254868545e-02,2.180342694633462253e-01,3.236374219855918666e-01,1.754956688427515565e-02,3.039472273376943035e-01,4.076699176126786783e-01,3.895422798837406275e-01,6.987539441811582153e-01,3.515148992438237863e-01,3.043525908831918314e-01,1.000000000000000000e+00,3.489598325492639930e-01,2.883756424475912850e-01,3.165723608568811187e-01,2.021578183232112247e-01,2.132896118975825261e-01,-3.903671541765144082e-03,9.985021330395371653e-02,7.251371266818000538e-02,-4.903202508630741425e-03,-7.199510133933455236e-02,1.901815282221277006e-02,-8.214913905960168766e-03,5.020152221966291128e-02,8.237637111917861521e-02,-4.253612736039315972e-02,-4.340064728780758212e-03,8.859645742420432790e-02,2.091425665078200727e-02,-1.448590500756537398e-02,1.251709077971731587e-01,-2.607837856822080649e-02,1.739405728027955053e-02,4.198074567929045708e-02,4.923812529580458286e-02,-6.216326699901132680e-02,5.458021754965527994e-02,3.619608073829483179e-03,-4.743985305617879483e-02,-3.873945244263420767e-02,-6.772251065940765313e-02,-7.499763118457561384e-02,-1.059631111347236476e-01,-7.995046900700311654e-02,-1.264602112701284087e-01,-1.375892597007856433e-01,-5.745265753660027883e-03,-2.606940575920386333e-02,-6.184630475985356673e-02,-2.953290756231152434e-02,-1.286736011534586055e-01,-1.630974223780187055e-02,-1.277417775005046906e-02,-4.293528071472387658e-02,6.691693688151740746e-03,-8.829561954864523915e-03,-4.837361942186744340e-02,-9.837707655389112127e-02,-4.249818430327143709e-02,-5.930220209982800181e-03,-2.261392756373128716e-03,5.314795028613288064e-02
6.241612110119346135e-02,2.968652612071017924e-02,2.103472844252073093e-02,1.084397734244024608e-01,-1.023863703621322174e-02,4.057657957594407866e-02,2.394123192362309360e-01,-1.856906194704008306e-02,8.491333793648389583e-02,3.177921380983698141e-01,3.486345904778654914e-01,3.974201706431543246e-01,5.443238315464816734e-01,3.042944796937792074e-01,3.489598325492639930e-01,1.000000000000000000e+00,2.298831813957080972e-01,4.871165810352890424e-01,2.850263015660987054e-01,1.963845403267745204e-01,-1.662759072810036654e-01,2.256490295744129765e-02,-4.352629333172702147e-02,2.366186527421540453e-02,-1.023225165259654679e-01,-4.867025212776130566e-02,1.022313162113573171e-03,8.909133714398853945e-03,-3.622889606786446060e-02,-9.630476568535274728e-02,-8.048862625518335423e-02,4.319120603322554319e-02,-2.442053406046169883e-02,-4.515740324461418181e-02,9.306535200084115056e-02,-5.841491227563892080e-02,-8.376847421687989848e-02,3.334183160994854539e-02,2.658877456464045150e-02,-7.980028609983896848e-02,6.376408164554812560e-03,7.556390333621701080e-03,1.146781606083047134e-02,1.548714088666314562e-02,-8.428917844560905592e-02,-4.756040257325527126e-02,-4.709617769993299646e-02,-7.850816450831929472e-02,-5.002413750209925430e-02,-1.081307832164745408e-01,-4.153593098483381041e-02,-3.725120817271598828e-02,-2.851033141185196559e-02,-3.429535068221394034e-02,-9.765437414622703260e-02,-5.425529838199489446e-02,-8.232266150397746229e-02,-7.344623037527490961e-02,-2.911492352614187748e-02,-3.314687556192426506e-03,-4.479032625968520920e-02,-9.806098088743264718e-02,2.847022121667565353e-02,8.427397734709377031e-02,7.386922397061955470e-02,9.079765429033363755e-02
6.592977664672422522e-02,3.971554352415346961e-02,6.691565832135100422e-02,7.366677325750714544e-02,1.687186242943270256e-02,6.185910829734705269e-02,1.455221155039110870e-01,3.730202454426773118e-02,1.919810414756818739e-02,1.714800177091237443e-01,3.223556407692849679e-01,2.487031612683582305e-01,2.122351886792683551e-01,2.999646527301697008e-01,2.883756424475912850e-01,2.298831813957080972e-01,1.000000000000000000e+00,2.968468145662263025e-01,5.037207565847433566e-01,5.117055819519578108e-01,5.799241926542890446e-02,2.093806138285541352e-01,2.044703352572127819e-01,-3.719226400320818637e-02,-1.143129532182182891e-02,-4.392899318612648006e-03,-1.436790656887654283e-01,8.826509024823808724e-02,-7.015753251770691541e-03,-6.235038656898900938e-02,-1.106195809297317867e-01,-1.166010807555139944e-01,1.629155526209243726e-02,1.927147572368372308e-01,1.139831196589534690e-01,-1.245974714047414361e-01,-4.824878591636930919e-02,1.051889652522481483e-01,8.789845237366000763e-02,-2.662860318682864352e-02,1.522737697880263974e-01,2.299258355169650839e-02,-1.363072480317066570e-01,-3.300985944782693776e-02,-3.673470722234310412e-03,8.978957335054956954e-03,2.411415690967403172e-03,4.352560576352795113e-02,1.615230721516277418e-02,-8.326349064281837742e-02,-2.982104691133910870e-02,-6.198866722703606780e-02,-4.506722061171251209e-02,-1.492824915253951161e-02,-3.266791974929474096e-02,-3.081779767984356780e-02,-1.078397774828641388e-02,-2.453646509909190865e-02,2.458529093878526056e-02,-3.179971889513728833e-02,-8.821156598067418642e-02,-6.419848486153004186e-02,-5.817973518473230216e-03,-3.753892986495902667e-02,2.777582864808044241e-02,-6.509982284509569644e-03
6.397193987666364989e-02,3.403369154144993830e-02,5.233924470963432357e-02,1.144359286702149731e-01,1.851730681694222641e-02,5.534690278359985505e-02,2.290283710276362072e-01,-1.412680686772785701e-02,9.371593989133095159e-02,2.874992119089680442e-01,2.178744982577837108e-01,3.418572797810940922e-01,3.168598039261948385e-01,1.788666960630516944e-01,3.165723608568811187e-01,4.871165810352890424e-01,2.968468145662263025e-01,1.000000000000000000e+00,3.569646461613075750e-01,3.084918571821369526e-01,-2.636021232358138344e-01,6.920473363004166212e-02,-1.146459088727570658e-01,1.319514837765862515e-02,-1.616382399317908836e-01,-9.884499872854336788e-02,-1.835880244197008598e-02,-2.371504030410914385e-02,-1.128062321192046663e-01,-9.441058469137993125e-02,-1.132038352236445916e-01,-2.153808199480287608e-02,-2.839996951615112938e-02,-5.814818149039140127e-02,1.080838550452851848e-01,-8.323028936279840140e-02,-4.333974001348073896e-02,9.222648295797696016e-02,4.672998679960306545e-02,-6.026616339046584475e-02,7.077225544586682182e-02,5.027991104108732456e-02,-1.915764329514400496e-02,-3.325651949292112797e-04,-4.702120326319050858e-02,1.117111053861635263e-02,-2.159676744952625238e-02,-2.929552952023089726e-02,-1.704021516782394229e-03,-1.094643115630433983e-01,-2.588667861269224393e-02,-2.350996270898814133e-02,-5.073571671340007527e-02,-5.316742358668841845e-02,-7.489902095568326534e-02,-3.334328632349824878e-02,-5.488845651345183874e-02,-8.567193538614162329e-02,-2.287490688314395421e-02,-2.774603746104215007e-02,-6.157640348119726437e-02,-8.825859946668797307e-02,9.704981928379914288e-03,4.821264673780913806e-02,5.459601993374232909e-02,1.198876825278644698e-01
5.277092248253065915e-02,2.219809553119792347e-02,3.053910091811895544e-02,4.357989224055631994e-02,4.020979628204901339e-03,3.565132066886379097e-02,1.436214394813316308e-01,5.172741077923497660e-02,-2.339894998072754675e-04,1.523196761432377699e-01,2.609908736021062658e-01,1.938315639480148733e-01,2.119178854851486160e-01,2.465032149175297171e-01,2.021578183232112247e-01,2.850263015660987054e-01,5.037207565847433566e-01,3.569646461613075750e-01,1.000000000000000000e+00,6.844595677754814478e-01,-9.100287710063256763e-02,1.491645630277640966e-01,2.012875619024151741e-01,4.954403396629210310e-02,-4.491216100655242432e-02,-1.431246133532737552e-01,-1.872668615547448956e-01,9.066483205468388318e-02,-5.953548134635487654e-02,-1.673607716426988856e-01,-1.431655506335593742e-01,-1.268135458694911732e-01,-8.259699232277914471e-02,1.057700355230224015e-01,9.154746086226021873e-02,-1.464190517096948807e-01,-9.460349396916944986e-02,9.619420828973304638e-02,9.295355849777678370e-02,-3.568037809836410723e-02,9.436651486409111667e-02,3.161893801348595462e-02,-6.593448459591672028e-02,1.323305524713083887e-02,1.827826943591574077e-02,-3.628720901463505398e-04,-8.632368910566651232e-03,4.400457378943168490e-02,1.145631026865378405e-02,-9.453764663107977473e-02,-6.032428364217423677e-02,-6.900970270748744972e-02,-4.295033850303626305e-02,-8.141292276230505109e-03,-4.602143655583931792e-02,-4.072393599619557325e-02,-4.321971085193030554e-02,-9.076523021759423659e-02,1.177549793639853966e-02,-5.800673744839920931e-02,-7.948075217922026536e-02,-8.752750239903059337e-02,-1.157389163679400403e-02,-3.433967015620188745e-02,5.672126906955016895e-02,1.338440904754843730e-02
6.131197766984498865e-02,2.963325828729825029e-02,6.420700380777162597e-02,6.249862867085937551e-02,1.987718927198366126e-02,5.644087258554010555e-02,1.432253670693755532e-01,8.074191709217636015e-02,2.786390758436636805e-02,1.495257014587231259e-01,2.595327513652219698e-01,1.941843764262857763e-01,1.658252128606766407e-01,2.436636388570487533e-01,2.132896118975825261e-01,1.963845403267745204e-01,5.117055819519578108e-01,3.084918571821369526e-01,6.844595677754814478e-01,1.000000000000000000e+00,-1.501790826576255601e-03,3.354129166741514068e-01,2.791562725548355495e-01,-6.887737312051704641e-02,-4.821668367219799148e-03,-4.110306751762777405e-02,-2.388500960102780957e-01,4.432724710605426277e-02,-1.784253794226596176e-02,-1.105522311635730170e-01,-1.514879738463042191e-01,-1.299188230202266703e-01,-1.906049431877495162e-02,1.666419047550829757e-01,1.120907358028825490e-01,-1.630274077761229845e-01,-4.721174122235648890e-02,1.417100378346620171e-01,1.167603823370794019e-01,-3.225905213073179678e-02,1.374753148496040966e-01,1.824721019470861363e-02,-9.671983800132706588e-02,-1.180421182221949583e-02,2.489217623605383123e-02,-7.863768070876360483e-03,4.011119348556597269e-03,6.322864491947323418e-02,1.440706513683576856e-02,-7.296133496805756735e-02,-1.338945283400122359e-02,-5.259859133364640227e-02,-3.536768467019511114e-02,-6.830130130752815271e-04,-4.735004773293042396e-02,-3.944225559928046104e-02,-5.797358159897046843e-04,-7.446207401870742759e-02,1.161825717467617966e-02,-6.082438286762703594e-02,-1.031393504154104468e-01,-8.305997186038015234e-02,-2.742875981128464064e-02,-7.368980001337195607e-02,2.445707102338517958e-02,-6.014161622708155512e-03
-2.671321904594255170e-02,-2.296592189547501384e-02,-3.077172680359733029e-02,-4.214573936140204174e-02,-2.703028043189738619e-02,-2.384740796585888348e-02,-9.903542184886832134e-02,-4.815053936646673804e-02,-6.213109314904663449e-02,-8.275026747276575945e-02,4.644147260721721154e-02,-1.829137641506781153e-02,-8.457378737762087650e-02,4.367064753775999619e-02,-3.903671541765144082e-03,-1.662759072810036654e-01,5.799241926542890446e-02,-2.636021232358138344e-01,-9.100287710063256763e-02,-1.501790826576255601e-03,1.000000000000000000e+00,3.443724929865539797e-01,4.692198672061824172e-01,-2.745675405871927932e-01,2.219861786108451585e-01,3.628956523203961115e-01,-5.337822238373580302e-02,4.973333819703829040e-02,1.801116424574643327e-01,2.605473822502124004e-01,1.989580936923911747e-01,7.789548286899090901e-02,1.924855854161594826e-01,2.604157310467465347e-01,-2.454963250538762590e-02,5.141434009833944357e-02,6.917356569096291818e-02,-2.100827121220575147e-02,1.712169733672007019e-02,9.762293602991466146e-02,1.556525664752089755e-02,7.021160308325604879e-04,-4.072683128507335534e-03,5.108408500924098254e-03,8.291643962736240658e-02,-1.438321914117732941e-02,2.772762516867880236e-02,1.153673308308078016e-01,2.441043244455750813e-02,8.780339524828643938e-02,3.376046714765310736e-02,1.680775873230495876e-02,2.347542666206279063e-02,4.930518398158733467e-03,7.326394380196575573e-02,6.166120796588249464e-02,9.124155627390879986e-02,8.361924663428767224e-02,6.062280723881179056e-02,1.559743733127632974e-02,-2.406562228841124980e-03,5.668351492759265975e-02,-8.698259036790945142e-02,-1.326978879650946852e-01,-1.334622536434613704e-01,-1.250775747686758421e-01
5.215250075322321044e-02,2.904158092437367916e-02,6.154087577430397693e-02,5.463987417583789780e-02,2.436414603554440048e-02,6.764542207756168990e-02,5.815552698592898334e-02,7.907614132830691200e-02,7.872930515626420933e-02,7.078894145474361188e-02,1.237664055762670717e-01,1.174161200348376732e-01,3.851792576808540924e-02,9.375972127762698116e-02,9.985021330395371653e-02,2.256490295744129765e-02,2.093806138285541352e-01,6.920473363004166212e-02,1.491645630277640966e-01,3.354129166741514068e-01,3.443724929865539797e-01,1.000000000000000000e+00,7.045896572616727749e-02,-5.624030632488057346e-01,2.819553117727580660e-01,5.181150277999607701e-01,-2.813152630011903077e-01,-3.290142506139344669e-01,1.916610095179778761e-01,2.446730873011204732e-01,-6.046504855828706802e-03,1.513692452037769542e-04,2.482667387866873132e-01,1.726965169684039902e-01,1.432894520188137677e-01,3.800201441540815295e-02,1.754149832587474644e-01,8.806613090136555799e-02,8.502437203070058180e-02,8.481534447944681643e-02,1.049958128755678483e-01,7.301072606138446497e-02,-6.587083983384964259e-03,2.010041352834265882e-03,4.126655881922890873e-02,-5.346474570562841783e-02,3.063490192566115447e-02,7.616021387769325579e-02,-4.735518195830104929e-03,3.639137392523317943e-02,6.890381010502133474e-02,-5.838511982483481945e-03,-1.677946559804306334e-02,-3.496001151967433052e-02,-5.238937835536238569e-02,-3.315989065485055315e-02,3.215829901117919082e-02,1.722572756117217788e-02,3.006509336440117697e-02,1.521919480170652421e-02,-4.739582677859218579e-02,-3.381877205450987967e-02,-6.028668141217660703e-02,-4.251108860586632482e-02,-6.307845673523797270e-02,-3.332491900508685774e-03
-5.019811460573412199e-04,-4.935919939045982016e-03,-2.382084134532882341e-02,-1.945868144387241433e-03,-1.397532841844818623e-02,-8.842850597989554765e-03,-1.851054492232837717e-02,-1.787306042550287216e-02,-5.612857005947898686e-02,-8.913185138154658405e-03,9.508166544219061322e-02,2.564861419489384078e-02,-2.167911508904699427e-02,8.344796383281700980e-02,7.251371266818000538e-02,-4.352629333172702147e-02,2.044703352572127819e-01,-1.146459088727570658e-01,2.012875619024151741e-01,2.791562725548355495e-01,4.692198672061824172e-01,7.045896572616727749e-02,1.000000000000000000e+00,1.859378916129509618e-01,2.047790703042469962e-01,2.133834681337434813e-02,-1.217890949075782075e-01,4.941645899495274996e-01,2.088761104584144490e-01,3.461495525827855413e-02,1.627014104673727146e-01,-6.513258534272621525e-02,1.145408739236873294e-02,2.632436184520674516e-01,-4.888868020942805509e-02,-9.709051206327568018e-02,-3.646141095103848373e-02,6.942399066086837878e-02,9.726704321340050308e-02,7.473378271470695888e-02,6.480278911312251089e-02,-9.648361351850631359e-03,-8.007030799663966691e-02,-6.595743394366184722e-04,7.624317249139386798e-02,-7.810826319384284525e-03,1.646107114753632417e-02,1.040963296534384575e-01,2.773772447120214854e-02,4.228563119970484355e-03,-3.531216237363065530e-02,-4.767428875711991060e-02,-5.900320996997764772e-02,-3.766562276573737905e-02,1.180678105673060689e-02,7.010670182065729950e-02,6.117858578016167198e-02,2.881687645105890025e-02,8.004996943749391469e-02,-4.060683628978632893e-03,-4.492059333432222440e-02,4.018265096796713037e-02,-2.539059070557084588e-02,-1.754060272098147411e-01,-9.336884323519986650e-02,-1.418266317484939976e-01
