1.000000000000000000e+00,4.536315786202496647e-01,5.427313064561903877e-01,3.049331830099057949e-01,3.002299531928503962e-01,1.827996884035785752e-01,1.503653693439597760e-01,-5.183608907272146959e-02,6.605477412021718009e-02,-1.624016032750806859e-01,-1.490875333290880012e-01,-3.337663401718050926e-02,-1.244958403350235332e-01,-1.001660928527780131e-01,-1.496405313614812549e-01,-8.591927656853955153e-02,-1.154170700337201899e-01,-1.164751791883030241e-01,-5.797375948795319839e-02,-3.631127483654070232e-02,-7.054041464909417691e-02,-7.799494953085146787e-02,-2.654538152853264110e-02,-3.197955835257250239e-03,4.687224547445520482e-04,2.684999175567244489e-02,1.379114076989305070e-02,5.576285444114473548e-04,4.173830050538372000e-03,1.198946804691657791e-02,1.357485276590109438e-02,1.152226306421515883e-02,6.546411882476610433e-02,-7.610437697426145065e-02,-4.856509263733661819e-02,-1.618495369701599892e-02,2.586199307526837465e-02,-1.711305544113533861e-02,6.367479975265961933e-02,1.534053037710024665e-02,-2.909892615531842891e-02,-3.735791682159125132e-02,-2.464720731597452516e-02,-1.919325682904794023e-02,-7.830786088079173465e-03,-3.158850028209624072e-02,-3.175492333563127018e-02,-3.149430784132156713e-02,-3.681582903881761709e-02,-7.982647811229105772e-02,-3.612560564207687591e-02,-3.625514507032884942e-02,-5.521095780027120842e-02,-3.557982696866644062e-02,2.309096769357441362e-02,-2.881072049372203694e-02,4.363996185901449637e-02,-1.683209725484665145e-02,-1.629832834477336692e-02,7.348842785639084219e-02,3.503607885669605959e-02,-5.187752292724044645e-02,2.382293258010658582e-02,7.879559926348038423e-02,1.054893043965900471e-03,-3.650744380049968790e-02,1.574908516851713722e-02,3.255339316245203785e-02,3.452681788084267095e-02,3.493334799001653057e-02,-3.250974566076812820e-03,-6.102539873519273982e-03,-2.928744721780966037e-02,-5.261919218832223494e-02,1.954110912676593551e-02,-4.209283464820889192e-02,-3.909063064344821953e-02,2.150346730993552002e-02,-2.006117920778735866e-02,1.465607194334619598e-02,2.288823574199309527e-02,-7.689152099000159078e-03,-1.229278842755794458e-02,-5.093889240111115768e-02,-4.359891651753337177e-02,-6.465419331815099035e-02,-1.972295937302739541e-02,-4.386791829977861740e-02,-9.476186963380619360e-03,-8.010687574950374479e-03,-1.668390875965116912e-02,-3.786615183777703592e-02,-2.228092593356000017e-02,6.652917018094148087e-03,-2.743877785863432783e-02,1.834121562891590299e-02,9.748334335022786415e-03,1.259753601626922154e-02,2.075995449054237468e-02,1.517269732721491897e-02,1.312800121354119887e-02,1.608854378592093279e-02,4.126079307842161863e-03,3.273194328734278097e-02,1.973231389462396998e-02,4.007504771988747855e-02,4.214891776397931833e-02,4.441599860705287145e-02,5.312197281347862815e-02,4.565345749860067609e-02,1.332850567897355190e-02,6.792608035474828609e-02,2.579204444762903461e-02,1.658511420440267337e-02,1.851285041098777243e-02,-1.239957756917320179e-02,1.812512050104314945e-02,9.938642003319479376e-03,-9.060963202363192179e-03,2.657329933785072471e-02,8.163205514704542642e-03,-1.195524036188941146e-02,4.866638778358405026e-02,3.565802709199517723e-02,-3.391886418826344646e-02,-1.780467485201028127e-02,1.485043211505414351e-02,-5.988262793982292512e-03,3.680890985518275871e-02,2.418416264126918569e-02,5.157276018233848680e-02,2.845620284943092132e-02,1.496421765159048310e-02,4.725405023084479350e-02,4.155187141567238257e-02,1.351711941821691874e-02,3.686886222960920195e-02,3.044883299552280514e-02,-1.736018205458720546e-03
4.536315786202496647e-01,1.000000000000000000e+00,5.609691064285724504e-01,5.181165983504022465e-01,3.638753344475063045e-01,1.565614614658275006e-01,8.562049396005320945e-02,-1.680961966413119513e-01,5.111723251140387440e-03,-8.821850139765784193e-02,-4.737801518156072034e-02,3.662627842751138563e-02,-1.030576925696704595e-02,-2.607734316213921114e-02,-1.031643048707758248e-01,4.317979642206665192e-02,-5.918642438397660882e-02,-4.944406192741859080e-02,1.228221351762358131e-02,7.042908882656678284e-03,-8.405662525945863106e-02,-6.199475614560816250e-02,-1.605335659321315347e-02,-4.259557092302942993e-02,-4.450470298380480166e-02,-4.749877993960737073e-03,-4.919787983946270760e-02,-2.442210234842662891e-02,-3.720665375430051020e-02,-4.875812541565946456e-02,-6.883492498214860422e-02,-1.441660551139215506e-02,2.634874403582065580e-02,-9.543043204564254089e-02,-4.717814386662926018e-02,1.023501089445532329e-02,5.942940850164693534e-02,3.798201309132795411e-02,9.307877594788271924e-02,8.844515526320238796e-02,2.529301121571315980e-02,-4.801579816502813541e-03,3.416861046941119945e-02,5.637691485074512038e-03,8.050921087674885179e-02,4.936674225682092382e-02,-1.781683853949616366e-03,-1.849378453883065640e-02,-2.478039136208404561e-02,-5.822221966216262895e-02,-7.081822610021566884e-03,-4.240766957558821798e-02,-3.733549729233492237e-02,-4.220514948405992839e-02,-8.970826747872603577e-03,-5.289803317565097696e-02,6.414967815968450511e-03,-3.646805291937963572e-02,-4.277941055921315877e-02,4.380757112256791763e-02,4.632679006680054390e-02,-3.731486732060468325e-02,-9.141781602477652702e-03,6.192183518208094900e-02,2.129049406195171815e-02,-1.871290599044801023e-02,3.761378787976661642e-02,5.514827386384162783e-02,3.281160039244475357e-02,1.976200481063078093e-02,1.879816931814801140e-02,1.175411967219578031e-02,1.640731997890467961e-02,4.354828595253396745e-03,3.385635925728967821e-02,-3.073026988038332977e-03,6.474949237001668099e-03,5.318883510337607534e-02,2.142412985671028613e-02,5.117872187501584097e-02,3.695573997644713282e-02,2.078195845344725859e-02,2.678575427215186284e-03,-5.523838757984202846e-02,-2.035674990169843157e-02,-7.508346116893589717e-02,-3.820305721112587927e-02,-6.069424630488938488e-02,-4.341165626333920446e-02,-8.784631835271939498e-03,-2.464590050910237320e-02,-2.442888797012354729e-02,1.277885210581722721e-03,9.725592608571989595e-03,-1.963673164169510085e-02,5.097905545681312434e-02,-3.302842795614533734e-03,4.140442450420487447e-02,-7.951441152285569636e-03,3.084708711442420495e-02,1.414574023646120171e-02,1.705981796772029768e-02,3.910261865348651361e-02,2.987109978201154051e-02,2.465341540120814801e-02,3.437034750352308682e-02,4.565242763814862659e-02,4.489143011826904339e-02,5.420258489289875303e-02,2.507915922153611255e-02,3.207377261035009725e-02,4.502325104438808373e-02,4.091859784666105476e-02,1.872328656845074699e-02,-2.987560468772250399e-02,-4.218428337901549557e-02,-3.941164167339936825e-02,-1.524335952001612537e-02,-2.935940702662103233e-02,-4.859343061263361914e-03,6.519130606113223564e-03,-1.055035995328627678e-02,1.679774934833318592e-02,-2.358622896767040636e-02,-3.072098245058069166e-02,-3.114522272453992824e-02,-1.874123939228014915e-02,-3.046717060638851754e-02,-3.652039386318465652e-03,-1.527040958886377586e-02,1.810537825810897353e-02,2.345706604082543195e-02,-7.770411192838869510e-03,2.284990193434180764e-02,1.108628599444624885e-02,-3.126874408055670129e-02,3.046484863469308552e-04,-2.298986306730205556e-02,-2.695894670742375945e-02
5.427313064561903877e-01,5.609691064285724504e-01,1.000000000000000000e+00,3.649427706141852856e-01,3.749751137911490617e-01,1.823268170806773836e-01,1.136820617472886624e-01,-1.289872484557908761e-01,4.030036682761174716e-02,-1.409459597483909143e-01,-7.936582395884612950e-02,-1.182219281497316234e-02,-7.701306577930507047e-02,-5.359317327974923856e-02,-1.340869789987347294e-01,-3.183123270625850404e-02,-1.002539155768899237e-01,-9.831704579100143671e-02,-3.785754299973263792e-02,1.516760481315082218e-02,-8.734299930438720050e-02,-1.026989623467768620e-01,-3.382850660229663221e-03,3.293164582231450019e-03,6.870302403149724547e-03,4.632302292317652670e-02,-1.465779187454696467e-03,3.033907887951158965e-03,-2.760080769031146748e-03,-7.486284993770309266e-03,-2.656409148650718324e-02,-2.542377754073293916e-02,4.103481945330121616e-02,-1.094484882078557569e-01,-2.640140987531028327e-02,2.093137760829346522e-02,3.023342456380087931e-02,-3.240776461148652584e-04,6.981618302343499394e-02,5.217287434047826467e-02,2.207645609907341044e-02,-8.412127450353213201e-03,1.710522786319173053e-02,-1.313350675370385939e-03,4.231664360739988834e-02,9.537273414866570542e-03,-3.710119957146022079e-02,-2.553065673772728778e-02,-5.228904079043407427e-02,-6.644817617359144446e-02,-8.311760990141140587e-03,-3.030384939210940820e-02,-6.206239960090923630e-02,-3.561543254457906482e-02,1.495938263124043342e-02,-4.960870099738434041e-02,1.994034730141568124e-02,-5.038967603094489378e-02,-3.864191634756326127e-02,5.862144699266239739e-02,5.977492444910848662e-02,-4.009704534009243121e-02,2.109671872814244085e-03,7.838342984109084033e-02,2.308607412421117763e-02,-1.431468893766768384e-02,3.884037831115155770e-02,4.414532755150328558e-02,4.367566080726471844e-02,2.249553477155288167e-02,-7.943558070106621766e-03,5.747863001380038202e-03,-1.269670111653497906e-02,-3.029898711268515579e-02,3.665005253166680327e-02,-2.243241335197148495e-02,-2.003259114633154300e-02,4.332141004946449964e-02,1.065536011949079834e-02,3.566673557385254684e-02,3.777257802867183684e-02,5.017671242580645265e-03,-4.206866274542002924e-03,-6.443703787759620660e-02,-4.866453153079467603e-02,-1.037501925605440189e-01,-6.015968733534600432e-02,-5.948401957140412449e-02,-1.890496030067111838e-02,-1.898403023555409255e-02,-2.463530400984706437e-02,-5.049924521504086522e-02,-2.672114877176421863e-02,-1.971405495437452901e-02,-3.956592829496853592e-02,4.880377725659626117e-03,7.123480746408585723e-03,1.628832735552047939e-02,4.824061027828461037e-03,-5.977695002422111874e-03,-1.310844434935446411e-02,-3.225445273679470540e-03,-7.317509826218195242e-03,-3.277090873713023344e-04,-1.558223987652061597e-02,2.157766413601691635e-02,4.784877242355334293e-02,5.643904613116581398e-02,5.814782506856929628e-02,5.112837171617579807e-02,3.173097727590649952e-02,4.769440511490802281e-02,2.543501103222029630e-02,1.548666891331547911e-02,8.830117421270094287e-04,-1.505358039659251274e-02,-3.691843781603647789e-04,1.183552876321949075e-02,8.477103335480296042e-03,2.144989842882457504e-02,7.505947302545621161e-03,5.590047232488074697e-03,5.844891853433743789e-02,5.157067699620539181e-02,-3.598739246560202915e-02,-9.210605579600775542e-03,2.425255204725511142e-03,-1.884003267949414112e-02,3.855422747680487677e-02,-1.611157635514752582e-03,3.912567834093424318e-02,3.394414431551356220e-02,-9.943955862978411803e-03,2.489246990604687682e-02,2.322018046156633375e-02,3.667926519536829529e-03,2.778647674514379828e-02,1.559428959227734078e-02,-5.066602837598173023e-03
3.049331830099057949e-01,5.181165983504022465e-01,3.649427706141852856e-01,1.000000000000000000e+00,3.603396481797799811e-01,3.587282191744203819e-01,2.064317838560842389e-01,-3.587384892046052015e-02,1.407664008170948500e-01,-4.761876112691226098e-03,-7.834910335552577876e-02,1.282388380519908222e-02,7.443231098262419708e-03,2.908455111648571706e-02,-9.952023206579729830e-02,-4.418258932423795721e-02,-2.942207830304068364e-02,-6.009149050816837978e-02,-2.103355665975705988e-02,-4.957484024244950514e-03,-4.485089480414636981e-02,-9.838573521753209844e-03,1.400229689712134966e-04,-1.613526980749067918e-02,-1.110979336631640058e-02,4.040590094524422471e-02,-2.034192260934962124e-02,-3.915794152783352161e-02,-2.160516974276707053e-02,-3.400324975116954251e-02,-2.689964778168083687e-02,1.694504196926010370e-02,2.103324271618035868e-02,-3.122704615965793754e-02,-2.317117638609823144e-02,5.724854970055240702e-03,6.293864057200868056e-02,-9.113754642334738953e-04,7.516066424354105047e-02,5.569998990408847606e-02,2.723331686438212537e-02,-9.747471978557487385e-03,-4.960943060450421572e-04,-8.884532205874916613e-03,1.718353404466218051e-02,5.145198976730683445e-03,2.875778316172321672e-02,1.773896310298794798e-02,1.217503252126139572e-02,8.650200061424747483e-03,3.368816820010051699e-02,7.692376411832601776e-03,1.094061892366927382e-04,8.921949634003046442e-03,2.250640542427091023e-02,3.289915607904063052e-03,-3.817340399453024924e-04,-3.712639815401660038e-03,1.106338488943275564e-02,-9.705979789017878806e-03,4.660040692612822839e-03,9.798241815298820712e-03,4.655572625393325742e-05,-4.585550712809398181e-03,7.412633134499932962e-03,2.083084880881047249e-02,3.437859749027694176e-03,1.621856619344652292e-02,-1.560853039898995979e-02,-3.926410709310952651e-02,-1.523943445075073323e-02,-5.973139335337320638e-02,-3.737068211211132251e-02,-5.442748548057832481e-02,-2.707050503337807626e-02,2.906776125704955797e-03,-3.038931576879765062e-02,1.807039048848083432e-02,3.144753254380961566e-02,4.630269654276538555e-02,2.923565335917626545e-02,-3.321730026009771112e-04,-3.241660353160474850e-02,-4.015013055830109895e-02,-2.564887730387403753e-02,-5.538707856461504153e-02,-5.746431480386838403e-02,-6.466226067434865943e-02,-6.119004403491081628e-03,-2.986889584743474685e-02,-1.452583130629611467e-02,-1.764800228123286630e-02,3.536069790485614657e-03,2.806581650186534480e-02,-2.225235822826697463e-02,6.957425339456183022e-02,1.798942982663132018e-02,6.399981057611969781e-02,1.576686409901894084e-02,4.236789311973541278e-02,2.513483400143746299e-02,4.516213380150870677e-02,8.170714302324839917e-02,4.765569705460419997e-02,6.560453531682720885e-02,6.703198755755469807e-02,5.376354860340808173e-02,-5.948134806449569337e-03,2.857321838703671263e-02,-2.663010789826250960e-02,3.090361084591640786e-02,6.440797343992131496e-02,1.057334059788547775e-02,1.427493844848491851e-02,1.067562676050051555e-02,-3.339277031495368336e-02,-3.000498413248263788e-02,5.963981507576622369e-03,-4.405392485621588416e-02,-6.613363634222415612e-03,-1.737094211232915672e-02,-4.603591974284903382e-02,-5.114875981873869167e-03,-2.405855973667806250e-02,-7.565169576890654057e-02,-6.533300372272379808e-02,-5.048137942002683259e-02,-5.979890419601804202e-02,-3.162330687715952243e-02,-2.505294078560379480e-03,2.529977332784587307e-02,3.403643391734499646e-02,4.426994699351850110e-02,3.587575160530490775e-02,4.960438374569237086e-02,1.035226170836054706e-02,4.168067809021049758e-02,1.034155760183296316e-02,2.513852929749764778e-02
3.002299531928503962e-01,3.638753344475063045e-01,3.749751137911490617e-01,3.603396481797799811e-01,1.000000000000000000e+00,3.158629899296699350e-01,7.118585734319886338e-02,-1.527930098902810507e-01,-6.323309465746619618e-02,-1.521591622807432764e-01,-7.863770715707119052e-02,4.899597617896440938e-02,-9.851956892752285547e-03,-1.315841924856019259e-02,-1.111876578017255562e-01,-9.382701300271910003e-03,-3.639874446373044664e-02,-6.028900275490647886e-02,3.487187020465189885e-02,-3.082502183898155478e-04,-9.347990961105523758e-03,-4.724540705194919116e-02,-3.416936043501273695e-02,-2.057452836981199518e-02,-3.736974762487386276e-02,1.796035963856167051e-03,-1.852952515794647689e-02,-3.043360133331010284e-02,-2.896074168639006102e-02,-7.416378333467217587e-02,-6.401504276150468686e-02,6.541758042944530909e-04,2.795356252189993770e-02,-9.549526662457241688e-02,-5.021132419967622162e-02,-1.036842485544862795e-02,5.092583964698507021e-02,2.491672142191590084e-02,8.410336127877918178e-02,5.964658440223160468e-02,2.480864178472650013e-03,4.680782747382651078e-03,-5.293025416643405354e-03,-1.188291568904082350e-02,6.473409516253722518e-02,4.872810714615122274e-02,1.880948863975565391e-02,2.545077600635753737e-02,3.305016834638008476e-03,3.135601002065110682e-03,1.743833407259673049e-02,-1.777624909456688301e-02,3.329623930490567540e-02,-2.224653542809409967e-02,-3.074384457037709212e-02,-1.253670303472340271e-02,4.842069037652818597e-02,2.211725855755292472e-02,5.622748055888518968e-03,6.680620906454620700e-02,-2.716508829743770077e-03,-5.070323002126332634e-02,3.175470871673139600e-02,4.804372002391053831e-02,-3.443804608178085286e-02,-6.646869858758616689e-02,-2.783624262565140631e-02,1.656653243394573191e-02,3.512548645228955047e-02,-2.331261305226686037e-02,4.070004563658748478e-03,2.231657211488621145e-02,-5.884507322422329913e-03,-2.794549802491021889e-02,-2.166304099057774282e-02,-2.665756295611208457e-02,-2.208322787273518314e-02,2.022894928514628113e-02,-3.376607590228140193e-02,3.077980291960465131e-02,3.473902217447643465e-02,-2.585837252846483539e-02,5.701068365180673135e-03,-5.286191419345172282e-02,-6.235219055126704074e-02,-5.025135636402730532e-02,-4.613228948248874854e-04,-9.618534624403157415e-03,-2.211066914337573349e-03,8.948085612372353934e-03,-9.995168958001352313e-03,2.763212537405568530e-03,1.180409897548325912e-02,5.054076840070712007e-02,-1.548221664659803036e-02,3.331945820105350342e-02,1.426339234674196084e-03,-5.562638270777076066e-03,-1.131988529702978620e-02,-7.069285795666166439e-03,1.273991247775848636e-02,1.841176622255646933e-02,2.600773899156486393e-02,4.556322343758374693e-02,3.338849393371794150e-02,1.973837544775561628e-02,1.835237969069648464e-02,-1.632350851463899855e-02,8.266338577470905974e-03,-4.881665338519841635e-02,-3.809500918698130456e-02,6.193348466696660046e-03,3.827701727216493988e-02,2.504313476030453969e-02,1.430433347013628648e-02,-2.641740622084112061e-02,-9.120406327121997198e-03,1.291075525191205144e-02,-1.159258969374764086e-03,2.722530684206821497e-02,1.003290567548894598e-02,3.343152563512252328e-03,3.484338891259886051e-02,-2.204825402051606518e-03,-9.953619871648528017e-03,4.197278071441022619e-04,1.234110006327084866e-04,-2.817566489193766219e-02,1.423575384913521556e-02,3.439577337424207584e-03,-9.749662647866394081e-04,9.726042151676812450e-03,-3.430772218379166127e-02,2.199579652702791238e-02,2.096612262843460320e-02,1.159252601504768936e-02,2.958783940645697344e-02,-1.115702609635887618e-02,2.819632548047687828e-02
1.827996884035785752e-01,1.565614614658275006e-01,1.823268170806773836e-01,3.587282191744203819e-01,3.158629899296699350e-01,1.000000000000000000e+00,5.105159800819564220e-01,1.503775041798770529e-01,1.055261097740984866e-01,2.397834527493964904e-02,-7.985994257524624274e-02,5.681866419053802075e-02,-2.345047157448220884e-02,-4.447367063778916163e-02,-9.365465365493480521e-02,-1.029789770490631140e-01,-1.874785258322982442e-02,-1.117402712535864040e-01,-3.931459608914841808e-02,3.550952923289112106e-02,-8.567784120872199566e-03,-4.184418603157610828e-02,-3.477391240957856261e-02,-3.349210799192217647e-02,-9.493533966108825065e-03,8.001535016978004664e-03,4.802543742041682703e-03,-5.953317408180104804e-03,3.950080222327163187e-02,-3.863033212320265281e-02,-2.756329634939515966e-02,7.284583498148482390e-03,-6.713253646913062804e-03,1.185052214404975698e-02,5.499882893870125695e-03,-1.226144286762409323e-02,2.543058052597745033e-02,-4.085446862910426663e-03,3.369618342071127592e-02,1.111561001002429362e-02,-9.725230382807488472e-03,-2.105151323467309085e-02,-5.226000335434012600e-02,-1.172595199491294898e-02,2.083030212166493353e-02,1.106190188995054627e-02,-1.078587991287357183e-02,3.510267849377583099e-02,-1.941718794194186026e-02,3.938047310008244845e-02,4.419121856494978573e-02,1.725986277943049318e-02,5.291878633387481212e-03,3.247549099006691309e-02,6.152256296722598272e-02,4.079507604636428003e-02,7.651180723740844125e-02,3.183929578624035417e-02,3.183005410899570481e-02,4.277400214844711418e-02,-1.019844041649534822e-02,-1.846735821091858784e-02,4.696585406405938412e-02,2.540409624681158607e-02,-3.736671125010956190e-02,-3.820490732346107365e-02,-4.014096323958867008e-02,-7.437613912923280411e-03,3.985392523559300876e-02,-3.802690028405207590e-02,-2.744632467751081245e-02,-8.675806584773454802e-03,-3.162628980677988089e-02,-5.826538056939781912e-02,-1.629400431841791785e-02,-5.075154764902795046e-02,-4.784177208521481900e-02,-5.089511385158521084e-03,-1.044295669714525275e-02,2.743529588069034894e-02,-1.933943347023864626e-02,-6.753862335529019212e-02,-3.205012197586678407e-02,-3.685405432275182247e-02,-4.300075133341963590e-02,-4.592343555989612802e-02,-6.019767458012936084e-02,-5.644473013512348036e-02,-3.948494116405033144e-02,-4.410690133385030548e-02,-1.513169390038190433e-02,-5.929322853877100341e-02,1.640259385805395084e-02,5.587924539537404700e-02,-1.040086007344098382e-03,6.187904343312046473e-02,4.500341196457909726e-02,7.166991264252772775e-02,7.601068630985759189e-02,4.224921933183983791e-02,2.741874337941591425e-02,5.354074385066241379e-03,3.331488501115998507e-02,-2.150512233279456079e-02,1.803186809285003273e-02,-3.346450705331010123e-04,-1.259442256423285236e-02,-2.698833817213527539e-02,-2.228718695015867446e-02,-4.437716503587037925e-02,-4.782985820454956766e-02,4.032933681672672133e-02,2.687596286473096976e-04,6.170128142323082123e-04,-1.035436141735255819e-02,-6.054032489326692523e-02,-3.826415536332840317e-02,-9.598832317495425634e-03,-2.982695972427395689e-02,9.922257790839914687e-03,1.883022526491041904e-02,-2.352812696612473220e-02,1.644625370673784975e-02,1.761681329241845950e-02,-5.074028089789774792e-02,-1.402868355002996961e-02,-5.093712207018516458e-02,-2.583683107012583677e-02,-9.830670846054868212e-03,2.075611307417517487e-04,5.637598718408845175e-03,2.854341218874329941e-02,2.433637371080099587e-02,4.439797196063629409e-02,6.468528898778343195e-02,5.405322557131377742e-02,3.685196857369724133e-02,5.799274406348400163e-02,4.922399554128370491e-02
1.503653693439597760e-01,8.562049396005320945e-02,1.136820617472886624e-01,2.064317838560842389e-01,7.118585734319886338e-02,5.105159800819564220e-01,1.000000000000000000e+00,2.994072141493326900e-01,1.356865025127433899e-01,1.624562908147967888e-01,6.539257439576719177e-02,1.060706497298401496e-01,1.672484941438532810e-02,-4.177562111353673446e-02,-3.465673203748299153e-02,-7.374909423005761300e-02,-4.895687069768184241e-02,-8.165359207813216447e-02,-7.220871638616306598e-02,9.297683892232068772e-03,3.048310663187197254e-03,-2.115581412120790331e-02,-2.088695073164343469e-02,-4.826425434043145335e-02,-3.100860179806510034e-02,-1.684719059340599248e-02,-5.887693100039396304e-03,-4.440634332703787684e-02,2.200767233932549374e-02,-6.374426552492790977e-03,3.507997908871291620e-02,4.719958518245455370e-02,3.253543841600918529e-02,1.571826699169000599e-02,-3.947605812682532939e-02,-2.276576603581199204e-02,-8.215059415114139493e-03,-6.047922032259116232e-02,-2.405069718305754070e-02,-3.035374873044591887e-02,-1.464486086545277281e-02,-3.959210821796123325e-02,-5.116913520476706195e-02,-1.498400951461359258e-02,-2.139441137795864908e-02,1.719914986467276433e-02,2.400424577161665990e-02,5.321395878634554294e-02,1.165697008584795679e-03,5.289793873914284961e-02,6.092174495117896188e-02,1.433641020992384822e-02,3.397311831420850997e-02,4.343917797464072299e-03,4.781842029401196098e-02,7.303539403976437756e-03,5.250324395250683535e-02,4.614848219274079316e-03,-2.673582328971943131e-02,6.300031132648185872e-02,2.121149808398052269e-02,-4.963009566542789935e-02,2.915859031856662259e-02,6.675394000010057005e-02,-2.124330735325549724e-02,-6.206959925923652421e-02,-1.528805018301563311e-02,-5.632984912313332253e-03,3.135195057434870397e-02,3.629413380498011307e-03,-2.487681356474244834e-02,-2.855399020130121313e-03,-3.114622510813399095e-02,-6.349211590126264959e-02,2.881311100991977266e-04,-5.364672223722348476e-02,-6.791111214924816508e-02,-2.332339794816526077e-02,-3.091737823754787604e-02,-1.895530000492865949e-02,-2.757093769666621452e-02,-6.106809529690112454e-02,-3.769381701830987891e-02,-3.123671825203471267e-02,-5.438273911677519480e-03,-1.847831968418333498e-02,-2.739648110289975846e-02,-4.363521800282125357e-02,-1.394543245538749400e-02,-1.707551845340474564e-02,9.462994241647815219e-03,-4.469610300653620305e-02,1.666322218349854112e-02,2.041756012007828885e-02,2.729699528235008180e-03,7.906569691972165775e-03,3.316888386727118859e-02,5.274267103993725975e-02,4.278133237590801830e-02,3.010754085733382754e-02,2.023576387540843360e-02,-1.942823992453829654e-02,1.063276642134353654e-02,-5.131267447341125026e-02,6.779326395858614566e-03,-1.888661796999879967e-03,-1.737203326548815647e-03,-2.446812081738593964e-02,-1.461724189837441089e-02,-3.694211831080579378e-02,1.062870695166336608e-02,4.578683407491533630e-02,-1.718880263626315283e-02,-9.403968166514687851e-03,-8.629331319864638750e-03,-3.202583257043292025e-02,-3.453965011709449195e-02,1.002780209515175339e-02,-9.313453189206783236e-03,2.680961665940985797e-02,3.677891451889681897e-03,-1.667470248719244569e-02,-4.818073275183732546e-03,-2.031060293056788368e-02,-5.345269528918852875e-02,-9.224794842396910610e-03,-4.329719343018649524e-02,-2.097381840866244934e-02,-1.535430373194777987e-02,-1.969073924460145592e-02,-2.587869019456506131e-02,2.294865256261892014e-02,5.696554229188489221e-02,6.012680508854539863e-02,5.646267555032309648e-02,4.959564972349329859e-02,4.138549022203665689e-02,6.208732939051434668e-02,3.166281486872521422e-02
-5.183608907272146959e-02,-1.680961966413119513e-01,-1.289872484557908761e-01,-3.587384892046052015e-02,-1.527930098902810507e-01,1.503775041798770529e-01,2.994072141493326900e-01,1.000000000000000000e+00,2.808873491567636105e-01,6.574300333480809222e-02,5.489375409080631679e-02,4.088282197231055647e-03,1.485003899392385758e-02,1.591581356603950781e-02,6.484590767392788002e-02,-6.001936127059818993e-02,5.427234811966775464e-03,-1.616773551083540775e-02,-7.820131039679457940e-02,3.155907497015009860e-02,2.901137119127678368e-02,4.591685600861696026e-02,2.834240172205477332e-02,2.304760755540667325e-02,1.289374729083575706e-02,1.404036013656526777e-02,4.299769968023201688e-02,5.008364719358045745e-03,5.335094878953697273e-02,2.328474261777765258e-02,7.800094672398971696e-02,2.523202360222680934e-02,1.662818770418478080e-03,7.835902038854834772e-02,2.556081581597877475e-02,-3.585580527150490637e-02,-2.469074386822878858e-02,-6.889423600545048487e-02,-5.046181731056000735e-02,-8.534735947843172243e-02,-2.659407279207678595e-02,-2.542129204430815248e-02,-8.934818718109700797e-02,-3.342976254997423458e-02,-7.651671744706815825e-02,-3.188424504555061045e-02,2.495641822640777899e-02,1.080134087874072557e-02,2.110553745738168868e-02,5.055404480280111662e-02,-9.152000451804557504e-04,-6.749931311871801634e-03,1.188805093090891316e-02,1.086195635296591418e-02,-4.067675844920072038e-03,4.645563315613749494e-02,1.443161392639253672e-02,3.099609511510344889e-02,2.860975080370934537e-02,1.227228896554151232e-02,-4.192315932312502130e-02,-5.471142807124337003e-03,3.719112785913436525e-02,-1.451128870852873114e-02,-3.582961182607222878e-02,-3.498482433002565728e-02,-5.129097026929017172e-02,-4.657290226976791570e-02,-1.915964583020616369e-02,-7.345926865525884142e-02,-5.875432378497726787e-02,-5.150167605063609572e-02,-3.818252358030257282e-02,-2.977209846122041981e-02,-3.314866051884305526e-02,-3.748777010975894858e-02,-3.957157865694333615e-02,-1.747352046477489151e-02,-3.665201476642678674e-02,-4.647350861112124754e-02,-5.788202367704286394e-03,-2.497143474925818396e-02,2.170880681620521169e-02,4.089393552177929270e-02,4.921118978376418790e-02,4.272538179530103314e-02,1.197871479146965512e-02,6.554529332096797889e-03,3.415627008930195024e-02,6.179160086290512444e-02,4.045435830678643235e-02,-1.812449613934202786e-03,-1.698732749550042193e-02,-3.671982636736188799e-02,-6.299957016801341694e-03,-3.128490431294162627e-02,-1.311363712160858175e-02,2.083451478277807342e-02,9.502439925883957722e-03,2.437777812556444004e-02,1.043571991984804971e-02,-3.346865272407300359e-03,-1.496155870735969839e-02,-3.616446452789582461e-02,-3.153706235747179287e-02,-1.356942819676971784e-03,2.484506648320642871e-02,1.022870449700549918e-02,2.172863142102538989e-02,1.023599430480502670e-02,3.010084080769270809e-02,3.718352686926002654e-02,-2.757931414575135430e-03,2.032720354815182803e-02,6.460693153862188953e-02,5.559037405059145953e-02,1.856085255751237575e-02,6.533614368331765176e-02,2.208212160847801767e-02,5.708335218273746792e-02,-4.643330386868908116e-02,-4.872925689557725676e-02,4.043712835828173341e-02,1.262491424024804638e-02,-2.996979511592268511e-02,2.674892082670249360e-02,-9.903352956357535514e-03,4.494640609727799940e-02,-6.097312889984282148e-03,1.220169656863752741e-02,-2.526276002560242859e-02,-8.369627855630435570e-03,2.442562530278301336e-02,3.130873232537124962e-02,2.959570210151242151e-02,5.878023348264261455e-02,2.136208332683108349e-02,6.872302718339305672e-02,3.731367367641247323e-02
6.605477412021718009e-02,5.111723251140387440e-03,4.030036682761174716e-02,1.407664008170948500e-01,-6.323309465746619618e-02,1.055261097740984866e-01,1.356865025127433899e-01,2.808873491567636105e-01,1.000000000000000000e+00,2.398587424330464180e-01,1.603510125107746875e-01,9.963161033917977694e-02,7.224332604537665736e-02,3.298180014405429922e-03,2.433079244678571992e-02,-4.350722810721092265e-02,-5.398716622579758512e-02,-4.461135082256745266e-02,-4.244236982978461664e-02,1.847150436190995310e-02,-1.634649214231775199e-02,-3.211705238414586105e-02,6.676173531627992153e-02,6.015994201819433763e-03,6.168599196625976916e-02,4.753124368456537741e-02,6.982697695827551343e-02,5.782787564205261327e-02,7.589806609959746930e-02,3.603962347486734663e-02,5.149208473344401432e-02,-4.304586280499238422e-03,3.647974424739119231e-02,1.696101136808480549e-03,-2.592069464247339586e-03,2.237551107914096185e-02,-2.624259229373649902e-02,-3.046686816280205767e-02,-1.045944796618723804e-02,-3.359728438079086221e-02,-2.652703972674857677e-02,-5.797788176022203310e-02,-9.615418316735400983e-02,-5.966133381497630561e-02,-5.446230617144742076e-02,-4.719283266981708080e-02,3.094027235095651775e-03,1.382267407302976026e-03,8.765171650019083468e-04,6.280815511255434178e-03,-1.804604272221153188e-02,1.905530310089196058e-02,4.414093091609862067e-03,1.678984468451681297e-02,2.633417286752294875e-02,2.832716951049739709e-02,1.515922401095611688e-02,1.985697503891940136e-02,6.586130136385928702e-02,-1.086581579470416448e-02,-2.184307774536602825e-02,4.015761129602702512e-02,3.883106572669880324e-02,-3.038460589480796586e-02,-6.636921847086730240e-03,1.148824159628231319e-02,-3.504801200704985714e-02,-3.074051717213517609e-02,-1.047384496591019509e-02,-7.826772957568414735e-02,-5.578743543453394682e-02,-5.354705518938011888e-02,-7.949872509551764166e-02,-7.724103291610738553e-02,-8.846253082921209931e-02,-9.730284587604084989e-02,-1.006128544159868854e-01,-4.461376979426919659e-02,-2.919608758569565421e-02,-4.571448204613318828e-02,5.501132214054566547e-04,-4.519686276096288036e-02,9.923169340476253875e-03,7.167344334619817937e-03,3.506164992169578248e-02,2.845676825370878349e-02,4.650618832077362680e-02,3.430512516614949575e-02,1.927807987449025456e-02,6.309401288928501161e-02,3.542951797859864027e-03,2.659600606111063581e-02,-2.680026483769849810e-02,-7.902865868822538456e-03,-3.473785079753884120e-02,-1.339951676776470445e-02,-2.427949934549619368e-02,-9.625805858423010924e-03,-4.689034089173643033e-02,-2.940129429602930319e-02,-4.332279836762750053e-02,2.128744575755600263e-02,2.315926618288410496e-02,-1.864339475852147890e-02,3.144676935605222878e-02,4.231405164704667154e-02,4.487861229520374168e-02,-2.264182318999406751e-02,3.996352827213107278e-02,-2.164894308898360556e-02,-2.142306808242373795e-02,3.727538120451991815e-02,-4.947805107027161003e-03,-6.198744391795052953e-03,5.153410198514936369e-02,1.676329780400412361e-02,-7.305683267305894749e-03,3.417589077462144381e-02,-9.302640543132934285e-04,5.527845723335776673e-02,-3.361993502415853464e-03,-2.161864553880817399e-02,6.333433676924796196e-02,4.416068458743419717e-02,3.156828872913994277e-02,6.554368507513523567e-02,4.146299846560101698e-02,6.815413560220867639e-02,6.256877332379605361e-02,5.631296942878807887e-02,5.855908335130734915e-02,8.518649813826177641e-02,7.465281719037024366e-02,4.348465290743809553e-02,7.891969336391529977e-02,5.329511002869860570e-02,5.996833294118965318e-02,1.052469480692887344e-01,2.236562411908936052e-02
-1.624016032750806859e-01,-8.821850139765784193e-02,-1.409459597483909143e-01,-4.761876112691226098e-03,-1.521591622807432764e-01,2.397834527493964904e-02,1.624562908147967888e-01,6.574300333480809222e-02,2.398587424330464180e-01,1.000000000000000000e+00,4.529823794012445282e-01,2.850412130609110140e-01,4.050707794754694890e-01,2.105648762006133989e-01,2.262741883309895008e-01,1.548537146425187916e-01,1.197271905246560242e-01,1.288318224723117300e-01,5.718928943865109193e-02,9.698634353837157218e-02,5.323351128642921787e-02,4.905940536166838312e-02,1.087498528402094378e-01,3.443539558559221420e-02,5.193030057183483511e-02,8.777864964816130657e-04,2.722645927722442544e-02,5.627291159988902919e-02,4.518432768628690560e-02,3.613685855101525513e-02,1.246622158161982130e-02,-4.707855681361349659e-02,-3.484686566141842468e-02,-2.061695524018030204e-02,4.036896580478558511e-02,8.392877622671483795e-02,-4.410465920857831179e-02,-2.190258155573010859e-02,-4.171219467804446884e-02,7.907103774683187786e-03,2.902539200052587851e-02,5.926600976843303913e-03,2.160758381087510976e-02,3.356407664718100842e-02,2.384498521471199381e-02,2.557733385721717295e-02,-4.547864595477296712e-02,1.431706508049253746e-03,-6.607950306026237619e-02,2.072950611745882563e-02,4.956742532632082629e-03,4.452573517462073832e-02,4.291717075593163427e-02,2.746304676960019051e-02,-8.465843883587674187e-03,4.084707650167885423e-02,5.507464292872657485e-02,5.598495585389177270e-02,4.567564416616817086e-02,1.947555432896521874e-02,-3.562869164364307339e-02,-1.193408600472843292e-02,4.520805899009611856e-02,-9.859470384710421892e-03,-4.272072349826333548e-02,-1.783932474237151511e-02,-4.625492186360308927e-02,-3.385733130930769497e-02,1.538022748844702740e-02,-3.889905135446238005e-02,3.201579293791911342e-03,3.094105934404291561e-02,1.756352642509607931e-02,6.053006564205823392e-02,-5.524910709770966544e-02,-7.040501188794570653e-02,-5.979412599168851261e-02,-8.486054541661940120e-02,-5.915822442946893495e-02,-3.563501544244210978e-02,-6.027743157770829030e-02,-4.954128676965706413e-02,8.028966762154012005e-03,1.140706531655044098e-01,8.017147607034608159e-02,4.722102519827428568e-02,1.787964227156509101e-02,-7.875708718706181735e-03,-2.124487410892010597e-02,1.976085415459747849e-02,5.395251703196503323e-02,4.659216651293683620e-02,2.039526438333576913e-02,-5.511607661936180312e-03,3.071143504313519901e-02,1.268082691611292952e-02,-4.422870214100289854e-02,4.744596753972452063e-02,6.523375616790605402e-02,3.284467539348352033e-02,-3.729629563287349854e-03,-1.465857462889562368e-02,3.253409044375266991e-03,-2.309349396978247274e-02,1.563258874595928674e-02,1.637618281871607018e-02,-9.431854487921057656e-03,-2.874441108715653642e-02,-2.090361049226053397e-02,-1.138381729545048099e-02,1.326159756904836569e-02,-7.982742970086310896e-03,-2.891500457545472663e-02,-3.727454113201333213e-02,-4.682798138478602885e-03,-3.112368491292460959e-02,-4.640660137503897775e-02,-7.090787079045815554e-04,-8.947651641904341355e-03,1.304174999440572622e-02,7.361690775501520366e-03,1.407589433521768546e-02,-1.889066871048510402e-04,-1.261847627023498890e-02,1.442192351933186930e-03,-2.177678900938874798e-02,-3.495156721698029073e-02,6.055651377173468242e-03,-4.458122804942120376e-02,-4.644895227134457523e-03,-2.423233675943819304e-02,6.345890050731128884e-02,4.883458473771631198e-02,-2.223510725120714238e-02,4.428878965094566744e-02,4.195512922074157852e-02,3.679115074995223389e-02,4.637768151036727321e-02,2.423372507465234790e-02
-1.490875333290880012e-01,-4.737801518156072034e-02,-7.936582395884612950e-02,-7.834910335552577876e-02,-7.863770715707119052e-02,-7.985994257524624274e-02,6.539257439576719177e-02,5.489375409080631679e-02,1.603510125107746875e-01,4.529823794012445282e-01,1.000000000000000000e+00,4.069258359111750933e-01,4.001135594701751286e-01,2.153834345798762706e-01,2.134875388268633323e-01,2.329785180180846960e-01,1.068443896966607409e-01,1.145873492696606738e-01,4.797585898789216013e-02,9.532053414113780820e-02,5.768899049666436490e-02,3.994388579830918801e-02,1.324093488871211921e-01,4.019296745732234277e-02,4.913546144257166515e-02,3.874181754977707587e-02,2.414535241460761747e-02,5.879330372916381775e-02,3.439022203832299042e-03,3.754297830902415117e-02,2.776420523387884177e-03,-3.969565818757680303e-02,1.752668403019273097e-02,-3.312567729195010219e-02,1.110855235115829238e-02,5.192653416229167651e-02,-3.162274453790642897e-02,-8.880884117430546537e-03,2.090270263806705969e-02,1.533327316816751086e-02,4.957754910824798593e-04,-3.791780706490106845e-02,3.436837174579857740e-02,2.437249312603265161e-02,-1.063700078157397630e-02,2.815002342963591683e-02,-1.783196764485075331e-02,-9.574854191336256565e-03,-3.717651131267558917e-02,1.250263856893968351e-02,-4.284494943998640865e-02,8.867163359236571868e-03,2.153542061123997486e-02,-2.247762860529809587e-02,-7.073406262191753169e-02,3.371616694529580571e-02,4.659964255296888264e-02,7.549705301217701781e-02,3.197377213949541969e-02,3.747602715125770284e-02,-7.368637336567816776e-02,-4.967073091696383447e-02,5.582187256429826938e-02,-9.495231085642234434e-03,-9.440366083370473060e-02,-5.285688336662704850e-02,-5.416501667613712184e-02,-2.678933080117163953e-02,2.535584756877871243e-02,-5.044105915064098222e-02,-3.105997115093348145e-03,2.846934498378234264e-03,-4.006583873649757765e-02,2.269053410618982261e-02,-8.118311190186680570e-02,-1.182410747905838361e-01,-7.252256807352588930e-02,-1.300644185747866777e-01,-7.474833600607826145e-02,-6.348254819279527950e-02,-5.338198828132740409e-02,-9.477108578874504641e-02,-8.193258119934272721e-03,8.337761059863968427e-02,4.314338601289248454e-02,8.305874663839958594e-02,9.333238887102375536e-02,6.781837656742063791e-02,2.301279654819688575e-02,7.645369469949972463e-02,5.593819999868766130e-02,8.960622940979029449e-02,7.151408763161956617e-02,3.026889712586730563e-02,7.225127217510546318e-02,3.749423880053191771e-02,2.181549484930355581e-02,4.783120716117574001e-02,2.793589109171660395e-02,1.697719890345051816e-02,-2.389782740474952899e-02,-4.343226950452399454e-03,5.289421706395284160e-03,-3.538543038996755374e-02,1.011404094604603961e-02,1.281497583129033793e-02,-1.035217124737039703e-02,-4.499645562148087141e-02,-1.746669961578757244e-02,-3.925494855901336816e-02,1.538446470961429965e-03,-5.477897317927488130e-02,-9.110725936712527062e-02,-4.697408206642909867e-02,-6.665582715892698351e-02,-3.286132747588146885e-02,-8.340221173740608451e-02,-3.734035192103807299e-02,-1.984598844042585741e-02,-3.751964792949214617e-02,8.720462957486982067e-03,1.421940291624155042e-02,-7.275278271941765587e-03,-2.608588385472468190e-04,7.216285017249214617e-02,3.486416005541716212e-02,-5.349771802797469687e-03,3.578267141935968093e-02,2.606712807181989287e-04,-1.163686408820336672e-02,-3.905935481708727730e-02,6.393255568066147365e-02,3.233016986640331603e-02,-4.205051384037474665e-02,4.541368045057712216e-02,5.557212984748420570e-02,6.522352629631662790e-02,4.442281284062446489e-02,3.998313256477701444e-02
