1.000000000000000000e+00,4.270680248487009889e-01,4.560426202758079972e-01,4.021157912853807193e-01,2.633702441320357468e-01,3.109156409892996353e-01,3.210343307092327625e-01,2.235469397754525911e-01,2.685396238326305252e-01,2.750971824994050685e-01,1.515808163416577647e-01,2.152087113130674301e-01,1.556342737731340464e-01,1.046885357883231699e-01,1.809689298469168428e-01,1.610340856098711193e-01,6.138369325832605805e-02,1.298185134840993404e-01,1.201091511913783688e-01,1.337382762396286395e-01,1.179123063656030562e-01,1.610739429557896951e-01,1.371710640947826909e-01,1.310844506407243815e-01,4.867911582258254571e-02,9.453988891275179329e-02,9.826225285134139453e-02,7.137134927375256288e-02,8.573404917159363481e-02,3.991692314806102870e-02,8.429979620026126219e-02,3.833426476364049096e-02,-6.659770224514549586e-02,7.603592870261234767e-03,-2.355184750367953286e-02,-1.273730088722817566e-01,-6.320936890038184042e-02,-1.106671718544918748e-01,-1.210737918124055873e-01,7.585666317464477906e-03,-1.015181931867579872e-02,1.516696273165635267e-02,3.288912557332195064e-02,-1.737662624250050497e-02,-2.760357259023316773e-02,-5.443914417583678445e-02,-6.622259289502425983e-02,-1.349319527538134396e-02,-8.837634013627516938e-02,-4.467229192093776641e-02,-1.335705547569724927e-01,-5.669003339909799849e-02,-8.260211267661665691e-02,-2.799922724279597236e-02,1.979461008794478061e-02,6.005299603793839980e-02,8.121372752751640500e-02,6.268900466870624966e-02,3.239823552121217504e-02,5.616009059891820948e-02,3.539078922791004389e-02,-1.726155704141217259e-02,-4.117001691786322665e-02,3.120807402038019290e-02,1.036071261149833374e-04,3.953899638340491185e-02
4.270680248487009889e-01,1.000000000000000000e+00,3.618157569753648883e-01,3.556131965352247737e-01,4.011938312440758714e-01,1.853079241751337536e-01,2.994491737889704019e-01,2.324177946804651118e-01,1.600739240089718851e-01,2.626323965941595451e-01,1.568084341354483713e-01,1.818467148078505846e-01,1.121238427195739851e-01,1.207492542816809150e-01,1.342847767758586774e-01,1.113068956520255476e-01,3.088867373501421112e-02,8.400643459397953705e-02,8.799239967467044343e-02,1.019432565835770577e-01,1.251380221520531633e-01,1.424608782859911327e-01,1.201440965571740627e-01,8.846490287345000481e-02,1.739763478836106603e-02,4.479959300253354842e-02,5.103452131704057371e-02,2.678233024297215978e-02,5.440638600758614107e-02,2.763405428875660382e-04,5.070072733811317733e-02,1.460885019944125132e-02,-4.053157698285934918e-02,3.752600265426026677e-02,2.116463867815816108e-02,-6.940712452558875367e-02,-5.357390260150653172e-02,-6.257123282385827767e-02,-9.836883400587678739e-02,-2.772925526637329274e-02,-1.786132184057361710e-02,-2.324728116327985303e-02,1.117299777800585640e-02,-1.877778677315688691e-02,-1.031110455170511711e-02,-3.136620000820775772e-02,-8.641258862737173641e-02,-3.410700095503101104e-02,-1.112407468245018849e-01,-5.388263854973494166e-02,-1.348203776846404744e-01,-7.527461398877909049e-02,-7.663493868122303598e-02,-4.342290912771185063e-02,1.658296592181307885e-02,3.973065139942126567e-02,7.965716155184282554e-02,5.470389793606270090e-02,4.790274513530579786e-02,6.193292977795374077e-02,2.694836024477195377e-02,-2.693330131504216227e-02,-6.818305585452084927e-02,3.698528951620627669e-02,5.104316990484182104e-04,3.740714700823304789e-02
4.560426202758079972e-01,3.618157569753648883e-01,1.000000000000000000e+00,3.773897604419385043e-01,5.028060781453590478e-01,5.276568854657346375e-01,3.434794557587095287e-01,3.757160681597739305e-01,3.911374213158576030e-01,2.467544522782845473e-01,1.209352338892335926e-01,1.929212008233294751e-01,8.960545849050480238e-02,9.013847454209505949e-02,1.664072738149983133e-01,1.283388542167842594e-01,3.305013411501780962e-02,1.091963132940353826e-01,9.489500284773226546e-02,1.118709135599707388e-01,1.363163504155467387e-01,1.588333300515218371e-01,1.436591170875488321e-01,1.300230699211159524e-01,3.211940952459930998e-02,9.235907480178759399e-02,9.362904079831617377e-02,6.120089582790078087e-02,1.044617514242851819e-01,4.665867342583729371e-02,8.383811688040361532e-02,7.210849479033788756e-02,-5.221912930421057641e-02,3.099269714393050254e-02,-2.937906602298159808e-02,-1.607343795215697979e-01,-7.991238131377019493e-02,-1.169725296935029968e-01,-1.229495394354983284e-01,-2.239014915000534650e-02,-4.493473916951383484e-02,-2.226791357161443316e-02,9.520870021440162867e-03,-2.689861179122632687e-02,-4.302668494782160846e-02,-6.545019130160484311e-02,-9.914087429998814927e-02,-2.014598266815843461e-02,-1.236065803644200017e-01,-7.111647678385159266e-02,-1.701262530059283740e-01,-8.783777033655197630e-02,-1.215345423828921440e-01,-7.621987343567013240e-02,-3.812991928107486300e-02,1.390435785833912981e-02,5.922807995439826473e-02,2.532448804548251969e-02,2.274506591298343025e-02,2.897529195427578017e-02,4.145804325287542891e-03,-2.319237276169089368e-02,-4.189826664692636315e-02,5.481922394268722715e-02,5.355422073829005716e-03,4.516161025298569276e-02
4.021157912853807193e-01,3.556131965352247737e-01,3.773897604419385043e-01,1.000000000000000000e+00,4.190767595937749390e-01,4.398836253821210573e-01,6.218792383132494273e-01,3.117040250175530658e-01,3.784982502068924837e-01,5.333485826005108787e-01,2.200348686709329427e-01,3.278593834853730238e-01,2.796005091097644724e-01,1.316152161679918497e-01,2.667531427301754743e-01,2.264788837200499838e-01,4.823329072228017128e-02,2.153306531557637737e-01,2.019144924815463871e-01,2.140339059865135618e-01,1.873539506025306833e-01,2.396482266448583531e-01,2.084876765236294005e-01,1.993066751712106455e-01,1.036486631724976709e-01,1.235970855873870511e-01,1.374543003411263786e-01,1.186855686525897929e-01,1.157728361077109414e-01,4.038345974521832110e-02,1.196222122524455284e-01,5.423626395862888444e-02,-1.044805170855698240e-01,2.961822172697588240e-02,-5.342949366434722458e-02,-1.620839832362009070e-01,-1.053332470634696788e-01,-1.271894320924518151e-01,-1.396871721673444422e-01,-2.457708672963510727e-02,-1.278292497857206125e-02,1.346606875798281484e-02,2.414370457907485251e-02,-3.199699149656389657e-02,-1.166499265655834838e-02,-7.706484470850996638e-02,-6.975221948081614110e-02,-3.195216403905988545e-02,-1.271852374975580569e-01,-6.194611464092653064e-02,-2.197896286153818712e-01,-8.795223538103631722e-02,-1.589967222082143139e-01,-1.106363083172682837e-01,2.187751923105702486e-03,4.844934539521199984e-02,8.591344513816150108e-02,7.442886367291906557e-02,4.558217781991028006e-02,8.459621001833300680e-02,4.332912991850946388e-02,-5.481146825071285533e-02,-7.215141679980074940e-02,9.251261967536446307e-02,5.430786235485277058e-03,8.681703963373275934e-02
2.633702441320357468e-01,4.011938312440758714e-01,5.028060781453590478e-01,4.190767595937749390e-01,1.000000000000000000e+00,3.950637855233913864e-01,3.839286258479731595e-01,4.845196420483805499e-01,2.413774418874005401e-01,2.875336935415464534e-01,1.708907054514298418e-01,1.396368716385571473e-01,6.478149618137442334e-02,1.458890564665132339e-01,1.157876664252792953e-01,8.874914483952607569e-02,1.929367836039943065e-02,6.774891699084496788e-02,7.538306190314945920e-02,8.914940259456088922e-02,1.307395926623356741e-01,1.436596529600293048e-01,1.319782948680980894e-01,9.589087495391307447e-02,6.763409779099680344e-03,5.617919693713849250e-02,7.630507968528925378e-02,2.209507234041163670e-02,8.847575516614597513e-02,2.107307909479430585e-02,4.120678968496549466e-02,7.005576035384000755e-02,-4.125377815939888088e-02,4.147044377314804131e-02,1.964785190267052603e-02,-1.350796113720924840e-01,-6.390724016802507013e-02,-9.524518425421620027e-02,-8.290861447402993190e-02,-9.888550259881523710e-03,-2.474541677387988303e-02,-2.879985664071618365e-02,1.434304424444910776e-02,-1.627549762818033055e-02,-3.668411177561663183e-02,-6.703781569896534454e-02,-1.240751655348437399e-01,-4.259681705818696429e-02,-1.403828364654165495e-01,-8.513047644707866235e-02,-1.722501251625046526e-01,-1.012682175788346822e-01,-1.201774873216886891e-01,-5.640848199206478786e-02,-1.483875137369827443e-02,1.853330344268625321e-02,5.150829999197347603e-02,3.740990021234544272e-02,3.648199157031960238e-02,4.229309437118313614e-02,1.681937644284659666e-02,-1.962979490276492434e-02,-8.100061933013173732e-02,4.081584723947666304e-02,-1.377170435609565823e-04,4.482522610305506028e-02
3.109156409892996353e-01,1.853079241751337536e-01,5.276568854657346375e-01,4.398836253821210573e-01,3.950637855233913864e-01,1.000000000000000000e+00,3.802100953076749112e-01,4.710564645163877184e-01,5.897002346350580515e-01,2.474115530106541783e-01,5.591444917432337319e-02,1.968721889423260263e-01,2.567439634767339565e-02,1.773039672834489378e-02,1.751221256508072310e-01,9.843201637570322959e-02,6.771841209584355745e-03,1.282349490699201400e-01,1.103971707204565028e-01,1.452830988533810319e-01,1.337332714799744637e-01,1.630881497548652137e-01,1.549242127739806629e-01,1.560871643890150151e-01,4.051125254616066290e-02,1.133612012926184520e-01,1.137151520540566063e-01,6.825233832418557689e-02,1.129227732163055331e-01,7.058898292386184270e-02,8.735464393613613654e-02,1.020494169290121211e-01,-6.727614626938493991e-02,-1.822151347713052080e-03,-7.528539558117644526e-02,-1.728137367624269505e-01,-1.035544363190408351e-01,-1.123660172232740784e-01,-1.008842135117602734e-01,1.039038771329186444e-03,-3.452353867601615223e-02,-1.602983272608075882e-02,2.600674120121262284e-02,-1.522050532374980003e-02,-1.403612181531794546e-02,-6.444329665460578338e-02,-6.260417564232029219e-02,5.310363524663243642e-03,-1.019761433028121833e-01,-4.586828578832661402e-02,-1.796077001491772629e-01,-4.719938492253058365e-02,-1.149031461217049216e-01,-8.652436208978893373e-02,-3.471378724914270242e-02,3.710900714229566771e-02,9.048244013311630696e-02,5.592040727597364508e-02,3.346229796867413592e-02,3.984250004120664518e-02,1.772251798518334823e-02,-3.368982865180469854e-02,-4.662840479406862165e-02,5.796563306741281396e-02,-6.761641357442466777e-03,2.401376812603434052e-02
3.210343307092327625e-01,2.994491737889704019e-01,3.434794557587095287e-01,6.218792383132494273e-01,3.839286258479731595e-01,3.802100953076749112e-01,1.000000000000000000e+00,4.096619751894310379e-01,4.665598620998394064e-01,7.637534418503723055e-01,3.182074239072893440e-01,4.580599596676793728e-01,3.206181294958266870e-01,1.897966097526070928e-01,3.501339193538774430e-01,2.769130002934229173e-01,8.076045034993796501e-02,2.496335356694365237e-01,2.184884124934011740e-01,2.230894530881721571e-01,2.086403095866798119e-01,2.445052093643986513e-01,2.100713240835804518e-01,1.810524838132950565e-01,8.132194563438191470e-02,9.819337763112462314e-02,1.315334297581436662e-01,1.090366802873068003e-01,9.358356525291081085e-02,2.414482792757708177e-02,9.150999416191241131e-02,4.213901255272573670e-02,-9.251599487089173790e-02,2.548173990961858856e-02,-2.106394670423805682e-02,-1.554219077846994146e-01,-5.077925578537013929e-02,-1.453166951010960994e-01,-1.313001881661977621e-01,-1.061610314735751508e-02,1.073207967451629075e-03,2.087618470663779591e-02,1.682517161364158187e-02,-4.431050671143276637e-02,-2.861933023100323922e-02,-1.069655114593408285e-01,-1.018625346510171892e-01,-5.259786808504498395e-02,-1.476211532938923321e-01,-7.939722353143408018e-02,-2.644993726147589208e-01,-1.235824762909852603e-01,-1.825404491712009081e-01,-1.117291162784413705e-01,1.876594400527372905e-02,7.129784472110191340e-02,1.068585035290164770e-01,8.496757462090455404e-02,6.475849667372526874e-02,1.126681103251976623e-01,6.766855605283206287e-02,-7.231415812692765233e-02,-9.678955691762504421e-02,9.840562939447564106e-02,8.818308230486382113e-03,1.072311299335467621e-01
2.235469397754525911e-01,2.324177946804651118e-01,3.757160681597739305e-01,3.117040250175530658e-01,4.845196420483805499e-01,4.710564645163877184e-01,4.096619751894310379e-01,1.000000000000000000e+00,4.357352212373563627e-01,2.342643638933804562e-01,2.361621191816576093e-01,9.753827458449659815e-02,-2.609716120879022883e-02,2.066858672099348704e-01,1.016715312265576154e-01,7.181104087653585044e-02,7.255390664338004503e-02,8.896952233915007835e-02,1.106448878124959984e-01,1.274552715678639592e-01,1.054108692348789816e-01,1.680641393005046225e-01,1.382605813854922427e-01,6.259046423441481932e-02,-1.350810319995692302e-03,1.014852817236470695e-01,4.344718267609436885e-02,4.287526231320372416e-02,9.947266889045207339e-02,3.268006815599299592e-02,3.432588153573898349e-02,8.779975978436714568e-02,-2.967780360896125902e-02,4.547512604293495880e-02,-1.228383455083110511e-02,-1.395710314952186282e-01,-7.949938983056593911e-02,-6.812637763463653962e-02,-1.254214299341204764e-01,-2.800144316942407979e-02,-5.142530920892128543e-02,-3.844351052960173071e-02,4.516988447778138432e-02,1.976463069855229158e-03,-2.208505635919215393e-02,-4.503907782370433766e-02,-8.342136342227104984e-02,-2.777250856577626395e-02,-1.119928087024694846e-01,-4.324090995383685077e-02,-1.750101954315816111e-01,-5.965791177796679612e-02,-9.712441972422494740e-02,-3.144486184577806320e-02,5.793023888212165719e-03,3.725920029402923772e-02,1.024497547733829866e-01,8.500370043640946560e-02,7.389870274057622201e-02,7.367572496743700350e-02,4.428016683129237102e-02,-1.406453095491823346e-02,-8.458371027934645514e-02,1.543639770178375191e-02,-5.096068409802972932e-02,9.690538067667965258e-03
2.685396238326305252e-01,1.600739240089718851e-01,3.911374213158576030e-01,3.784982502068924837e-01,2.413774418874005401e-01,5.897002346350580515e-01,4.665598620998394064e-01,4.357352212373563627e-01,1.000000000000000000e+00,3.610894189011437105e-01,8.004868854273530787e-02,3.603041456190647085e-01,6.101016579780230847e-02,4.118502049387441633e-03,3.117520631387019070e-01,1.352205046789498044e-01,3.949025000380256695e-03,1.659176995502022744e-01,1.354029890560454752e-01,1.647522021791283930e-01,1.459181956463290464e-01,1.623482471093266044e-01,1.611605681539213242e-01,1.505298706148833765e-01,1.899407180123901390e-02,1.219355404733904885e-01,1.085818954028696659e-01,8.961549914310293352e-02,8.204403601284668279e-02,4.737152630273386289e-02,5.190169818459126894e-02,6.765174870684720343e-02,-8.073818860206366521e-02,-4.050802945714272740e-02,-7.475909766063364159e-02,-1.463803753051116097e-01,-7.724897658632522146e-02,-1.159234218776617337e-01,-1.144467822879584457e-01,3.533205897976490761e-02,-9.355551468389072464e-03,3.449642179603911764e-03,4.925342855200651182e-02,7.575127347248575456e-03,1.352841613800621380e-02,-7.731768456751475505e-02,-4.599293048570641390e-02,4.482042618600829559e-02,-1.004161997514399496e-01,-6.093747896412272935e-02,-1.996865184601001320e-01,-6.219904604624851979e-02,-1.471579191986628621e-01,-1.262753302141097211e-01,-5.912629293434935179e-02,2.954648120665584118e-02,8.126243790927775712e-02,5.071777395048868153e-02,1.844858861113069654e-02,2.775458656084911144e-02,3.291898351636128595e-02,-2.636039492713197763e-02,-4.088039935254830781e-02,8.636528548126486127e-02,2.200539169138286330e-02,2.175621968906797307e-02
2.750971824994050685e-01,2.626323965941595451e-01,2.467544522782845473e-01,5.333485826005108787e-01,2.875336935415464534e-01,2.474115530106541783e-01,7.637534418503723055e-01,2.342643638933804562e-01,3.610894189011437105e-01,1.000000000000000000e+00,3.371005667280307372e-01,5.743065524880768269e-01,3.977315446849912228e-01,1.899089939014263206e-01,4.088592587533564915e-01,3.334136507143692918e-01,5.942637709224263265e-02,2.695099613793506821e-01,2.005089538038143659e-01,2.141232692825578987e-01,2.177721530634944003e-01,2.340443699959900148e-01,2.233555079544727318e-01,1.910034689793446983e-01,8.098730934258965841e-02,9.404402788149417158e-02,1.352954161318168369e-01,1.088721579868234118e-01,8.357089024678356071e-02,-5.839628106462423432e-03,9.397837489567936742e-02,1.689799836063585192e-02,-1.031018739570553483e-01,2.816606389654178685e-02,-1.117403229428344177e-02,-1.498735249244915746e-01,-4.772290260347478857e-02,-1.588074824998199353e-01,-1.284785808840410160e-01,-8.466617803314336124e-03,1.592324983517497128e-02,3.285960149884814552e-02,5.130910612556066445e-03,-4.764381566629188880e-02,-2.487334569949783969e-02,-1.201077766647362516e-01,-9.437709897397279779e-02,-4.025413140027005870e-02,-1.516795552229582011e-01,-9.569725770623524475e-02,-2.657558677645128764e-01,-1.351751754102432368e-01,-1.877969232587900494e-01,-1.201459425467937131e-01,1.144647448223869157e-02,7.968932136575435088e-02,1.001935605193496476e-01,9.108759035998768849e-02,7.959848133746698362e-02,1.161202176210605758e-01,8.630633985707322764e-02,-5.728556568790996173e-02,-9.108200526341096726e-02,9.680138509767900745e-02,1.107538076558256708e-02,9.606628956467594405e-02
1.515808163416577647e-01,1.568084341354483713e-01,1.209352338892335926e-01,2.200348686709329427e-01,1.708907054514298418e-01,5.591444917432337319e-02,3.182074239072893440e-01,2.361621191816576093e-01,8.004868854273530787e-02,3.371005667280307372e-01,1.000000000000000000e+00,4.609427354972712720e-01,4.303290770406852928e-01,6.833704557506167232e-01,4.136653301672643113e-01,4.256601849823173911e-01,1.900596398271199028e-01,3.050646603130096057e-01,1.730655427841472915e-01,2.246370207635267902e-01,1.571273661345126416e-01,1.723699981317385888e-01,1.916359539593112393e-01,1.156900531900382778e-01,1.463457219171968200e-02,1.070232350120100956e-01,7.704536341360423979e-02,6.361024000477601137e-02,5.200761805281037264e-02,-4.943376997381267179e-02,2.311005258328322973e-02,-1.596325903090824519e-02,-1.132127006198211244e-01,7.289681160404580355e-03,3.141651803927851538e-02,-1.396214005051128748e-01,-7.430580308239111142e-02,-1.381150578889003833e-01,-1.339068783085458070e-01,-2.226344393319435941e-02,4.694940429434386886e-02,1.952504056365674673e-02,1.763605088467578436e-02,-1.892332508029893889e-02,-4.491039214900665461e-02,-1.094031067477584107e-01,-1.076304479611138454e-01,-4.924239258875826725e-02,-1.463328015040678831e-01,-8.409029894816354156e-02,-2.484734738685648037e-01,-1.356843918527723403e-01,-1.429282386043064790e-01,-7.058295002102839277e-02,1.470704731003660490e-02,4.188440341115703958e-02,1.044219545258187193e-01,1.159010369736890450e-01,1.063144558943945883e-01,1.376250353591489117e-01,9.497970461546757781e-02,-3.080848866808734779e-02,-1.149939733419742399e-01,1.292856362186282047e-02,-6.680630275458257494e-02,-6.733062095906471728e-03
2.152087113130674301e-01,1.818467148078505846e-01,1.929212008233294751e-01,3.278593834853730238e-01,1.396368716385571473e-01,1.968721889423260263e-01,4.580599596676793728e-01,9.753827458449659815e-02,3.603041456190647085e-01,5.743065524880768269e-01,4.609427354972712720e-01,1.000000000000000000e+00,4.067901068736358150e-01,2.703188445374971605e-01,6.683808579380220438e-01,4.220623146002480119e-01,2.519101393609565406e-02,3.352594235881801721e-01,1.601216702897530486e-01,2.232043526452041626e-01,2.146455582410835561e-01,1.882328403359676827e-01,2.368441322310785579e-01,1.960637935605331617e-01,4.699124241814690156e-02,1.313753428568887605e-01,1.462361388717254573e-01,1.114082270839322347e-01,7.799517550792850473e-02,-1.967129459717128007e-02,8.662876936797626881e-02,-4.038506216424696607e-03,-1.479575109345916406e-01,-1.102371223633706425e-02,-2.480747630353187863e-02,-1.722037026451820885e-01,-6.913747176118958948e-02,-1.894192632427181000e-01,-1.263557092055445641e-01,-3.997405895690173822e-03,3.541327381912477007e-02,3.510033874201418796e-02,1.076249497763224691e-02,-2.820621190568223247e-02,-2.000583081559000401e-02,-1.383954847507999908e-01,-7.730987975179351435e-02,-2.006684030135289995e-03,-1.590039728189050205e-01,-1.205225409848987711e-01,-2.967626268869196782e-01,-1.155675579908647249e-01,-2.075420157633433849e-01,-1.771443624436877806e-01,-5.957203923897525649e-02,5.769039852420043690e-02,1.619629944223284768e-01,1.024359611938214093e-01,8.313320385885507313e-02,9.480892902853649273e-02,9.298731178659616625e-02,-2.844723002758441435e-02,-6.064271812264929867e-02,7.177332131361667533e-02,1.398722030526627740e-02,1.253212111052628757e-03
1.556342737731340464e-01,1.121238427195739851e-01,8.960545849050480238e-02,2.796005091097644724e-01,6.478149618137442334e-02,2.567439634767339565e-02,3.206181294958266870e-01,-2.609716120879022883e-02,6.101016579780230847e-02,3.977315446849912228e-01,4.303290770406852928e-01,4.067901068736358150e-01,1.000000000000000000e+00,3.829796177087107512e-01,4.046545247358511732e-01,5.964073649189017834e-01,1.663557949725878171e-01,4.397450815347571096e-01,2.301085511524241789e-01,2.939986110616470416e-01,2.492187123093896894e-01,1.939424643673320348e-01,2.367553531455457438e-01,2.063960842829030973e-01,2.440266320299538591e-02,1.026559593156453482e-01,1.351080471003201777e-01,9.806998324090550334e-02,8.523015590276099285e-02,9.542440986202329126e-03,8.589680628778645355e-02,-1.845860918914838181e-02,-7.603922588074719935e-02,1.963473153545638658e-02,1.525997878662006466e-02,-1.369154938092378149e-01,-3.035212194469341998e-02,-1.488138269726797525e-01,-1.286753366717432734e-01,7.815492686754505966e-03,1.588072249803088032e-02,4.760909400817875392e-02,2.668968652028600591e-02,-2.658782276861546001e-02,-5.065847599013108965e-02,-1.595253228630332254e-01,-1.030554599309460168e-01,-8.515130244275505300e-02,-1.777119986618806435e-01,-1.711146169913717596e-01,-2.311919425869254641e-01,-1.954263699400731191e-01,-2.282790495029067002e-01,-1.443450418151825676e-01,-5.190706523963741631e-02,2.011490241808158372e-02,7.391355400933836972e-02,7.337412453008290703e-02,7.750902016245415915e-02,1.190745799001223237e-01,1.036628939570153340e-01,-3.546566926551010523e-02,-4.082809202678133048e-02,1.084795908021453925e-01,1.301375046225468866e-02,8.181819174049762000e-02
1.046885357883231699e-01,1.207492542816809150e-01,9.013847454209505949e-02,1.316152161679918497e-01,1.458890564665132339e-01,1.773039672834489378e-02,1.897966097526070928e-01,2.066858672099348704e-01,4.118502049387441633e-03,1.899089939014263206e-01,6.833704557506167232e-01,2.703188445374971605e-01,3.829796177087107512e-01,1.000000000000000000e+00,3.447966911594200212e-01,4.252851625973004257e-01,2.922822946517182330e-01,2.997169444606892497e-01,1.548644161626801796e-01,2.210944912723228906e-01,1.625872984339198912e-01,1.490233878318127647e-01,1.861283289816277331e-01,9.607127484566990727e-02,-1.993871044664790020e-03,1.125297261110585617e-01,8.724089706086447793e-02,5.237760692515892880e-02,6.990555870468979915e-02,-3.180800337716495341e-02,3.815738594027619224e-02,-3.441442913055445772e-03,-6.426586478805967895e-02,4.964510431707239851e-02,2.858344736594654878e-02,-1.455024599865191726e-01,-5.622970817607857857e-02,-1.093903511762856356e-01,-1.110911321854445993e-01,-7.226335187533951265e-02,-8.439582883336712096e-03,-4.276158574319145061e-02,-2.475170642008083649e-02,-1.861597278919835396e-02,-7.572409113641623279e-02,-1.372088061763306055e-01,-1.468648127887251797e-01,-7.341157382128063458e-02,-1.912118376262346986e-01,-1.189020436376893586e-01,-2.370693273020833547e-01,-1.761518302057734631e-01,-1.583002576997809552e-01,-8.377978217224782420e-02,-8.448225999283008950e-03,9.248425555455346003e-03,6.683861651050664043e-02,8.204039777155483493e-02,7.453838105505157519e-02,1.008729551414304232e-01,8.539798155096776922e-02,-1.007388843275715783e-02,-8.860130774683587507e-02,7.564621339531157201e-03,-6.329350821714513353e-02,-7.002499721635818512e-03
1.809689298469168428e-01,1.342847767758586774e-01,1.664072738149983133e-01,2.667531427301754743e-01,1.157876664252792953e-01,1.751221256508072310e-01,3.501339193538774430e-01,1.016715312265576154e-01,3.117520631387019070e-01,4.088592587533564915e-01,4.136653301672643113e-01,6.683808579380220438e-01,4.046545247358511732e-01,3.447966911594200212e-01,1.000000000000000000e+00,3.735782198870797322e-01,7.686820417532527761e-02,2.905312754333013170e-01,1.456779485738045610e-01,1.916156188122840609e-01,1.969844218732830499e-01,1.359816312541245187e-01,2.117552097049011650e-01,1.656312066875340328e-01,2.028838633775607771e-03,1.082187032694911094e-01,1.515320677460708365e-01,9.102191580666482706e-02,5.896283361163891235e-02,-3.451616406599603004e-02,6.897007444974942447e-02,-2.631512430165614327e-02,-1.586523879381259994e-01,-1.869508073794534306e-02,-1.071718245445125832e-02,-1.636551392667940641e-01,-4.734221790809126779e-02,-1.794007561247051574e-01,-1.044036349534616659e-01,7.688346867279336437e-03,4.534184983525149648e-02,6.749933835917365510e-02,1.284898956159385291e-02,-5.625705737559594938e-03,2.805855543061508851e-03,-1.292335451159692672e-01,-5.153999418990874715e-02,3.204180834164743058e-02,-1.286472238945286506e-01,-1.148473002259678827e-01,-2.909629483692026675e-01,-1.207508506302392010e-01,-1.952254664006267681e-01,-1.542344348847273228e-01,-6.692305601808978821e-02,6.370928898288147346e-02,1.593997097446731015e-01,9.924889244811256617e-02,7.049802686115835826e-02,6.461289364973406280e-02,6.301747668630172661e-02,-1.548469457240743766e-02,-2.606067804691912515e-02,7.499011876260978926e-02,3.551925573502024563e-02,2.692952432622938708e-02
1.610340856098711193e-01,1.113068956520255476e-01,1.283388542167842594e-01,2.264788837200499838e-01,8.874914483952607569e-02,9.843201637570322959e-02,2.769130002934229173e-01,7.181104087653585044e-02,1.352205046789498044e-01,3.334136507143692918e-01,4.256601849823173911e-01,4.220623146002480119e-01,5.964073649189017834e-01,4.252851625973004257e-01,3.735782198870797322e-01,1.000000000000000000e+00,2.229380705268012575e-01,6.196113283732999077e-01,3.209354365993822844e-01,3.829162499770533690e-01,3.621704522489592182e-01,3.047961584901530685e-01,3.599588637340951913e-01,3.140423548222754935e-01,1.090285974176873757e-01,1.638768968658347869e-01,1.904077613902374622e-01,1.598233895344385314e-01,1.767458703364354344e-01,6.495044345678918640e-02,1.552571569608944824e-01,6.774400156550312857e-02,-9.642910951146595189e-02,3.498236772318632365e-02,-5.089242381360469664e-02,-2.289901474389561820e-01,-6.321214693922962147e-02,-2.120160698038462410e-01,-2.036999040575045994e-01,-7.363778987715914603e-02,-7.009933890569168546e-02,-2.618545348140742871e-02,-4.968997893408255012e-02,-9.247155128631705245e-02,-1.534341275522401737e-01,-2.602348030320354444e-01,-2.098379972991374631e-01,-1.201059377849257315e-01,-2.876651999031297757e-01,-1.985517089409395974e-01,-3.483041765572227333e-01,-2.719224835972753884e-01,-3.107667839734913340e-01,-1.918553168470293890e-01,-1.180643318900370664e-01,-5.061555509126153957e-02,7.580026950702686839e-02,4.970827439737178673e-03,1.174289192607304994e-01,9.772607043395990789e-02,1.008333996130952870e-01,-1.189411699727010129e-02,-3.727345274043801504e-02,9.815737236605698302e-02,1.909315887201249243e-02,4.322625280014820437e-02
6.138369325832605805e-02,3.088867373501421112e-02,3.305013411501780962e-02,4.823329072228017128e-02,1.929367836039943065e-02,6.771841209584355745e-03,8.076045034993796501e-02,7.255390664338004503e-02,3.949025000380256695e-03,5.942637709224263265e-02,1.900596398271199028e-01,2.519101393609565406e-02,1.663557949725878171e-01,2.922822946517182330e-01,7.686820417532527761e-02,2.229380705268012575e-01,1.000000000000000000e+00,3.433083942145102041e-01,5.114833115730677005e-01,4.057971970699132958e-01,1.061272277615332993e-01,3.431274668586984378e-01,2.125620473980608660e-01,6.715525831139838864e-02,1.265996569987199727e-01,1.737129599045308948e-01,4.536529249731605790e-02,1.611408008438335315e-01,5.238742200724423592e-02,-3.390551165492448893e-02,1.303467832280668648e-01,-6.074667173895199196e-02,-1.386058061477044856e-01,4.612947021535525327e-02,2.395555754853723532e-02,-1.307216492889441417e-01,-6.332906971717824907e-02,-1.811074828361106392e-01,-2.405946058821201994e-01,-1.456260154953398223e-01,-1.315031807581482637e-01,-1.899120020039880494e-02,-7.816460373189708377e-02,-5.874218621785839978e-02,-7.066680160868717142e-02,-2.135456327125816178e-01,-1.652663188208637612e-01,5.681174957237164307e-03,-2.107279518520339401e-01,5.089284874059044061e-02,-1.504020626736480848e-01,-9.215043863151566039e-02,-7.358044368637232935e-02,-3.728497798004230812e-02,4.102088589510732158e-02,1.148027046681662257e-02,-4.490492842082272062e-02,-1.421562596384191510e-03,-9.407199319462341766e-03,5.959494253133842262e-02,5.944919078218334485e-02,-1.474217931565849869e-02,-9.809924692551470760e-02,-5.133858153862391055e-02,-1.358990218591519528e-01,1.418160713516832113e-03
1.298185134840993404e-01,8.400643459397953705e-02,1.091963132940353826e-01,2.153306531557637737e-01,6.774891699084496788e-02,1.282349490699201400e-01,2.496335356694365237e-01,8.896952233915007835e-02,1.659176995502022744e-01,2.695099613793506821e-01,3.050646603130096057e-01,3.352594235881801721e-01,4.397450815347571096e-01,2.997169444606892497e-01,2.905312754333013170e-01,6.196113283732999077e-01,3.433083942145102041e-01,1.000000000000000000e+00,4.505289347250932552e-01,5.478587554610248045e-01,3.536128767987098964e-01,3.297946647989879465e-01,3.961787617747246082e-01,3.335858776894494171e-01,1.629491705802884050e-01,2.631351674034042576e-01,1.927215080269657488e-01,2.163637423034874829e-01,1.913824908170150552e-01,2.202057833240663245e-02,1.962717250836920890e-01,5.900973350561700831e-02,-1.737621500177806422e-01,8.009162411551713767e-02,-6.477955737978632889e-02,-2.951988711530332266e-01,-1.483774910854030182e-01,-2.506704980382149506e-01,-2.614901516581391028e-01,-1.449879755843957729e-01,-9.700681253752171940e-02,-4.409308536137344220e-02,-8.859194776307899311e-02,-7.337327893039327642e-02,-1.306487517813753607e-01,-2.888112696079876418e-01,-1.609123547052966896e-01,-1.328617929039394019e-01,-3.078399342138604111e-01,-2.042818872341995995e-01,-4.091297071918920114e-01,-2.410040276113101787e-01,-3.545361924228354611e-01,-2.561222416308400196e-01,-1.203934213320947688e-01,-4.812853587190211307e-02,8.755506504179667859e-02,3.250266675369722219e-02,1.152268332737754614e-01,1.349253935716253350e-01,1.292787054958773885e-01,-6.040299334209588145e-02,-6.982029222779212452e-02,1.501879942815771418e-01,-5.360072180895964454e-03,6.165542972820197559e-02
1.201091511913783688e-01,8.799239967467044343e-02,9.489500284773226546e-02,2.019144924815463871e-01,7.538306190314945920e-02,1.103971707204565028e-01,2.184884124934011740e-01,1.106448878124959984e-01,1.354029890560454752e-01,2.005089538038143659e-01,1.730655427841472915e-01,1.601216702897530486e-01,2.301085511524241789e-01,1.548644161626801796e-01,1.456779485738045610e-01,3.209354365993822844e-01,5.114833115730677005e-01,4.505289347250932552e-01,1.000000000000000000e+00,5.875677017258921220e-01,1.867934768336859952e-01,5.521661847401496681e-01,3.357786091060819267e-01,2.148782014022947995e-01,3.037895961846511228e-01,2.772138658548211620e-01,1.383229339972849026e-01,3.510398649532757709e-01,1.572249752644858112e-01,4.593435507796174433e-02,2.766282805433120662e-01,2.927748284120812450e-02,-2.466718829424092152e-01,3.846858976009933512e-02,-1.235017055364597827e-01,-2.066712790980661796e-01,-1.382132792561892032e-01,-3.004783324886093898e-01,-3.548375198624344473e-01,-2.059136851139174995e-01,-1.605288236977671368e-01,3.481908113193579041e-02,-1.138272276928407462e-01,-1.314123377932980563e-01,-9.589394238232126777e-02,-2.271153315932542549e-01,-1.437051397547183806e-01,-9.819622077861995570e-04,-2.066852524459246998e-01,8.503745915805181743e-02,-2.466755078310579885e-01,-3.162922916563627729e-02,-1.339006287139040685e-01,-7.602678174046462178e-02,-1.661622716253216905e-02,-4.204915070056479409e-02,-1.091918161682135791e-02,-4.239982556850991485e-02,2.932775761229635195e-02,6.869418969754385873e-02,6.554199815053135536e-02,-1.963879840583072217e-02,-9.839563159216380139e-02,3.978929522560940152e-02,-7.883207481570339570e-02,5.838868876214232256e-02
1.337382762396286395e-01,1.019432565835770577e-01,1.118709135599707388e-01,2.140339059865135618e-01,8.914940259456088922e-02,1.452830988533810319e-01,2.230894530881721571e-01,1.274552715678639592e-01,1.647522021791283930e-01,2.141232692825578987e-01,2.246370207635267902e-01,2.232043526452041626e-01,2.939986110616470416e-01,2.210944912723228906e-01,1.916156188122840609e-01,3.829162499770533690e-01,4.057971970699132958e-01,5.478587554610248045e-01,5.875677017258921220e-01,1.000000000000000000e+00,4.574725336887525140e-01,4.451681668386455182e-01,5.870082667257778830e-01,3.525307402611347896e-01,1.898694668271080355e-01,3.755920739853559898e-01,1.820663213502504152e-01,2.657920893218614355e-01,2.388906099380239956e-01,3.872186914842996180e-02,2.560710847257605116e-01,1.214838269186573616e-01,-1.844203742233965493e-01,1.229763370396008415e-01,-1.260643450132540866e-01,-3.073826604972205168e-01,-2.134537331019978612e-01,-3.067149133644586079e-01,-3.716712862711135101e-01,-2.297139782665363894e-01,-1.697019251309556664e-01,-3.583597923688038034e-02,-1.095631614626919603e-01,-1.200080840264076826e-01,-1.291043900980438086e-01,-2.833650279764816649e-01,-1.804453967026280470e-01,-9.419042487997755786e-02,-3.380733537234812403e-01,-2.009654055995490907e-01,-4.084727718936894680e-01,-2.445776001675382394e-01,-3.312742505561989126e-01,-2.040785510381618317e-01,-9.559218484727886878e-02,-4.295692273392871796e-02,1.483520634956670727e-02,3.409534279149050578e-02,3.919738970401804440e-02,9.057316937764266218e-02,1.168792470857541038e-01,-7.729494777945039932e-03,-9.696181055723039621e-02,1.152404276075465889e-01,-2.562269963895110955e-02,1.107576232721353866e-02
1.179123063656030562e-01,1.251380221520531633e-01,1.363163504155467387e-01,1.873539506025306833e-01,1.307395926623356741e-01,1.337332714799744637e-01,2.086403095866798119e-01,1.054108692348789816e-01,1.459181956463290464e-01,2.177721530634944003e-01,1.571273661345126416e-01,2.146455582410835561e-01,2.492187123093896894e-01,1.625872984339198912e-01,1.969844218732830499e-01,3.621704522489592182e-01,1.061272277615332993e-01,3.536128767987098964e-01,1.867934768336859952e-01,4.574725336887525140e-01,1.000000000000000000e+00,4.626653878529516373e-01,5.201424394866940304e-01,5.306623081487792382e-01,2.191170423866000139e-01,2.167220553017915052e-01,4.180736887879445973e-01,2.122640755872495233e-01,2.692177665513315055e-01,2.661064173062374638e-01,2.838413240180125419e-01,1.817667350075526378e-01,-2.851275663232522711e-02,8.017445049104533761e-02,-1.223553308995008332e-01,-3.045789953851528176e-01,-6.819937023811055432e-03,-2.352406901427898100e-01,-2.145109214087421168e-01,-7.855391629464675285e-02,-1.062140131806750959e-01,2.331545840068741104e-03,-1.852335248552546693e-02,-1.075818499783623705e-01,-2.167644377123337518e-01,-3.836063013062875893e-01,-3.855319660283663685e-01,-1.798801620065362539e-01,-5.109942345807269026e-01,-4.451230256574612021e-01,-4.581616459128332597e-01,-5.155887483548456940e-01,-3.980614866575268307e-01,-2.125051664950955155e-01,-8.583881347623074920e-02,4.647608828257586422e-02,5.759746759693373797e-02,2.249683273886733670e-02,1.364592299172723289e-01,1.168613298224047276e-01,1.613908287752423842e-01,-4.075543130319143198e-02,-6.740873918986305113e-02,2.155959913491149460e-01,1.132972377397095665e-01,1.234258710107299234e-01
1.610739429557896951e-01,1.424608782859911327e-01,1.588333300515218371e-01,2.396482266448583531e-01,1.436596529600293048e-01,1.630881497548652137e-01,2.445052093643986513e-01,1.680641393005046225e-01,1.623482471093266044e-01,2.340443699959900148e-01,1.723699981317385888e-01,1.882328403359676827e-01,1.939424643673320348e-01,1.490233878318127647e-01,1.359816312541245187e-01,3.047961584901530685e-01,3.431274668586984378e-01,3.297946647989879465e-01,5.521661847401496681e-01,4.451681668386455182e-01,4.626653878529516373e-01,1.000000000000000000e+00,3.819139284982054350e-01,3.008842391797073579e-01,3.713943508025500106e-01,2.486307541732143966e-01,2.890082022950043461e-01,3.615108073104735253e-01,1.638658193197683466e-01,1.191952972098591912e-01,3.140948816903855745e-01,-1.566478750137016013e-02,-3.108852390286899192e-01,-4.297810671470112670e-02,-1.057389138549114510e-01,-2.525637314596904104e-01,-1.199867662108505401e-01,-4.110452410445212812e-01,-4.109076890448423725e-01,-1.130179606945010268e-01,-8.974477542517385331e-02,1.375928333869125275e-01,1.589557676217233026e-02,-7.767402213576221626e-02,-6.092415978040574553e-02,-2.817449006001243039e-01,-3.306923500016277218e-01,7.659164441775288823e-02,-3.656886919746294429e-01,6.621271905815480363e-02,-3.378347503706248256e-01,-1.341596854002757855e-01,-1.708686735686232028e-01,-6.685683318858175184e-02,5.264716447332726951e-02,7.206147232480693277e-02,5.651391639657270261e-02,6.719444889434464385e-02,1.261412977766320775e-01,1.402125053670708610e-01,1.470329274604678105e-01,-6.650156405177774788e-02,-1.876694171769226760e-01,-3.311445775450280044e-03,-1.250438501495139687e-01,1.762539705117750419e-02
1.371710640947826909e-01,1.201440965571740627e-01,1.436591170875488321e-01,2.084876765236294005e-01,1.319782948680980894e-01,1.549242127739806629e-01,2.100713240835804518e-01,1.382605813854922427e-01,1.611605681539213242e-01,2.233555079544727318e-01,1.916359539593112393e-01,2.368441322310785579e-01,2.367553531455457438e-01,1.861283289816277331e-01,2.117552097049011650e-01,3.599588637340951913e-01,2.125620473980608660e-01,3.961787617747246082e-01,3.357786091060819267e-01,5.870082667257778830e-01,5.201424394866940304e-01,3.819139284982054350e-01,1.000000000000000000e+00,5.413821630854832589e-01,9.873599554565044845e-02,3.833258630601879546e-01,2.486584925980592220e-01,1.922114916211569158e-01,3.601543621588283450e-01,4.733616832087390869e-02,2.756706126841779181e-01,2.472355618201762806e-01,-1.997842124692342236e-01,1.783509183755989103e-01,-1.924592712204779843e-01,-4.419368568103269057e-01,-3.263588094191249844e-01,-3.588606872231107081e-01,-3.857142137018194084e-01,-1.928235241874993178e-01,-1.911146132397553432e-01,-9.835368302330294021e-02,-7.276713103568020757e-02,-1.034453232399042688e-01,-1.140937361299344532e-01,-3.388082682563444137e-01,-1.976135171495494169e-01,-3.122789712968264755e-02,-3.512304109020120135e-01,-3.378260563447320064e-01,-4.159073439845302755e-01,-3.034700432088922595e-01,-3.962979660728692677e-01,-2.278720339090682667e-01,-1.729747337939218088e-01,-3.436551431915208649e-02,1.902928872402529642e-02,1.528488350860971248e-02,4.421543616000446486e-02,5.641651668998497876e-02,1.334334656612932990e-01,6.225235353508705438e-02,-2.701352981521510516e-02,1.476915563522216424e-01,6.856571255598718773e-02,-1.078030331731735271e-02
